OBJECT TEFF E_TEFF LOGG E_LOGG FEH E_FEH LI1 E_LI1 "AGE (Gyr)" GES_FLD
05231288+0146501 4087.54 65.03 4.72 0.08 0.12 0.02 -1.00 0.00 0.013 25_Ori
05231610+0130158 4092.46 64.47 4.73 0.07 -0.20 0.02 0.24 0.13 0.013 25_Ori
05233008+0147016 4234.17 69.8 4.75 0.09 0.00 0.05 0.31 0.15 0.013 25_Ori
05234251+0135589 4074.76 64.44 4.70 0.08 -0.07 0.03 -0.15 0.22 0.013 25_Ori
05234381+0132508 3863.95 59 1.03 0.05 -0.36 0.02 0.07 0.11 0.013 25_Ori
05234689+0143577 3893.88 59.25 4.75 0.06 0.11 0.02 0.11 0.20 0.013 25_Ori
05241035+0155024 4680 82 2.59 0.17 -0.06 0.05 -0.59 0.46 0.013 25_Ori
05241244+0143244 4524 30 2.11 0.06 -0.40 0.05 -0.28 0.13 0.013 25_Ori
05241448+0151479 6302 33 4.03 0.05 0.08 0.05 1.44 0.00 0.013 25_Ori
05241931+0134113 6181 32 4.04 0.05 0.19 0.05 1.05 0.00 0.013 25_Ori
05242422+0141333 7289 96 4.18 0.11 -0.02 0.07 3.26 0.06 0.013 25_Ori
05243891+0154066 6185 81 4.20 0.09 0.02 0.05 3.40 0.07 0.013 25_Ori
05245551+0150310 4863 30 3.35 0.05 0.03 0.05 0.07 0.00 0.013 25_Ori
05250126+0155385 5947 82 4.13 0.09 0.02 0.05 3.33 0.07 0.013 25_Ori
05251031+0145037 4504.61 75.76 4.73 0.09 0.04 0.05 -0.32 0.39 0.013 25_Ori
05251050+0135592 4838 56 4.50 0.10 -0.21 0.12 3.57 0.09 0.013 25_Ori
05261077+0053464 3812.22 57.47 4.64 0.07 -0.30 0.05 0.16 0.16 0.013 25_Ori
05261502+0056289 3891.76 60.02 4.58 0.08 0.09 0.04 3.20 0.05 0.013 25_Ori
05263008+0110267 4685 84 2.48 0.17 -0.10 0.04 -0.37 0.49 0.013 25_Ori
05264103+0055039 4018.12 62.71 4.62 0.07 0.03 0.02 0.17 0.16 0.013 25_Ori
05253957+0142537 3965.75 98.14 3.45 0.32 -0.30 0.31 2.38 0.18 0.013 25_Ori
05260292+0149026 4084.85 64.81 4.73 0.08 0.26 0.02 -0.37 0.52 0.013 25_Ori
05264418+0133175 4531 93 4.62 0.10 0.01 0.07 0.28 0.28 0.013 25_Ori
05265441+0144273 3894.27 60.07 4.74 0.08 -0.06 0.05 0.23 0.15 0.013 25_Ori
05240195+0150046 3963.6 71.13 4.73 0.14 -0.53 0.18 0.57 0.15 0.013 25_Ori
05240797+0130070 3835.16 58.2 4.69 0.07 -0.01 0.04 0.24 0.15 0.013 25_Ori
05253146+0132086 5337 83 4.68 0.15 -0.28 0.07 0.98 0.32 0.013 25_Ori
05240763+0123484 4560.25 77.04 4.69 0.09 0.08 0.04 0.04 0.18 0.013 25_Ori
05241031+0127134 4869 28 2.39 0.06 -0.49 0.05 -0.29 0.00 0.013 25_Ori
05241778+0124412 6303 84 4.24 0.09 0.13 0.05 3.42 0.07 0.013 25_Ori
05242648+0126492 5966 79 4.15 0.08 0.06 0.05 3.51 0.07 0.013 25_Ori
05244337+0115406 4675 31 4.54 0.05 0.05 0.05 -0.17 0.10 0.013 25_Ori
05250017+0138298 6948 83 4.11 0.08 -0.02 0.05 2.47 0.10 0.013 25_Ori
05250789+0131161 4802 30 2.54 0.05 -0.40 0.05 -0.18 0.00 0.013 25_Ori
05232354+0142447 6246 33 3.82 0.05 -0.23 0.05 2.47 0.03 0.013 25_Ori
05233297+0135176 6568 39 4.06 0.07 -0.07 0.05 3.32 0.03 0.013 25_Ori
05254040+0059407 4840 31 2.59 0.05 -0.22 0.05 0.25 0.10 0.013 25_Ori
05255082+0133285 5562 27 3.94 0.05 -0.13 0.05 0.61 0.00 0.013 25_Ori
05261037+0059580 4492 31 2.34 0.05 0.16 0.05 -0.20 0.00 0.013 25_Ori
05261298+0052310 6553 59 3.88 0.09 0.11 0.11 1.36 0.00 0.013 25_Ori
05261991+0147143 6048 59 4.29 0.10 0.04 0.11 3.41 0.05 0.013 25_Ori
05262413+0103511 6783 62 3.88 0.10 0.03 0.12 1.37 0.00 0.013 25_Ori
05263084+0052482 5116 56 4.46 0.09 -0.12 0.12 2.02 0.07 0.013 25_Ori
05263529+0139049 5748 31 4.29 0.05 0.39 0.05 2.02 0.03 0.013 25_Ori
05264059+0100251 4874 31 2.53 0.05 -0.35 0.05 0.28 0.00 0.013 25_Ori
05264349+0143538 5054 55 4.49 0.10 0.02 0.12 3.76 0.08 0.013 25_Ori
