recno Teff e_Teff ALi e_ALi Age pe_Age ne_Age
1 3202.6 50.5 3.39 0.18 19.0e+006 1.5e+006 -7.0e+006 
2 3333.4 48.9 -1.0 0 19.0e+006 1.5e+006 -7.0e+006 
3 3320.0 48.5 2.73 0.08 19.0e+006 1.5e+006 -7.0e+006 
4 4157.5 66.0 3.04 0.05 19.0e+006 1.5e+006 -7.0e+006 
5 3453.8 49.8 2.4 0.05 19.0e+006 1.5e+006 -7.0e+006 
6 3215.8 48.4 2.82 0.07 19.0e+006 1.5e+006 -7.0e+006 
7 3620.8 53.0 2.5 0.05 19.0e+006 1.5e+006 -7.0e+006 
8 3270.1 47.1 1.5 0.09 19.0e+006 1.5e+006 -7.0e+006 
9 3032.3 57.0 3.72 0.15 19.0e+006 1.5e+006 -7.0e+006 
10 3154.4 44.6 2.41 0.08 19.0e+006 1.5e+006 -7.0e+006 
11 3228.5 47.0 2.85 0.12 19.0e+006 1.5e+006 -7.0e+006 
12 3381.4 49.3 -0.95 0.28 19.0e+006 1.5e+006 -7.0e+006 
13 4026.0 62.8 3.15 0.04 19.0e+006 1.5e+006 -7.0e+006 
14 3885.7 59.3 3.04 0.03 19.0e+006 1.5e+006 -7.0e+006 
15 3792.7 56.9 2.78 0.03 19.0e+006 1.5e+006 -7.0e+006 
16 3534.4 51.2 1.58 0.1 19.0e+006 1.5e+006 -7.0e+006 
17 3331.0 48.1 0.93 0.09 19.0e+006 1.5e+006 -7.0e+006 
18 3293.3 47.7 -1.0 0 19.0e+006 1.5e+006 -7.0e+006 
19 3119.6 43.9 3.16 0.07 19.0e+006 1.5e+006 -7.0e+006 
20 3126.7 45.1 3.03 0.2 19.0e+006 1.5e+006 -7.0e+006 
21 3217.9 45.4 1.62 0.08 19.0e+006 1.5e+006 -7.0e+006 
22 3533.8 51.2 2.02 0.09 19.0e+006 1.5e+006 -7.0e+006 
23 3397.8 50.1 -0.96 0.29 19.0e+006 1.5e+006 -7.0e+006 
24 3656.8 53.7 3.11 0.11 19.0e+006 1.5e+006 -7.0e+006 
25 3295.6 47.0 2.17 0.09 19.0e+006 1.5e+006 -7.0e+006 
26 3669.8 54.1 2.72 0.03 19.0e+006 1.5e+006 -7.0e+006 
27 3695.8 54.7 2.67 0.03 19.0e+006 1.5e+006 -7.0e+006 
28 3179.2 44.2 2.68 0.09 19.0e+006 1.5e+006 -7.0e+006 
29 3425.3 50.1 0.72 0.09 19.0e+006 1.5e+006 -7.0e+006 
30 3263.2 46.4 0.94 0.06 19.0e+006 1.5e+006 -7.0e+006 
31 3473.7 50.0 1.65 0.09 19.0e+006 1.5e+006 -7.0e+006 
32 3707.5 54.9 2.21 0.06 19.0e+006 1.5e+006 -7.0e+006 
34 3923.8 60.4 2.85 0.04 19.0e+006 1.5e+006 -7.0e+006 
35 3104.4 51.8 2.12 0.16 19.0e+006 1.5e+006 -7.0e+006 
36 3312.9 47.4 -0.81 0.32 19.0e+006 1.5e+006 -7.0e+006 
37 4530.0 94.0 3.16 0.13 19.0e+006 1.5e+006 -7.0e+006 
38 3170.6 44.9 2.78 0.12 19.0e+006 1.5e+006 -7.0e+006 
40 3640.1 53.4 1.87 0.07 19.0e+006 1.5e+006 -7.0e+006 
41 3216.8 45.8 2.43 0.07 19.0e+006 1.5e+006 -7.0e+006 
42 3146.4 45.3 2.51 0.14 19.0e+006 1.5e+006 -7.0e+006 
43 3364.2 48.1 0.43 0.1 19.0e+006 1.5e+006 -7.0e+006 
44 3136.3 44.4 2.61 0.13 19.0e+006 1.5e+006 -7.0e+006 
45 3607.8 52.8 2.32 0.06 19.0e+006 1.5e+006 -7.0e+006 
46 3801.7 57.2 2.91 0.03 19.0e+006 1.5e+006 -7.0e+006 
47 3391.6 49.2 0.4 0.1 19.0e+006 1.5e+006 -7.0e+006 
48 3316.2 51.4 1.91 0.14 19.0e+006 1.5e+006 -7.0e+006 
49 5966.0 79.0 3.51 0.07 19.0e+006 1.5e+006 -7.0e+006 
50 3525.2 51.1 1.03 0.08 19.0e+006 1.5e+006 -7.0e+006 
51 4397.5 75.1 3.24 0.1 19.0e+006 1.5e+006 -7.0e+006 
52 3119.8 43.5 2.91 0.07 19.0e+006 1.5e+006 -7.0e+006 
53 3398.7 49.4 2.44 0.07 19.0e+006 1.5e+006 -7.0e+006 
54 3172.7 46.0 2.65 0.07 19.0e+006 1.5e+006 -7.0e+006 
55 3187.6 47.0 2.61 0.14 19.0e+006 1.5e+006 -7.0e+006 
56 3370.0 49.8 0.17 0.11 19.0e+006 1.5e+006 -7.0e+006 
57 3346.5 47.8 1.31 0.07 19.0e+006 1.5e+006 -7.0e+006 
58 3331.4 48.2 -1.0 0 19.0e+006 1.5e+006 -7.0e+006 
59 3925.9 60.5 2.97 0.04 19.0e+006 1.5e+006 -7.0e+006 
60 4096.0 85.2 3.29 0.16 19.0e+006 1.5e+006 -7.0e+006 
61 3181.1 46.5 2.94 0.07 19.0e+006 1.5e+006 -7.0e+006 
62 5574.0 95.0 3.71 0.1 19.0e+006 1.5e+006 -7.0e+006 
63 3595.7 52.4 2.68 0.04 19.0e+006 1.5e+006 -7.0e+006 
64 3645.4 53.7 2.86 0.03 19.0e+006 1.5e+006 -7.0e+006 
65 3178.4 45.7 2.69 0.07 19.0e+006 1.5e+006 -7.0e+006 
66 3094.6 42.4 2.78 0.06 19.0e+006 1.5e+006 -7.0e+006 
67 3336.0 48.9 -1.0 0 19.0e+006 1.5e+006 -7.0e+006 
68 3368.6 50.6 0.54 0.11 19.0e+006 1.5e+006 -7.0e+006 
69 3071.1 43.3 3.02 0.06 19.0e+006 1.5e+006 -7.0e+006 
70 4417.0 72.0 3.16 0.1 19.0e+006 1.5e+006 -7.0e+006 
71 4306.7 71.1 3.03 0.07 19.0e+006 1.5e+006 -7.0e+006 
72 3313.5 47.9 -1.0 0 19.0e+006 1.5e+006 -7.0e+006 
73 3758.2 56.2 2.21 0.06 19.0e+006 1.5e+006 -7.0e+006 
74 3881.5 59.0 3.32 0.05 19.0e+006 1.5e+006 -7.0e+006 
75 3155.0 50.2 3.02 0.26 19.0e+006 1.5e+006 -7.0e+006 
76 3201.8 45.9 2.83 0.06 19.0e+006 1.5e+006 -7.0e+006 
77 3350.9 48.8 2.13 0.11 19.0e+006 1.5e+006 -7.0e+006 
78 3326.7 49.0 2.08 0.1 19.0e+006 1.5e+006 -7.0e+006 
79 3412.5 48.7 3.14 0.05 19.0e+006 1.5e+006 -7.0e+006 
80 3556.5 51.4 2.53 0.06 19.0e+006 1.5e+006 -7.0e+006 
81 3524.6 51.2 1.5 0.08 19.0e+006 1.5e+006 -7.0e+006 
83 3311.3 47.0 2.22 0.07 19.0e+006 1.5e+006 -7.0e+006 
84 3839.8 58.3 3.06 0.04 19.0e+006 1.5e+006 -7.0e+006 
85 3493.5 50.2 3.08 0.12 19.0e+006 1.5e+006 -7.0e+006 
86 4396.1 73.3 3.15 0.1 19.0e+006 1.5e+006 -7.0e+006 
87 3169.3 47.6 2.65 0.16 19.0e+006 1.5e+006 -7.0e+006 
88 3838.6 58.2 2.83 0.05 19.0e+006 1.5e+006 -7.0e+006 
89 3333.4 49.4 -1.0 0 19.0e+006 1.5e+006 -7.0e+006 
90 3172.9 46.5 2.82 0.14 19.0e+006 1.5e+006 -7.0e+006 
91 4754.0 95.0 3.43 0.15 19.0e+006 1.5e+006 -7.0e+006 
92 3193.8 49.8 2.51 0.17 19.0e+006 1.5e+006 -7.0e+006 
93 3252.3 48.9 2.24 0.09 19.0e+006 1.5e+006 -7.0e+006 
94 3751.1 56.1 2.79 0.03 19.0e+006 1.5e+006 -7.0e+006 
95 3251.8 46.6 2.56 0.07 19.0e+006 1.5e+006 -7.0e+006 
97 4462.2 75.5 3.23 0.1 19.0e+006 1.5e+006 -7.0e+006 
98 3555.9 51.6 1.81 0.07 19.0e+006 1.5e+006 -7.0e+006 
99 3279.8 48.1 0.52 0.12 19.0e+006 1.5e+006 -7.0e+006 
100 3441.4 50.5 1.15 0.1 19.0e+006 1.5e+006 -7.0e+006 
101 3915.1 60.2 2.53 0.05 19.0e+006 1.5e+006 -7.0e+006 
102 3965.8 98.1 2.38 0.18 19.0e+006 1.5e+006 -7.0e+006 
103 3162.7 44.7 2.92 0.06 19.0e+006 1.5e+006 -7.0e+006 
104 3170.5 46.9 2.67 0.08 19.0e+006 1.5e+006 -7.0e+006 
105 3298.3 48.0 2.76 0.08 19.0e+006 1.5e+006 -7.0e+006 
106 3087.3 44.8 4.01 0.38 19.0e+006 1.5e+006 -7.0e+006 
107 3377.9 49.1 2.88 0.06 19.0e+006 1.5e+006 -7.0e+006 
109 3716.8 55.1 2.82 0.02 19.0e+006 1.5e+006 -7.0e+006 
110 3332.6 48.9 0.1 0.11 19.0e+006 1.5e+006 -7.0e+006 
111 3195.0 46.1 2.98 0.07 19.0e+006 1.5e+006 -7.0e+006 
112 3304.0 49.5 1.92 0.11 19.0e+006 1.5e+006 -7.0e+006 
113 3343.3 49.2 1.55 0.09 19.0e+006 1.5e+006 -7.0e+006 
114 3369.3 49.5 0.54 0.1 19.0e+006 1.5e+006 -7.0e+006 
115 3101.3 43.1 2.67 0.15 19.0e+006 1.5e+006 -7.0e+006 
116 3709.9 55.1 2.57 0.04 19.0e+006 1.5e+006 -7.0e+006 
117 3721.2 55.3 2.97 0.02 19.0e+006 1.5e+006 -7.0e+006 
118 3332.4 48.5 0.92 0.09 19.0e+006 1.5e+006 -7.0e+006 
119 3346.9 48.4 0.37 0.11 19.0e+006 1.5e+006 -7.0e+006 
120 3422.3 49.1 0.51 0.09 19.0e+006 1.5e+006 -7.0e+006 
121 3510.9 50.7 2.23 0.06 19.0e+006 1.5e+006 -7.0e+006 
122 3536.0 51.1 1.95 0.08 19.0e+006 1.5e+006 -7.0e+006 
123 3175.2 46.4 2.7 0.14 19.0e+006 1.5e+006 -7.0e+006 
124 4033.4 63.4 3.29 0.04 19.0e+006 1.5e+006 -7.0e+006 
126 3765.4 56.3 3.16 0.02 19.0e+006 1.5e+006 -7.0e+006 
127 3316.6 48.6 2.77 0.08 19.0e+006 1.5e+006 -7.0e+006 
128 3359.8 49.6 0.14 0.12 19.0e+006 1.5e+006 -7.0e+006 
129 3155.0 50.2 2.75 0.24 19.0e+006 1.5e+006 -7.0e+006 
130 3609.1 52.9 2.54 0.05 19.0e+006 1.5e+006 -7.0e+006 
131 5054.0 55.0 3.76 0.08 19.0e+006 1.5e+006 -7.0e+006 
132 3167.6 52.0 3.37 0.24 19.0e+006 1.5e+006 -7.0e+006 
134 3670.9 54.0 2.16 0.06 19.0e+006 1.5e+006 -7.0e+006 
135 3193.5 45.8 2.81 0.11 19.0e+006 1.5e+006 -7.0e+006 
136 3140.4 45.8 2.82 0.17 19.0e+006 1.5e+006 -7.0e+006 
137 3683.2 54.4 3.07 0.02 19.0e+006 1.5e+006 -7.0e+006 
