08472902-4128310 6797 82 4.24 0.09 0.11 0.06 3.28 0.06 0.011 Assc50
08475236-4121216 6815 83 4.12 0.10 -0.03 0.06 3.29 0.06 0.011 Assc50
08475868-4134366 4671 81 4.77 0.16 -0.15 0.06 0.41 0.00 0.011 Assc50
08482282-4134380 6103 84 4.27 0.08 0.14 0.05 0.62 0.99 0.011 Assc50
08484529-4131584 4507 84 4.71 0.11 0.02 0.05 0.20 0.19 0.011 Assc50
08484960-4119570 6297 83 3.98 0.08 -0.12 0.05 2.02 0.08 0.011 Assc50
08485362-4136426 5526 38 3.15 0.10 -0.75 0.05 2.01 0.04 0.011 Assc50
08485812-4126148 6312 83 4.11 0.09 0.19 0.05 2.85 0.06 0.011 Assc50
08485861-4134207 4572.5 85.69 4.58 0.13 0.08 0.06 0.10 0.38 0.011 Assc50
08474677-4130408 6903 94 4.18 0.13 0.00 0.07 3.02 0.00 0.011 Assc50
08474866-4133581 5707 85 4.17 0.26 -0.11 0.10 2.71 0.11 0.011 Assc50
08475822-4132222 6377 86 4.01 0.22 -0.13 0.09 3.07 0.09 0.011 Assc50
08481471-4133056 5880 95 3.93 0.50 -0.27 0.16 2.57 0.15 0.011 Assc50
08481495-4134560 4586.51 115.29 2.61 0.30 -0.06 0.08 0.61 0.00 0.011 Assc50
08482169-4129007 6517 98 4.32 0.25 0.06 0.09 2.50 0.00 0.011 Assc50
08482808-4122504 6251 97 3.37 0.49 -0.48 0.20 2.98 0.15 0.011 Assc50
08483885-4131542 6211 83 4.04 0.24 -0.26 0.13 2.46 0.17 0.011 Assc50
08484234-4141336 4866 82 2.75 0.26 -0.01 0.09 0.54 0.95 0.011 Assc50
08484483-4118058 6061 96 3.20 0.46 -0.61 0.19 2.63 0.15 0.011 Assc50
08484810-4123122 3845.54 59.37 4.80 0.09 -0.05 0.08 0.29 0.15 0.011 Assc50
08484912-4127515 6174 83 4.18 0.15 -0.03 0.08 2.90 0.08 0.011 Assc50
08485559-4123448 4113.71 145.53 1.99 0.66 -0.42 0.20 1.39 0.28 0.011 Assc50
08490673-4129567 6101 81 4.26 0.22 -0.17 0.11 2.68 0.10 0.011 Assc50
08491002-4119069 4476.76 240.6 1.85 0.90 -0.69 0.28 0.31 0.00 0.011 Assc50
08491339-4137472 4595 94 2.50 0.54 0.16 0.13 0.88 0.00 0.011 Assc50
08491653-4135525 3941.28 103.05 1.08 0.22 -0.16 0.16 -1.00 0.00 0.011 Assc50
08491829-4118077 4552 95 2.25 0.70 0.08 0.18 0.94 0.00 0.011 Assc50
08492034-4124017 4589 97 2.48 0.67 -0.05 0.16 0.51 0.00 0.011 Assc50
08492247-4135059 4944 96 4.25 0.65 -0.01 0.14 1.17 0.00 0.011 Assc50
08492524-4126277 6355 83 4.01 0.12 0.02 0.06 3.12 0.07 0.011 Assc50
08492922-4122036 4149.34 81.62 4.68 0.15 0.25 0.07 0.53 0.17 0.011 Assc50
08493428-4138036 4677 84 2.55 0.29 -0.08 0.11 0.72 0.30 0.011 Assc50
08493782-4122439 5200 96 2.88 0.56 0.19 0.14 1.61 0.00 0.011 Assc50
08493853-4127411 6062 96 4.25 0.70 -0.53 0.27 2.28 0.00 0.011 Assc50
08494122-4136126 4865 96 3.52 0.64 0.24 0.13 1.49 0.19 0.011 Assc50
08494170-4124534 4688 95 2.88 0.73 0.12 0.17 1.01 0.00 0.011 Assc50
08474189-4128434 4569 82 2.42 0.28 0.02 0.11 1.11 0.15 0.011 Assc50
08475848-4120545 4955 81 2.86 0.22 0.01 0.05 1.00 0.00 0.011 Assc50
08481172-4129412 4473.57 144.14 2.41 0.32 0.22 0.10 0.68 0.00 0.011 Assc50
08481322-4126098 4593 82 2.53 0.31 -0.25 0.13 1.02 0.18 0.011 Assc50
08481731-4137202 4582.58 130.37 2.39 0.32 -0.31 0.11 0.15 0.77 0.011 Assc50
08481920-4137338 4857 83 3.47 0.47 -0.25 0.13 1.16 0.22 0.011 Assc50
08482077-4119158 4726 81 2.68 0.23 -0.08 0.08 0.64 0.32 0.011 Assc50
08482701-4139389 6272 81 4.16 0.17 0.14 0.07 2.14 0.33 0.011 Assc50
08483069-4133117 4783 83 2.75 0.34 -0.04 0.11 1.12 0.00 0.011 Assc50
08483416-4126397 4461.44 114.02 2.56 0.25 0.02 0.09 0.77 0.21 0.011 Assc50
08484170-4135316 4866 96 2.69 0.56 0.06 0.13 0.79 1.07 0.011 Assc50
08484552-4126459 4907 81 2.81 0.16 0.06 0.07 0.73 0.27 0.011 Assc50
08484788-4126478 5403 94 2.63 0.61 -1.19 0.26 1.89 0.17 0.011 Assc50
08484792-4140342 4730 84 2.72 0.19 -0.03 0.08 0.21 0.78 0.011 Assc50
08485108-4117345 4460.17 139.7 2.59 0.29 -0.19 0.13 0.60 0.29 0.011 Assc50
08485123-4140169 4235.2 76.96 4.64 0.12 -0.04 0.06 -0.77 0.51 0.011 Assc50
08490061-4127367 6362 86 4.18 0.14 0.12 0.07 2.75 0.09 0.011 Assc50
08490227-4129595 5346 94 2.79 0.83 -0.59 0.28 1.72 0.00 0.011 Assc50
08490507-4128126 4583 80 2.61 0.20 -0.04 0.08 0.10 0.43 0.011 Assc50
08490910-4123360 4396.55 174.01 1.78 0.63 -0.38 0.19 0.78 0.32 0.011 Assc50
08490978-4120135 5736 80 4.32 0.15 -0.03 0.07 1.34 0.33 0.011 Assc50
08491099-4119355 4957 93 3.69 0.64 0.06 0.14 0.91 0.00 0.011 Assc50
08491761-4122318 4757 98 2.63 0.63 -0.09 0.15 1.04 0.27 0.011 Assc50
08491936-4138432 4859 91 3.18 0.68 -0.26 0.17 1.06 0.34 0.011 Assc50
08492165-4137295 4570.09 157.01 2.89 0.50 -0.37 0.13 0.92 0.29 0.011 Assc50
08492281-4121551 4568 82 2.38 0.17 -0.13 0.08 0.65 0.00 0.011 Assc50
08492449-4134345 4621 82 2.59 0.39 -0.15 0.12 0.57 0.30 0.011 Assc50
08493505-4121435 4592.92 198.46 2.30 0.56 0.11 0.14 1.05 0.00 0.011 Assc50
08494094-4133035 4847 83 3.25 0.40 -0.19 0.10 0.54 0.00 0.011 Assc50
08494975-4125193 4445.95 84.43 2.58 0.17 0.12 0.07 -0.38 0.52 0.011 Assc50
08495089-4137116 6177 82 4.23 0.08 0.00 0.06 2.35 0.07 0.011 Assc50
08495345-4131242 6588 83 4.10 0.08 0.10 0.04 1.76 0.14 0.011 Assc50
08501202-4136276 6924 85 4.07 0.13 -0.18 0.08 2.89 0.08 0.011 Assc50
08501210-4134194 5675 83 4.27 0.13 0.15 0.05 2.59 0.09 0.011 Assc50
08501274-4119449 5158 80 4.62 0.13 -0.01 0.07 0.84 0.22 0.011 Assc50
08501399-4129240 6641 85 4.12 0.08 -0.13 0.05 2.22 0.07 0.011 Assc50
08502440-4118306 6438 83 4.03 0.10 -0.03 0.05 3.12 0.06 0.011 Assc50
08503411-4125528 6743 85 4.08 0.15 0.05 0.07 2.70 0.13 0.011 Assc50
08504129-4119593 6536 78 3.86 0.20 -0.04 0.10 2.50 0.15 0.011 Assc50
08505412-4136081 6830 81 4.14 0.08 0.04 0.04 3.42 0.05 0.011 Assc50
08493383-4137532 4590.89 106.33 2.54 0.21 0.02 0.08 0.48 0.26 0.011 Assc50
08495073-4136361 5985 82 4.04 0.14 -0.12 0.07 2.34 0.09 0.011 Assc50
08495352-4125588 4758 82 2.98 0.38 -0.25 0.12 0.94 0.00 0.011 Assc50
08495398-4132213 6617 83 4.09 0.12 -0.08 0.06 1.79 0.00 0.011 Assc50
08495418-4126388 5675 84 3.95 0.20 -0.39 0.08 2.32 0.10 0.011 Assc50
08495557-4139233 4687 84 2.66 0.21 -0.08 0.08 0.53 0.29 0.011 Assc50
08495767-4135058 6362 85 3.87 0.15 -0.05 0.09 2.67 0.10 0.011 Assc50
08500150-4129478 4950 83 3.19 0.25 -0.05 0.07 1.16 0.00 0.011 Assc50
08500200-4139553 4876 84 2.79 0.24 -0.03 0.06 0.50 0.34 0.011 Assc50
08500490-4131583 6787 84 4.03 0.12 0.10 0.06 3.40 0.07 0.011 Assc50
08500627-4132579 4432.46 89.5 2.15 0.20 -0.29 0.09 0.16 0.23 0.011 Assc50
08501191-4133091 4956 82 2.77 0.26 -0.05 0.06 0.69 0.34 0.011 Assc50
08501362-4129019 4466.89 95.49 2.13 0.22 -0.29 0.09 0.34 0.00 0.011 Assc50
08501570-4125547 4853 80 2.78 0.22 0.05 0.05 1.02 0.00 0.011 Assc50
08501609-4126160 4737 82 2.67 0.18 -0.26 0.08 1.32 0.12 0.011 Assc50
08502033-4127300 4734 83 2.72 0.11 0.02 0.05 0.84 0.00 0.011 Assc50
08502330-4125298 5562 82 4.14 0.25 -0.41 0.09 2.01 0.13 0.011 Assc50
08502688-4118447 4768 82 2.74 0.25 -0.01 0.09 1.82 0.13 0.011 Assc50
08503261-4122001 4804 81 2.73 0.28 -0.05 0.08 0.56 0.36 0.011 Assc50
08503314-4134081 4489.48 80.73 2.43 0.15 0.01 0.07 0.44 0.15 0.011 Assc50
08503391-4133011 4566 82 2.41 0.19 -0.11 0.08 0.01 0.37 0.011 Assc50
08503434-4133370 5058 83 3.21 0.22 -0.04 0.07 1.32 0.13 0.011 Assc50
08503862-4128497 4553.04 120.69 2.16 0.27 -0.29 0.10 0.04 0.72 0.011 Assc50
08504138-4128488 4733 85 2.73 0.38 -0.09 0.11 0.55 0.95 0.011 Assc50
08504655-4120206 4739 82 2.58 0.29 -0.14 0.12 0.83 0.35 0.011 Assc50
08505504-4121565 4896 79 3.34 0.35 -0.14 0.09 1.02 0.00 0.011 Assc50
08505789-4127226 5070 82 3.03 0.19 0.05 0.07 1.13 0.00 0.011 Assc50
08510008-4131193 3886.26 59.81 4.72 0.08 -0.31 0.06 0.25 0.14 0.011 Assc50
08510074-4134342 4426.54 98.36 2.22 0.23 -0.17 0.09 0.48 0.00 0.011 Assc50
08510636-4130501 4717 83 2.74 0.22 -0.05 0.07 0.92 0.00 0.011 Assc50
08511076-4133327 4648 81 2.63 0.27 -0.19 0.08 0.57 0.00 0.011 Assc50
08511770-4126273 4566.79 159.93 2.13 0.34 -0.35 0.13 0.66 0.00 0.011 Assc50
08512457-4130023 4918 82 2.83 0.23 -0.11 0.09 0.80 0.32 0.011 Assc50
08523240-4209020 4589 83 4.66 0.11 -0.34 0.08 -0.34 0.51 0.011 Assc50
08523486-4207522 5282 85 3.95 0.18 -0.10 0.08 1.67 0.10 0.011 Assc50
08525359-4215019 6066 80 4.39 0.08 0.16 0.05 2.21 0.06 0.011 Assc50
08530084-4225557 4746 84 4.58 0.13 0.04 0.06 0.32 0.26 0.011 Assc50
08530124-4220424 5396 82 4.37 0.10 0.02 0.06 1.68 0.10 0.011 Assc50
08531046-4221106 4594.37 91.71 4.57 0.15 0.01 0.06 0.20 0.00 0.011 Assc50
08531539-4226318 4162.79 68.61 4.72 0.09 0.22 0.03 -1.00 0.00 0.011 Assc50
08532201-4209209 6601 84 4.08 0.08 -0.09 0.05 1.71 0.15 0.011 Assc50
08532965-4217173 5307 80 4.17 0.14 0.05 0.05 0.93 0.13 0.011 Assc50
08534356-4208157 5779 82 4.36 0.14 -0.06 0.08 1.79 0.13 0.011 Assc50
08534608-4223228 6726 86 4.05 0.11 -0.09 0.06 2.07 0.17 0.011 Assc50
08535374-4222521 5374 83 4.03 0.15 0.10 0.05 1.50 0.10 0.011 Assc50
08535449-4221384 6292 83 4.18 0.09 0.10 0.06 1.76 0.12 0.011 Assc50
08540286-4221430 5348 80 4.04 0.17 0.18 0.06 1.31 0.12 0.011 Assc50
08515164-4209449 5742 83 4.02 0.14 -0.04 0.07 1.11 0.00 0.011 Assc50
08520168-4210413 4651 83 2.48 0.36 -0.40 0.08 0.55 0.21 0.011 Assc50
08520279-4210313 3846.75 58.48 4.59 0.07 -0.20 0.05 -0.01 0.20 0.011 Assc50
08520919-4223043 4695 95 2.51 0.62 0.17 0.15 1.08 0.32 0.011 Assc50
08520992-4201207 4538.64 95.19 2.27 0.21 -0.12 0.09 0.72 0.00 0.011 Assc50
08521500-4211081 4807 80 4.72 0.11 -0.13 0.06 0.13 0.34 0.011 Assc50
08521669-4203049 4585 83 2.46 0.26 -0.26 0.09 0.66 0.16 0.011 Assc50
08521670-4206214 4811 84 2.74 0.24 -0.07 0.05 0.90 0.00 0.011 Assc50
08521845-4204265 4988 79 2.70 0.38 -0.17 0.11 1.19 0.19 0.011 Assc50
08522303-4201122 4665 82 2.53 0.22 -0.16 0.08 0.25 0.28 0.011 Assc50
08522322-4208591 5011 81 3.22 0.43 -0.27 0.14 1.44 0.18 0.011 Assc50
08522428-4223347 4399.56 146.3 1.82 0.32 -0.22 0.12 0.33 0.00 0.011 Assc50
08522466-4208327 4578 84 2.38 0.24 -0.14 0.09 0.45 0.26 0.011 Assc50
08522643-4209447 4681 82 2.50 0.23 -0.38 0.08 0.51 0.00 0.011 Assc50
08522737-4218532 4712 81 2.63 0.23 -0.01 0.08 0.31 0.85 0.011 Assc50
08522829-4207550 5342 80 3.33 0.34 -0.32 0.12 1.38 0.28 0.011 Assc50
08523226-4221054 6301 81 4.09 0.12 -0.12 0.07 2.63 0.07 0.011 Assc50
08523836-4204011 4537 82 2.29 0.23 -0.17 0.10 0.60 0.00 0.011 Assc50
08524028-4201470 4608 83 2.62 0.13 0.06 0.06 0.41 0.18 0.011 Assc50
08524270-4205599 4196.32 76.16 1.83 0.19 0.16 0.04 -1.00 0.00 0.011 Assc50
08524464-4208039 6173 81 4.11 0.21 -0.28 0.12 2.84 0.09 0.011 Assc50
08524701-4204486 5045 83 2.67 0.42 -0.38 0.13 1.34 0.16 0.011 Assc50
08524844-4216591 6463 85 4.21 0.20 0.21 0.10 3.01 0.10 0.011 Assc50
08525241-4220213 5781 81 4.19 0.11 -0.02 0.07 2.43 0.07 0.011 Assc50
08525415-4217075 4528.03 75.73 4.70 0.09 -0.02 0.05 0.25 0.13 0.011 Assc50
08530363-4223314 6677 86 4.21 0.15 -0.01 0.07 2.47 0.15 0.011 Assc50
08531258-4209307 5776 95 3.93 0.48 -0.28 0.15 2.82 0.17 0.011 Assc50
08531321-4207520 4954 83 2.74 0.20 0.02 0.05 0.07 0.75 0.011 Assc50
08531489-4222466 4915 96 2.53 0.60 -0.17 0.16 1.22 0.30 0.011 Assc50
08531492-4204582 4538.17 138.5 2.82 0.28 0.16 0.09 0.47 0.47 0.011 Assc50
08531605-4201499 4802 83 2.75 0.28 0.05 0.10 0.64 0.00 0.011 Assc50
08531802-4211187 6761 83 4.24 0.21 0.10 0.10 2.91 0.18 0.011 Assc50
08531911-4208294 4705 85 2.66 0.16 -0.14 0.09 0.74 0.18 0.011 Assc50
08532076-4211515 3927.43 60.72 4.73 0.07 0.10 0.03 -0.17 0.34 0.011 Assc50
08533871-4210488 4701 82 2.79 0.14 -0.03 0.06 0.06 0.49 0.011 Assc50
08510254-4154473 6429 49 4.07 0.07 -0.91 0.17 1.96 0.00 0.011 Assc50
08512516-4147538 5942 80 4.31 0.13 -0.04 0.08 2.29 0.09 0.011 Assc50
08513009-4141409 6023 80 4.08 0.11 -0.07 0.06 1.32 0.22 0.011 Assc50
08513279-4147218 6578 81 4.05 0.08 -0.03 0.06 1.81 0.00 0.011 Assc50
08514279-4139234 6589 84 4.03 0.15 0.00 0.07 2.39 0.16 0.011 Assc50
08514504-4141436 5102 93 4.12 0.20 -0.08 0.09 0.92 0.60 0.011 Assc50
08515545-4134249 6351 83 4.20 0.09 0.07 0.05 2.21 0.09 0.011 Assc50
08520325-4140177 6126 82 4.35 0.09 0.16 0.05 2.66 0.06 0.011 Assc50
08521469-4135125 6724 86 4.08 0.10 -0.09 0.06 3.37 0.06 0.011 Assc50
08505384-4145388 4948 97 2.78 0.57 0.08 0.13 1.43 0.00 0.011 Assc50
08512398-4136503 4319.5 166.9 2.07 0.57 0.15 0.15 0.33 0.00 0.011 Assc50
08512647-4154248 4840 96 3.01 0.70 -0.30 0.18 0.93 0.00 0.011 Assc50
08512662-4155351 4502.46 200.04 2.71 0.71 -0.45 0.19 1.13 0.34 0.011 Assc50
08512959-4136275 4597 100.5 2.31 0.21 -0.15 0.09 1.01 0.16 0.011 Assc50
08513315-4154559 4582.93 117.37 2.54 0.30 -0.10 0.10 0.45 0.00 0.011 Assc50
08513439-4153029 4802 83 2.71 0.21 -0.02 0.08 0.88 0.25 0.011 Assc50
08513785-4152313 4446.87 90.76 2.25 0.21 -0.09 0.09 0.49 0.18 0.011 Assc50
08513922-4154400 4619 96 2.62 0.61 -0.07 0.15 0.48 0.92 0.011 Assc50
08514570-4149338 4859 79 2.88 0.28 -0.07 0.07 1.02 0.00 0.011 Assc50
08514605-4136265 4579 95 2.47 0.57 0.06 0.14 0.62 0.00 0.011 Assc50
08514748-4140089 4605 81 2.59 0.18 0.04 0.07 0.74 0.00 0.011 Assc50
08514782-4136009 4646 83 2.63 0.17 0.03 0.08 0.67 0.20 0.011 Assc50
08514910-4154150 4898 81 2.99 0.23 0.03 0.06 0.71 0.35 0.011 Assc50
08515116-4149072 4555.05 80.43 2.72 0.11 0.07 0.06 -0.39 0.49 0.011 Assc50
08515151-4144171 4122.17 67.28 4.80 0.09 -0.11 0.04 0.46 0.12 0.011 Assc50
08515312-4142441 5991 83 4.25 0.19 0.08 0.10 1.79 0.43 0.011 Assc50
08515364-4140322 4491.78 123.43 2.41 0.29 0.21 0.08 0.52 0.00 0.011 Assc50
08515478-4153129 4722 81 2.83 0.27 0.02 0.09 0.65 0.48 0.011 Assc50
08515479-4158061 4384.35 169.97 2.12 0.60 -0.09 0.16 0.26 0.66 0.011 Assc50
08515800-4141091 4744 83 2.69 0.18 0.05 0.07 0.88 0.21 0.011 Assc50
08515818-4157299 4544.66 116.52 2.62 0.23 -0.02 0.08 0.25 0.40 0.011 Assc50
08520074-4148324 6642 82 4.03 0.14 -0.10 0.08 2.96 0.08 0.011 Assc50
08520277-4144033 5632 96 3.31 0.63 0.35 0.15 1.98 0.41 0.011 Assc50
08520374-4144138 4605 97 2.38 0.77 -0.12 0.20 0.88 0.31 0.011 Assc50
08520681-4141162 5075 94 3.06 0.43 0.11 0.10 1.29 0.00 0.011 Assc50
08520722-4144496 4510.07 119.01 2.68 0.24 -0.18 0.11 0.04 0.71 0.011 Assc50
08521244-4159060 6358 83 4.24 0.20 0.10 0.09 3.02 0.10 0.011 Assc50
08521434-4144497 4496 85.24 2.21 0.18 -0.17 0.08 0.17 0.22 0.011 Assc50
08521655-4138520 4642 80 2.66 0.23 -0.10 0.09 0.68 0.00 0.011 Assc50
08521863-4142541 4730 80 4.70 0.14 0.13 0.06 0.81 0.13 0.011 Assc50
08522234-4139119 6236 81 4.03 0.18 -0.08 0.08 3.19 0.08 0.011 Assc50
08523153-4150393 4905 83 2.74 0.38 0.03 0.09 0.94 0.47 0.011 Assc50
08523209-4147311 4565.99 137.62 2.27 0.33 -0.32 0.12 0.76 0.27 0.011 Assc50
08523637-4157147 6098 81 4.37 0.15 0.15 0.07 2.65 0.07 0.011 Assc50
08523832-4150345 4124.55 152.16 1.79 0.66 -0.31 0.20 0.32 0.00 0.011 Assc50
08523944-4150051 4586.81 229.18 2.44 0.71 0.02 0.18 0.74 0.00 0.011 Assc50
08524005-4144433 5007 81 3.44 0.40 -0.10 0.11 1.18 0.00 0.011 Assc50
08524444-4154484 5013 83 2.91 0.23 0.09 0.07 1.06 0.35 0.011 Assc50
08524665-4155007 5786 82 4.20 0.21 -0.37 0.09 2.41 0.09 0.011 Assc50
08525215-4148346 4561.55 131.66 2.72 0.27 0.07 0.09 0.55 0.33 0.011 Assc50
08525353-4153442 6896 99 3.80 0.31 -0.41 0.16 2.71 0.00 0.011 Assc50
08525693-4146194 4556.09 182.43 2.40 0.59 0.12 0.14 0.43 0.93 0.011 Assc50
08511801-4142594 4843 79 2.74 0.20 -0.17 0.08 1.12 0.14 0.011 Assc50
08511837-4153255 4997 83 3.45 0.42 -0.23 0.13 1.35 0.00 0.011 Assc50
08513558-4147555 4057.79 67.66 3.74 0.22 -0.02 0.06 3.46 0.20 0.011 Assc50
08514483-4153595 4662 83 2.72 0.18 0.01 0.07 0.24 0.57 0.011 Assc50
08514991-4154245 4812 80 2.83 0.22 0.01 0.07 0.91 0.00 0.011 Assc50
08515007-4151109 4369.11 103.18 2.41 0.26 0.02 0.10 0.07 0.36 0.011 Assc50
08515498-4147430 5660 82 4.40 0.12 0.08 0.05 2.07 0.09 0.011 Assc50
08515592-4159206 4347.16 71.51 2.13 0.13 -0.15 0.07 -0.94 0.24 0.011 Assc50
08515831-4150543 4376.72 80.09 2.20 0.18 -0.13 0.09 -0.70 0.40 0.011 Assc50
08520438-4140109 4538 80 2.53 0.17 -0.05 0.08 -0.32 0.55 0.011 Assc50
08520636-4150077 4453.86 114.37 2.19 0.27 -0.10 0.11 0.12 0.46 0.011 Assc50
08521376-4139231 4637 84 2.73 0.14 0.01 0.06 0.54 0.17 0.011 Assc50
08521414-4151149 4543.54 97.37 2.28 0.21 -0.12 0.09 0.38 0.25 0.011 Assc50
08522432-4138568 4945 83 3.12 0.24 -0.08 0.06 1.05 0.00 0.011 Assc50
08522608-4147443 4381.78 75.02 2.15 0.15 -0.14 0.08 0.67 0.13 0.011 Assc50
08523321-4158406 4728 82 2.59 0.26 -0.12 0.09 1.20 0.14 0.011 Assc50
08524892-4152589 4596 83 2.87 0.10 0.03 0.05 0.44 0.13 0.011 Assc50
08525016-4140093 4829 81 2.72 0.16 -0.08 0.07 0.62 0.25 0.011 Assc50
08525238-4155285 4829 96 2.72 0.57 0.14 0.13 1.04 0.00 0.011 Assc50
08525636-4154121 4546 80 2.43 0.31 -0.07 0.11 0.42 0.42 0.011 Assc50
08530225-4145561 4129.66 75.72 1.91 0.22 0.01 0.05 -0.13 0.25 0.011 Assc50
08530642-4148470 6003 85 4.14 0.15 -0.06 0.06 2.34 0.09 0.011 Assc50
08514506-4152241 5801 31 4.25 0.05 -0.07 0.17 0.99 0.00 0.011 Assc50
08520229-4138135 4944 31 4.58 0.06 -0.11 0.17 0.57 0.00 0.011 Assc50
08485285-4149312 5129 85 4.60 0.14 0.06 0.05 2.37 0.11 0.011 Assc50
08490818-4148508 6095 84 4.12 0.14 0.11 0.07 1.65 0.33 0.011 Assc50
08493951-4151429 6123 83 4.10 0.16 0.01 0.07 1.79 0.30 0.011 Assc50
08494204-4152429 6220 83 3.98 0.12 0.00 0.06 2.87 0.07 0.011 Assc50
08494937-4145099 6343 36 4.26 0.05 0.15 0.05 2.75 0.03 0.011 Assc50
08495763-4150099 4655 80 2.83 0.08 0.01 0.04 0.15 0.14 0.011 Assc50
08502565-4149187 6175 85 4.01 0.18 -0.42 0.11 2.44 0.10 0.011 Assc50
08504469-4140042 6793 99 4.07 0.21 0.14 0.09 2.86 0.15 0.011 Assc50
08494553-4154597 4729 97 2.61 0.59 0.02 0.14 1.00 0.00 0.011 Assc50
08494850-4149193 4714 84 2.91 0.42 -0.37 0.14 1.00 0.22 0.011 Assc50
08495179-4148509 6172 81 4.32 0.19 0.18 0.08 2.79 0.09 0.011 Assc50
08500815-4141428 4508.85 92.84 2.58 0.16 0.22 0.06 0.50 0.20 0.011 Assc50
08500919-4136394 4752 84 2.62 0.23 -0.10 0.09 0.97 0.00 0.011 Assc50
08501614-4157202 4836 81 2.74 0.23 0.00 0.07 0.96 0.22 0.011 Assc50
08502724-4151379 4161.37 89.99 2.72 0.16 0.12 0.10 -0.39 0.62 0.011 Assc50
08502985-4136346 4848 81 2.74 0.24 0.04 0.06 0.93 0.00 0.011 Assc50
08503540-4145004 4581.93 98.74 2.70 0.18 -0.01 0.07 0.74 0.00 0.011 Assc50
08503943-4134200 5119 81 3.02 0.32 -0.13 0.10 1.52 0.19 0.011 Assc50
08504216-4138239 4544.5 111.54 2.21 0.26 -0.28 0.10 0.55 0.00 0.011 Assc50
08504479-4143382 6374 99 4.00 0.37 -0.45 0.16 3.34 0.11 0.011 Assc50
08505206-4142039 4381.09 124.32 2.29 0.31 -0.05 0.12 0.38 0.29 0.011 Assc50
08505240-4153082 4979 96 2.41 0.21 -0.79 0.07 1.12 0.16 0.011 Assc50
08505625-4137161 5042 81 3.39 0.20 -0.02 0.05 0.68 0.24 0.011 Assc50
08510419-4151547 4676 83 2.81 0.25 0.05 0.08 1.01 0.20 0.011 Assc50
08510824-4145097 4736 81 2.77 0.26 -0.11 0.08 0.22 0.78 0.011 Assc50
08511434-4150466 4710 96 3.13 0.70 -0.33 0.18 0.78 0.00 0.011 Assc50
08511707-4144023 3821.72 58.74 4.70 0.09 -0.23 0.10 0.25 0.16 0.011 Assc50
08511989-4148303 5098 81 3.42 0.35 -0.22 0.10 1.08 0.32 0.011 Assc50
08513311-4144534 4711 83 2.59 0.25 -0.15 0.09 0.76 0.00 0.011 Assc50
08494428-4143334 4394.09 116.6 2.60 0.28 -0.08 0.11 0.03 0.53 0.011 Assc50
08494667-4144146 3814.25 59.05 4.52 0.10 -0.14 0.10 3.29 0.06 0.011 Assc50
08494731-4137505 4773 84 2.64 0.24 -0.14 0.09 0.85 0.00 0.011 Assc50
08494767-4153162 4897 83 2.92 0.29 -0.06 0.06 0.57 0.42 0.011 Assc50
08495030-4137286 6574 97 3.76 0.26 0.24 0.10 3.01 0.14 0.011 Assc50
08495385-4143101 4823 79 3.18 0.27 -0.21 0.09 0.57 0.40 0.011 Assc50
08495805-4154477 4405.33 124.37 2.11 0.31 -0.21 0.11 0.22 0.00 0.011 Assc50
08500286-4150025 4818 83 2.62 0.33 -0.21 0.14 0.83 0.00 0.011 Assc50
08500503-4154529 4908 83 2.81 0.41 -0.19 0.14 1.62 0.18 0.011 Assc50
08500636-4146015 4597 82 2.60 0.18 0.11 0.07 0.45 0.23 0.011 Assc50
08500713-4140113 5631 83 3.96 0.17 -0.16 0.09 1.09 0.00 0.011 Assc50
08501027-4146544 5100 84 3.50 0.31 0.03 0.08 1.19 0.27 0.011 Assc50
08501291-4155529 4811 95 2.43 0.34 -1.18 0.12 0.56 0.00 0.011 Assc50
08502392-4157057 4634 83 2.61 0.37 -0.09 0.11 0.70 0.30 0.011 Assc50
08502664-4138588 5222 82 3.49 0.27 0.04 0.08 1.43 0.00 0.011 Assc50
08502697-4143382 4634 83 2.37 0.39 -0.36 0.14 0.95 0.22 0.011 Assc50
08505925-4134534 4508.42 86.06 2.25 0.19 -0.20 0.09 0.71 0.15 0.011 Assc50
08510033-4148420 4840 81 2.75 0.18 -0.12 0.08 0.71 0.22 0.011 Assc50
08510923-4146164 4593 84 2.72 0.18 -0.11 0.09 0.42 0.23 0.011 Assc50
08512419-4149095 5010 81 2.76 0.34 -0.22 0.12 1.53 0.16 0.011 Assc50
08505112-4150558 4980 83 3.07 0.15 -0.17 0.07 2.84 0.12 0.011 Assc50
08510068-4145246 5659 31 4.00 0.05 -0.12 0.17 2.01 0.04 0.011 Assc50
08501710-4205122 4593 82 2.51 0.24 -0.20 0.10 0.69 0.00 0.011 Assc50
08501958-4211085 4584.34 134.34 2.69 0.27 -0.17 0.12 0.52 0.00 0.011 Assc50
08502293-4210598 4681 83 2.73 0.18 -0.06 0.07 0.87 0.00 0.011 Assc50
08503609-4201067 4731 82 2.63 0.16 -0.17 0.08 1.31 0.13 0.011 Assc50
08503786-4211432 4508.22 92.95 2.14 0.21 -0.29 0.08 0.21 0.00 0.011 Assc50
08503805-4210323 3930.7 90.07 1.56 0.30 0.14 0.10 -1.00 0.00 0.011 Assc50
08503980-4204571 4700 82 2.82 0.19 -0.17 0.08 0.76 0.00 0.011 Assc50
08504009-4201029 4724 83 2.87 0.25 -0.13 0.08 0.81 0.00 0.011 Assc50
08504094-4205378 6327 83 3.89 0.17 -0.11 0.08 3.16 0.08 0.011 Assc50
08504406-4158370 4706 82 2.70 0.23 -0.16 0.06 0.70 0.00 0.011 Assc50
08504604-4204571 4746 82 2.69 0.20 -0.06 0.07 0.68 0.26 0.011 Assc50
08504790-4201130 5195 81 3.28 0.28 0.05 0.09 1.22 0.34 0.011 Assc50
08505259-4202287 4580.58 137.9 2.84 0.27 -0.01 0.09 0.82 0.26 0.011 Assc50
08510185-4210539 4394.29 88.8 2.25 0.22 -0.11 0.10 0.12 0.24 0.011 Assc50
08510403-4157058 4589.59 130.53 2.47 0.28 -0.13 0.10 0.34 0.52 0.011 Assc50
08510575-4206338 4678 82 2.69 0.09 0.04 0.05 0.33 0.16 0.011 Assc50
08510807-4157428 4687 81 2.69 0.13 -0.09 0.07 0.69 0.00 0.011 Assc50
08510901-4201335 4424.18 89.77 2.13 0.20 -0.25 0.09 -0.15 0.42 0.011 Assc50
08511168-4203207 4671 83 2.75 0.14 -0.03 0.06 0.80 0.16 0.011 Assc50
08511232-4157275 4773 83 2.77 0.17 -0.08 0.07 1.08 0.14 0.011 Assc50
08511438-4212441 4661 80 2.54 0.37 -0.28 0.12 0.95 0.20 0.011 Assc50
08511456-4157571 5042 81 3.34 0.24 -0.07 0.09 1.43 0.14 0.011 Assc50
08511617-4155539 6679 85 4.33 0.11 0.03 0.06 2.11 0.00 0.011 Assc50
08511698-4204205 4456.98 83.82 2.20 0.18 -0.18 0.08 -0.19 0.43 0.011 Assc50
08512065-4206450 5008 84 3.06 0.14 0.05 0.05 0.71 0.19 0.011 Assc50
OBJECT TEFF E_TEFF LOGG E_LOGG FEH E_FEH LI1 E_LI1 "AGE (Gyr)" GES_FLD
08512250-4200356 5028 81 3.87 0.16 -0.08 0.05 1.01 0.00 0.011 Assc50
08512293-4201349 4301.73 79.1 2.14 0.18 -0.20 0.08 -0.35 0.36 0.011 Assc50
08512467-4200044 4721 85 2.68 0.16 -0.06 0.06 0.90 0.00 0.011 Assc50
08512706-4159060 4432.27 83.11 2.39 0.16 0.10 0.07 0.37 0.18 0.011 Assc50
08512874-4201013 4594 83 2.45 0.21 -0.25 0.09 0.68 0.15 0.011 Assc50
08512889-4203478 5411 83 4.00 0.26 0.03 0.09 1.49 0.00 0.011 Assc50
08512932-4200047 4844 82 2.87 0.23 -0.05 0.08 1.00 0.00 0.011 Assc50
08513264-4205056 4740 82 2.77 0.19 -0.25 0.09 0.83 0.00 0.011 Assc50
08513985-4202209 4510.79 120.42 2.33 0.27 -0.15 0.10 0.12 0.75 0.011 Assc50
08514134-4206250 5095 85 3.17 0.20 -0.06 0.06 1.10 0.19 0.011 Assc50
08514538-4204103 4652 82 2.68 0.11 -0.05 0.06 0.76 0.00 0.011 Assc50
08514756-4208468 4583 83 2.45 0.20 -0.22 0.08 0.25 0.17 0.011 Assc50
08514930-4158398 4517.6 76.77 2.29 0.14 -0.12 0.08 0.43 0.13 0.011 Assc50
08515881-4159452 4757 81 2.64 0.22 -0.10 0.08 0.55 0.28 0.011 Assc50
08520496-4200562 4701 80 2.69 0.13 0.01 0.06 0.36 0.25 0.011 Assc50
08502495-4200599 4865 83 3.28 0.31 -0.02 0.08 0.69 0.47 0.011 Assc50
08504590-4210244 4535.85 87.76 2.71 0.15 0.06 0.06 0.06 0.35 0.011 Assc50
08505821-4156375 4889 80 2.82 0.16 -0.07 0.05 0.71 0.19 0.011 Assc50
08505983-4200424 4504.2 77.72 2.26 0.16 -0.17 0.07 0.93 0.12 0.011 Assc50
08510546-4158539 4373.05 87.24 2.24 0.21 -0.14 0.09 2.91 0.14 0.011 Assc50
08512362-4159217 4045.18 72.32 1.75 0.26 -0.01 0.05 -0.36 0.23 0.011 Assc50
08515324-4201460 4515 82 2.32 0.23 -0.18 0.09 0.41 0.22 0.011 Assc50
08515044-4211326 4469 84 2.24 0.25 -0.26 0.09 -0.03 0.65 0.011 Assc50
08515675-4215388 4731 83 2.79 0.24 -0.15 0.09 0.50 0.49 0.011 Assc50
08515753-4214189 5132 86 3.17 0.30 -0.04 0.09 1.33 0.00 0.011 Assc50
08521027-4211324 6152 80 3.92 0.17 -0.15 0.09 2.16 0.18 0.011 Assc50
08521172-4206067 4825 82 2.66 0.29 -0.20 0.10 1.00 0.18 0.011 Assc50
08521186-4201338 4510.48 94.97 2.21 0.20 -0.23 0.09 0.13 0.30 0.011 Assc50
08522304-4204367 4594 82 2.57 0.19 -0.12 0.09 0.53 0.18 0.011 Assc50
08522373-4210280 5610 84 4.19 0.14 0.04 0.06 1.85 0.09 0.011 Assc50
08522561-4221241 6213 82 4.26 0.11 0.31 0.05 1.66 0.28 0.011 Assc50
08523488-4212339 4739 85 2.72 0.36 -0.09 0.11 1.00 0.00 0.011 Assc50
08524322-4219033 6956 99 3.87 0.32 0.12 0.15 3.10 0.14 0.011 Assc50
08524691-4220318 6255 80 4.18 0.14 -0.15 0.07 1.92 0.00 0.011 Assc50
08525040-4202416 4481.95 123.07 2.07 0.28 -0.26 0.11 0.09 0.74 0.011 Assc50
08525223-4219122 5881 100 3.93 0.49 -0.22 0.16 2.42 0.17 0.011 Assc50
08525357-4201157 5989 82 4.33 0.12 0.15 0.06 2.40 0.08 0.011 Assc50
08531233-4207230 4524 82 2.40 0.23 -0.08 0.10 0.61 0.00 0.011 Assc50
08531735-4222123 4415.1 77.38 4.75 0.11 -0.02 0.05 -0.02 0.27 0.011 Assc50
08531746-4220541 4544.22 199.13 1.69 0.61 -0.37 0.18 0.85 0.37 0.011 Assc50
08533169-4205598 3808.3 59.1 4.73 0.10 0.09 0.11 -0.56 0.66 0.011 Assc50
08533368-4206412 5034 82 2.90 0.20 0.04 0.07 1.28 0.00 0.011 Assc50
08534306-4210518 4160.18 68 4.50 0.09 -0.43 0.04 -0.16 0.24 0.011 Assc50
08503101-4204028 4937 95 2.79 0.50 0.24 0.11 1.47 0.00 0.011 Assc50
08503621-4208270 5089 81 4.59 0.19 -0.04 0.08 1.14 0.18 0.011 Assc50
08504902-4205537 6844 81 4.19 0.08 0.07 0.05 2.91 0.06 0.011 Assc50
08505265-4201331 6015 83 4.07 0.09 -0.50 0.06 2.49 0.07 0.011 Assc50
08505871-4201063 5135 53 4.50 0.10 -0.04 0.12 3.73 0.08 0.011 Assc50
08505929-4214411 6295 81 3.82 0.12 -0.06 0.07 3.11 0.07 0.011 Assc50
08510101-4200062 6870 81 4.30 0.08 0.00 0.05 3.13 0.06 0.011 Assc50
08510509-4219453 4612 84 4.50 0.12 -0.04 0.05 0.29 0.00 0.011 Assc50
08511503-4200378 6416 85 4.07 0.08 0.02 0.05 2.47 0.07 0.011 Assc50
08512174-4218301 6097 85 4.15 0.10 -0.04 0.06 2.91 0.07 0.011 Assc50
08512862-4213174 6415 83 4.04 0.12 -0.12 0.06 2.66 0.07 0.011 Assc50
08513526-4214323 5713 82 4.26 0.12 -0.01 0.07 1.52 0.00 0.011 Assc50
08513962-4212496 6593 86 4.16 0.14 -0.08 0.07 2.10 0.00 0.011 Assc50
08514041-4200041 4879 77 4.58 0.12 -0.03 0.05 0.72 0.00 0.011 Assc50
08514843-4213134 6652 79 4.08 0.09 -0.08 0.04 2.23 0.08 0.011 Assc50
08515290-4213423 5155 81 3.85 0.18 0.03 0.07 1.60 0.11 0.011 Assc50
08515539-4213179 5944 83 4.17 0.11 0.05 0.08 1.28 0.38 0.011 Assc50
08491676-4128195 5037 57 4.26 0.09 0.08 0.11 4.02 0.09 0.011 Assc50
08512213-4206426 6873 64 4.02 0.10 -0.69 0.05 2.11 0.06 0.011 Assc50
