OBJECT TEFF E_TEFF LOGG E_LOGG FEH E_FEH LI1 E_LI1 "AGE (Gyr)" GES_FLD
00001708-2946382 3957.1 62.01 4.73 0.08 -0.40 0.06 0.37 0.15 0.105 Blanco1
00002006-2951367 4268.87 88.39 4.55 0.15 0.06 0.07 0.48 0.17 0.105 Blanco1
00003646-2945502 4578.96 79.02 4.76 0.10 -0.04 0.05 -0.19 0.38 0.105 Blanco1
00004137-2941505 4551.11 76.62 4.53 0.08 0.00 0.05 0.73 0.11 0.105 Blanco1
00004791-2942225 5104 81 4.54 0.10 -0.08 0.05 0.32 0.42 0.105 Blanco1
00005391-2938576 4893 83 4.57 0.18 -0.01 0.07 0.95 0.17 0.105 Blanco1
00005553-2937230 3989.04 64.73 4.68 0.10 -0.38 0.08 0.40 0.14 0.105 Blanco1
00005598-2936586 4667 82 4.69 0.13 0.02 0.06 0.00 0.36 0.105 Blanco1
00010091-2933469 4558 81 4.69 0.14 0.05 0.06 -0.13 0.60 0.105 Blanco1
00010310-2942152 5645 80 4.51 0.10 0.04 0.07 0.72 0.79 0.105 Blanco1
00010457-2940382 5064 80 4.55 0.20 -0.41 0.09 1.04 0.19 0.105 Blanco1
00010586-2941478 3830.76 58.29 4.71 0.08 -0.29 0.07 0.25 0.15 0.105 Blanco1
00011650-2949454 4020.49 72.58 4.63 0.14 -0.38 0.13 0.35 0.18 0.105 Blanco1
23595705-2942394 3805.41 62.49 4.65 0.13 -0.54 0.29 -0.37 0.00 0.105 Blanco1
23595826-2940375 4603 82 4.68 0.12 0.02 0.05 0.11 0.23 0.105 Blanco1
00005425-2938126 4847 31 2.99 0.05 -0.50 0.05 0.24 0.00 0.105 Blanco1
00010266-3016562 5144 84 4.65 0.12 -0.24 0.07 0.48 0.46 0.105 Blanco1
00010356-3016207 4790 81 4.35 0.23 0.04 0.06 0.67 0.00 0.105 Blanco1
00012795-3014320 3857 60.11 4.72 0.09 0.19 0.06 -1.00 0.00 0.105 Blanco1
00012945-3024244 4765 84 4.53 0.12 0.05 0.06 0.72 0.00 0.105 Blanco1
00013661-3005359 5048 91 4.53 0.10 -0.11 0.08 1.41 0.15 0.105 Blanco1
00013722-3016353 4980 80 4.63 0.11 -0.24 0.07 0.08 0.72 0.105 Blanco1
00015217-3017097 3937 62.13 4.67 0.09 0.01 0.05 0.00 0.26 0.105 Blanco1
00015342-3006129 3925.67 61.97 4.56 0.09 0.04 0.05 0.27 0.16 0.105 Blanco1
00015692-3012079 4020.94 64.6 4.76 0.09 0.05 0.04 0.41 0.13 0.105 Blanco1
00020421-3010344 4396.4 73.77 4.58 0.09 0.03 0.05 0.56 0.13 0.105 Blanco1
00010623-3014461 5137 30 3.68 0.05 -0.23 0.05 1.01 0.07 0.105 Blanco1
00012867-3012211 6476 59 3.90 0.09 0.01 0.11 3.22 0.04 0.105 Blanco1
00013320-3012597 5311 31 4.55 0.05 -0.05 0.05 2.75 0.04 0.105 Blanco1
00014950-3015120 5508 32 4.43 0.05 -0.36 0.05 0.99 0.00 0.105 Blanco1
00015564-3019113 5687 31 4.19 0.05 0.03 0.05 0.87 0.00 0.105 Blanco1
00011688-2915062 5014 84 4.69 0.12 -0.04 0.06 0.78 0.18 0.105 Blanco1
00012471-2917437 4813 81 4.52 0.14 -0.29 0.08 0.28 0.33 0.105 Blanco1
00013269-2910189 5815 83 4.44 0.09 -0.12 0.06 1.09 0.23 0.105 Blanco1
00013566-2911451 4552 82 4.50 0.16 0.01 0.07 0.22 0.31 0.105 Blanco1
00013668-2916495 4397 92 4.64 0.10 -0.10 0.08 0.36 0.00 0.105 Blanco1
00014265-2926015 5087 81 4.48 0.11 -0.03 0.05 0.83 0.00 0.105 Blanco1
00015827-2920490 4839 79 4.70 0.19 -0.08 0.07 0.79 0.00 0.105 Blanco1
00020369-2918514 5148 81 4.49 0.12 0.02 0.06 1.05 0.00 0.105 Blanco1
00021804-2924052 4520 83 4.69 0.09 0.02 0.05 0.49 0.13 0.105 Blanco1
00022342-2908499 3846.57 64.78 4.73 0.13 -0.41 0.22 0.23 0.21 0.105 Blanco1
00022815-2921125 4145.4 71.31 4.81 0.11 -0.01 0.05 0.40 0.00 0.105 Blanco1
00024020-2913230 5082 82 4.46 0.19 0.01 0.07 1.23 0.18 0.105 Blanco1
00024537-2920171 5756 82 4.51 0.19 -0.28 0.09 2.04 0.12 0.105 Blanco1
00025049-2915465 4402.21 85.25 4.65 0.14 -0.05 0.06 0.21 0.24 0.105 Blanco1
00021288-2923254 4976 15 2.38 0.08 -0.61 0.05 -0.18 0.00 0.105 Blanco1
00024879-2918422 5446 31 4.42 0.05 -0.02 0.05 2.71 0.04 0.105 Blanco1
00021848-3003211 4299.42 84.94 4.50 0.14 -0.02 0.07 -0.15 0.49 0.105 Blanco1
00022426-3009090 3857.15 59.48 4.69 0.09 -0.17 0.08 1.52 0.09 0.105 Blanco1
00022436-3006330 4391.73 90.85 4.60 0.16 0.02 0.07 0.20 0.00 0.105 Blanco1
00023424-2959561 4528 86 4.57 0.17 -0.03 0.07 0.55 0.18 0.105 Blanco1
00023844-3012178 5000 84 4.55 0.13 0.02 0.06 0.71 0.22 0.105 Blanco1
00030056-3015440 3928.77 60.88 4.54 0.08 0.07 0.04 -0.06 0.20 0.105 Blanco1
00030354-3015573 3875.88 62.3 4.78 0.11 -0.49 0.14 0.69 0.12 0.105 Blanco1
00030528-3012216 5688 80 4.22 0.16 -0.42 0.07 1.42 0.22 0.105 Blanco1
00031812-3012548 5299 81 4.12 0.16 -0.43 0.08 1.09 0.19 0.105 Blanco1
00032107-3004040 4655 81 4.55 0.12 -0.02 0.05 0.26 0.00 0.105 Blanco1
00032418-2956229 4136.44 65.61 4.62 0.07 0.11 0.02 1.24 0.08 0.105 Blanco1
00034328-3011049 5337 84 4.48 0.16 0.03 0.07 1.24 0.23 0.105 Blanco1
00034475-3003007 4734 82 4.59 0.19 0.01 0.07 0.74 0.00 0.105 Blanco1
00023546-3007019 5303 30 4.50 0.05 -0.09 0.05 2.39 0.03 0.105 Blanco1
00030028-3003216 5017 31 4.48 0.05 -0.07 0.05 2.09 0.04 0.105 Blanco1
00030709-3015171 5213 31 4.53 0.05 -0.15 0.05 2.45 0.04 0.105 Blanco1
00031081-3010489 6098 57 4.20 0.10 0.00 0.11 3.17 0.05 0.105 Blanco1
00023623-2944262 4328.12 107.2 4.49 0.20 -0.15 0.10 -0.23 0.00 0.105 Blanco1
00024220-2951412 5425 82 4.33 0.18 -0.21 0.08 1.15 0.30 0.105 Blanco1
00024676-2942543 5012 82 4.45 0.13 0.01 0.06 0.94 0.16 0.105 Blanco1
00024729-2950263 4515.94 85.34 4.53 0.13 0.14 0.06 0.39 0.19 0.105 Blanco1
00024822-2946349 4609 81 4.50 0.10 -0.01 0.05 1.28 0.11 0.105 Blanco1
00025784-2943173 5010 83 4.47 0.11 -0.19 0.06 0.28 0.48 0.105 Blanco1
00030663-2943115 4329.93 70.66 4.61 0.08 0.04 0.04 0.67 0.10 0.105 Blanco1
00031877-2944431 4476.62 78.99 4.73 0.11 0.06 0.05 -0.09 0.35 0.105 Blanco1
00032467-2955146 4511 82 4.73 0.09 0.02 0.05 1.05 0.11 0.105 Blanco1
00033426-2942081 6014 85 4.26 0.10 -0.04 0.06 2.58 0.07 0.105 Blanco1
00034577-2941313 5684 95 4.83 0.53 -0.70 0.18 2.18 0.15 0.105 Blanco1
00040470-2952148 5586 81 4.40 0.17 -0.42 0.07 1.45 0.00 0.105 Blanco1
00032061-2949227 6230 32 4.36 0.05 -0.05 0.05 3.20 0.03 0.105 Blanco1
00032185-3001105 6887 63 3.98 0.10 -0.13 0.08 3.13 0.05 0.105 Blanco1
00032439-2948493 6538 61 3.91 0.09 0.14 0.11 3.17 0.05 0.105 Blanco1
00035911-2945177 5041 32 3.47 0.05 -0.43 0.04 0.50 0.00 0.105 Blanco1
00023642-3030511 4973 96 1.73 0.31 -1.69 0.17 0.43 0.00 0.105 Blanco1
00024721-3034187 5296 78 4.38 0.16 -0.32 0.07 0.96 0.24 0.105 Blanco1
00025409-3032320 4573 80 4.69 0.10 -0.01 0.05 -0.34 0.48 0.105 Blanco1
00025856-3042014 3914.55 66.18 4.77 0.13 -0.15 0.13 -1.00 0.00 0.105 Blanco1
00030854-3036548 4150.55 77.83 4.65 0.14 -0.97 0.16 0.36 0.16 0.105 Blanco1
00030976-3042252 3920.06 64.54 4.73 0.11 -0.01 0.09 0.06 0.26 0.105 Blanco1
00030989-3034122 3805.3 59.01 4.64 0.10 0.29 0.09 -1.00 0.00 0.105 Blanco1
00032339-3041232 4327.88 70.74 4.53 0.08 0.00 0.04 0.49 0.11 0.105 Blanco1
00033874-3023022 5085 83 4.67 0.16 -0.13 0.08 0.95 0.23 0.105 Blanco1
00034530-3035324 4936 82 4.52 0.16 -0.33 0.07 0.73 0.00 0.105 Blanco1
00035819-3022358 5677 81 4.49 0.24 -0.23 0.10 1.27 0.00 0.105 Blanco1
00035948-3024301 4583 81 4.60 0.11 -0.12 0.05 0.15 0.00 0.105 Blanco1
00040790-3032422 4940 82 4.55 0.14 -0.33 0.08 0.86 0.00 0.105 Blanco1
00041457-3033427 5822 80 4.44 0.10 0.19 0.05 1.64 0.11 0.105 Blanco1
00042140-3025248 5073 83 4.58 0.12 -0.08 0.06 0.30 0.82 0.105 Blanco1
00043113-3038006 4605 82 4.57 0.13 -0.11 0.06 0.09 0.28 0.105 Blanco1
00043857-3024132 5096 83 4.61 0.11 -0.03 0.06 0.14 0.77 0.105 Blanco1
00044353-3038347 4391.64 80.59 4.76 0.12 -0.11 0.06 -0.02 0.00 0.105 Blanco1
00044421-3030334 5274 83 4.53 0.11 0.09 0.05 0.60 0.30 0.105 Blanco1
00044428-3032046 4597 81 4.50 0.13 -0.02 0.06 0.41 0.00 0.105 Blanco1
00050238-3041098 4624 80 4.62 0.12 -0.10 0.06 0.03 0.29 0.105 Blanco1
00052385-3019547 4455.59 79.98 4.77 0.12 0.08 0.05 0.31 0.19 0.105 Blanco1
00052552-3018355 3884.6 60.01 4.63 0.08 0.11 0.05 0.10 0.21 0.105 Blanco1
00054037-3022291 5187 82 4.49 0.20 -0.43 0.08 1.25 0.18 0.105 Blanco1
00054072-3033154 3977.09 66.19 4.74 0.11 0.34 0.05 -1.00 0.00 0.105 Blanco1
00041660-3027160 4954 15 2.29 0.08 -0.62 0.05 -0.05 0.00 0.105 Blanco1
00050824-3029421 5754 32 4.42 0.05 0.01 0.05 2.91 0.03 0.105 Blanco1
00052015-3025219 4704 22 1.96 0.08 -1.19 0.05 0.35 0.00 0.105 Blanco1
00041373-2932238 5011 81 4.58 0.11 -0.02 0.05 0.29 0.39 0.105 Blanco1
00042025-2930270 4349.78 81.77 4.70 0.13 -0.05 0.06 0.24 0.20 0.105 Blanco1
00042618-2942361 3810.96 57.98 4.69 0.08 -0.06 0.07 -0.36 0.43 0.105 Blanco1
00042641-2943373 3842.77 58.33 4.58 0.07 0.03 0.04 -0.01 0.23 0.105 Blanco1
00043607-2939522 4763 84 4.63 0.11 -0.19 0.05 0.32 0.20 0.105 Blanco1
00043954-2935200 4804 82 4.52 0.07 0.01 0.04 1.92 0.10 0.105 Blanco1
00044354-2941048 4614 83 4.56 0.08 0.00 0.05 2.03 0.12 0.105 Blanco1
00045458-2926282 3992.17 62.46 4.78 0.08 -0.01 0.03 0.02 0.22 0.105 Blanco1
00045644-2940374 4515.95 78.55 4.63 0.10 -0.07 0.05 -0.19 0.41 0.105 Blanco1
00045725-2930391 5037 81 4.47 0.18 -0.54 0.09 0.88 0.21 0.105 Blanco1
00051756-2946573 4742 82 4.57 0.08 -0.01 0.05 2.07 0.11 0.105 Blanco1
00052034-2930564 3918.7 60.27 4.70 0.07 0.04 0.03 -0.02 0.24 0.105 Blanco1
00052121-2935517 3816.07 58.07 4.51 0.08 0.00 0.06 -0.19 0.24 0.105 Blanco1
00052412-2931140 4828 84 4.55 0.09 -0.01 0.05 0.12 0.26 0.105 Blanco1
00053765-2929201 3829.77 58.74 4.78 0.08 -0.58 0.11 0.37 0.12 0.105 Blanco1
00054882-2942459 3920.88 67.42 4.61 0.13 -0.04 0.11 -0.22 0.43 0.105 Blanco1
00043317-2938281 6317 33 4.18 0.05 -0.03 0.05 3.10 0.02 0.105 Blanco1
00045864-2933477 5960 45 4.42 0.09 -0.01 0.12 3.17 0.04 0.105 Blanco1
00053673-2946290 4724 30 2.97 0.05 0.00 0.05 -0.19 0.00 0.105 Blanco1
00055905-2939046 5923 36 4.47 0.05 -0.01 0.05 3.11 0.03 0.105 Blanco1
00044356-3009265 4323.56 79.73 4.75 0.13 0.09 0.06 -1.00 0.00 0.105 Blanco1
00044732-3012357 3808.95 60.89 4.67 0.12 -0.55 0.24 0.22 0.19 0.105 Blanco1
00050293-3005227 5174 85 4.51 0.09 -0.01 0.05 1.03 0.00 0.105 Blanco1
00051718-3012000 4485.86 75.97 4.56 0.09 -0.09 0.05 0.02 0.00 0.105 Blanco1
00054301-2957458 4103.79 86.38 4.46 0.17 -0.58 0.18 0.29 0.00 0.105 Blanco1
00060429-3002119 3868.57 59.41 4.65 0.08 -0.11 0.06 -0.06 0.22 0.105 Blanco1
00060590-3015022 4266.72 69.69 4.65 0.08 0.00 0.05 -0.14 0.00 0.105 Blanco1
00061060-3014305 5056 82 4.19 0.24 -0.34 0.09 0.70 0.47 0.105 Blanco1
00061948-3007336 4059.33 72.08 4.59 0.12 -0.39 0.10 -1.00 0.00 0.105 Blanco1
00063046-3013405 4077.01 75.23 4.60 0.14 -0.18 0.10 0.52 0.15 0.105 Blanco1
00045884-3009416 6038 44 4.34 0.09 -0.12 0.08 3.16 0.04 0.105 Blanco1
00052902-3008321 4832 30 4.58 0.05 -0.07 0.05 1.85 0.04 0.105 Blanco1
00055472-3006258 5677 30 4.47 0.05 -0.01 0.05 2.99 0.03 0.105 Blanco1
00054313-2928112 3929.48 67.04 4.78 0.12 -0.50 0.15 0.46 0.18 0.105 Blanco1
00055984-2927022 4291.5 84.95 4.64 0.14 0.04 0.07 -0.42 0.64 0.105 Blanco1
00061057-2929381 5278 82 4.47 0.09 -0.23 0.06 0.44 0.36 0.105 Blanco1
00061327-2928273 4977 79 4.56 0.14 -0.34 0.08 0.50 0.31 0.105 Blanco1
00063767-2933440 5205 79 3.95 0.15 0.03 0.05 1.12 0.00 0.105 Blanco1
00061720-2942226 5625 36 4.27 0.05 0.41 0.04 0.61 0.00 0.105 Blanco1
00061723-3034316 4061.93 68.21 4.77 0.10 0.03 0.05 0.31 0.15 0.105 Blanco1
00062045-3028210 5179 82 4.49 0.13 -0.02 0.07 1.00 0.00 0.105 Blanco1
00062673-3026092 4031.99 65.34 4.59 0.10 -0.01 0.05 -0.07 0.26 0.105 Blanco1
00064255-3029230 3920.93 65.59 4.64 0.12 -0.09 0.10 0.21 0.20 0.105 Blanco1
00064636-3029013 4694 82 4.57 0.10 -0.04 0.05 0.51 0.00 0.105 Blanco1
00065268-3032270 4498.43 77.11 4.72 0.10 0.01 0.05 -0.11 0.29 0.105 Blanco1
00070097-3036002 5810 84 4.30 0.08 -0.20 0.07 2.02 0.07 0.105 Blanco1
00070564-3014319 3826.67 58.04 4.66 0.07 0.08 0.04 0.11 0.18 0.105 Blanco1
00070733-3022050 4377.01 73.9 4.64 0.10 -0.14 0.06 -0.14 0.25 0.105 Blanco1
00071414-3030306 4018.54 67.7 4.71 0.11 -0.13 0.07 0.03 0.00 0.105 Blanco1
00071869-3016319 4994 80 4.62 0.12 -0.22 0.08 0.52 0.25 0.105 Blanco1
00072460-3021002 3836.47 60.89 4.59 0.11 -0.20 0.14 0.24 0.17 0.105 Blanco1
00072665-3032527 4681 82 4.58 0.17 -0.16 0.07 0.37 0.00 0.105 Blanco1
00073591-3028135 5254 83 4.64 0.21 0.11 0.08 1.56 0.17 0.105 Blanco1
00074934-3032539 3834.8 61.33 4.70 0.11 -0.12 0.13 0.09 0.23 0.105 Blanco1
00064158-3021195 5625 31 4.10 0.05 0.29 0.05 0.52 0.00 0.105 Blanco1
00065071-3031382 5740 31 4.32 0.05 0.20 0.05 1.46 0.07 0.105 Blanco1
00072299-3030477 5759 31 4.27 0.05 -0.38 0.05 2.30 0.03 0.105 Blanco1
00073654-2955414 4802 83 4.66 0.10 -0.03 0.04 0.10 0.29 0.105 Blanco1
00073739-2945163 4463.12 80.39 4.72 0.12 -0.12 0.06 0.01 0.30 0.105 Blanco1
00073740-3001008 3949.73 65.62 4.71 0.11 -0.05 0.08 -1.00 0.00 0.105 Blanco1
00073766-2959467 3995.14 62.18 4.60 0.07 0.07 0.03 0.33 0.08 0.105 Blanco1
00073791-2946514 5204 81 4.56 0.08 -0.01 0.06 0.46 0.29 0.105 Blanco1
00080941-2947500 4585.37 79.16 4.65 0.10 -0.04 0.05 -0.34 0.49 0.105 Blanco1
00081541-2942336 4860 85 4.51 0.09 0.02 0.04 0.28 0.19 0.105 Blanco1
00084764-2948588 4798 81 4.59 0.11 -0.36 0.07 0.38 0.20 0.105 Blanco1
00084963-2947377 4511.8 74.99 4.75 0.08 -0.12 0.04 -0.74 0.37 0.105 Blanco1
00090139-2947522 5702 83 4.34 0.10 0.27 0.05 1.58 0.10 0.105 Blanco1
