OBJECT TEFF E_TEFF LOGG E_LOGG FEH E_FEH LI1 E_LI1 "AGE (Gyr)" GES_FLD MEM3D
05513013+2149273 5609 83 3.5 0.22 -0.57 0.08 2.3 0.12 2.138 Br21 0.9956
05513062+2147067 6528 82 3.54 0.22 0.1 0.08 3.55 0.15 2.138 Br21 0.9935
05513679+2149187 6387 81 3.41 0.22 -0.08 0.08 2.75 0.14 2.138 Br21 0.9823
05514338+2148437 6868 83 4.07 0.22 0.3 0.07 2.41 0.0 2.138 Br21 0.9527
05514482+2147402 6057 81 4.11 0.22 -0.59 0.08 2.72 0.14 2.138 Br21 0.963
05514583+2149426 6649 82 4.22 0.22 -0.34 0.07 2.92 0.19 2.138 Br21 0.9982
05514616+2146045 4614 67 2.21 0.17 -0.32 0.05 1.01 0.1 2.138 Br21 0.9997
05514777+2149008 6455 84 4.42 0.22 -0.49 0.08 3.17 0.15 2.138 Br21 0.998
05515117+2150050 4784 66 2.67 0.18 -0.14 0.05 1.02 0.1 2.138 Br21 0.9996
05515345+2147578 5592 83 3.38 0.22 -0.31 0.07 2.48 0.11 2.138 Br21 0.9976
05515523+2146016 5022 82 2.99 0.22 -0.14 0.08 1.17 0.15 2.138 Br21 0.9996
05515655+2149434 6777 106 3.34 0.34 -0.4 0.1 3.31 0.2 2.138 Br21 0.9917
05515716+2151083 6804 81 3.39 0.21 -0.09 0.07 2.89 0.0 2.138 Br21 0.9932
05514200+2148497 4520 33 2.25 0.05 -0.18 0.04 3.01 0.06 2.138 Br21 0.9998
05514204+2148027 4509 31 2.15 0.05 -0.23 0.05 -1 0.0 2.138 Br21 0.9995
05514483+2148504 4120 45 1.63 0.07 -0.44 0.08 0.42 0.08 2.138 Br21 0.9996
05514883+2148542 4530 32 2.16 0.05 -0.2 0.04 -1 0.0 2.138 Br21 0.9998
05514944+2146597 4419 33 1.91 0.05 -0.24 0.04 0.66 0.06 2.138 Br21 0.9998
05512285+2146017 6205 81 3.87 0.22 -0.38 0.08 2.76 0.12 2.138 Br21 0.9982
05512645+2149179 6140 85 3.31 0.21 -0.6 0.08 2.97 0.21 2.138 Br21 0.9978
05513866+2145349 5871 82 4.33 0.22 -0.62 0.08 1.72 0.0 2.138 Br21 0.9919
05513951+2146429 5063 64 3.03 0.18 -0.16 0.05 0.87 0.0 2.138 Br21 0.9998
05514742+2148457 4986 63 2.91 0.17 -0.12 0.05 0.4 0.49 2.138 Br21 0.9996
05514756+2148067 6185 83 3.2 0.22 0.03 0.08 2.89 0.22 2.138 Br21 0.9974
05515261+2147522 5596 65 3.59 0.18 -0.23 0.06 2.32 0.11 2.138 Br21 0.9969
05515964+2144121 6239 81 4.08 0.22 -0.28 0.08 2.41 0.0 2.138 Br21 0.9911
05520771+2150531 5290 66 3.54 0.18 -0.36 0.05 2.17 0.11 2.138 Br21 0.9977
05513679+2147479 5041 65 3 0.17 -0.15 0.05 0.57 0.94 2.138 Br21 0.9997
05513961+2146494 5010 64 3.04 0.17 -0.08 0.05 1.04 0.0 2.138 Br21 0.9996
05515895+2148284 5668 81 3.33 0.21 -0.3 0.08 2.44 0.14 2.138 Br21 0.9967
05512285+2148139 5803 67 3.79 0.17 -0.36 0.05 2.44 0.13 2.138 Br21 0.9832
05513584+2150125 4997 65 3.01 0.17 -0.13 0.05 0.98 0.15 2.138 Br21 0.9994
05513655+2149535 6238 80 3.41 0.22 -0.59 0.08 2.71 0.17 2.138 Br21 0.9985
05514501+2146307 6653 100 3.8 0.33 -0.37 0.09 2.59 0.0 2.138 Br21 0.995
05514573+2146489 4745 65 2.54 0.17 -0.19 0.05 1.11 0.1 2.138 Br21 0.9998
05514773+2149434 5050 64 3.22 0.17 -0.45 0.05 1.62 0.11 2.138 Br21 0.9987
05515891+2148420 5618 80 3.3 0.22 -0.21 0.08 2.32 0.14 2.138 Br21 0.9961
05520265+2144496 5035 64 3.33 0.17 -0.2 0.06 1.5 0.13 2.138 Br21 0.9994
05513930+2150034 6892 84 3.74 0.22 -0.5 0.08 3.27 0.25 2.138 Br21 0.9987
05514130+2145383 6320 84 3.84 0.21 -0.61 0.08 2.85 0.24 2.138 Br21 0.9951
05514290+2147462 6324 84 3.69 0.22 0.07 0.08 2.94 0.19 2.138 Br21 0.9981
05514412+2147440 5643 82 3.46 0.21 -0.48 0.08 2.01 0.0 2.138 Br21 0.9984
05514863+2147505 6454 81 3.83 0.22 -0.02 0.08 2.88 0.17 2.138 Br21 0.9987
05515065+2148321 5127 66 3.21 0.18 -0.07 0.05 1.53 0.12 2.138 Br21 0.9905
05515180+2147238 6444 83 3.85 0.21 0.26 0.08 3.24 0.17 2.138 Br21 0.9984
05515695+2147377 5008 65 2.94 0.17 -0.15 0.05 1.54 0.12 2.138 Br21 0.9712
05512750+2153016 6475 82 4.58 0.22 -0.09 0.08 3.15 0.15 2.138 Br21 0.9924
05513769+2153554 6098 81 3.11 0.22 -0.84 0.08 2.02 0.0 2.138 Br21 0.9976
05513871+2150063 6747 82 4.43 0.22 0.11 0.08 2.55 0.0 2.138 Br21 0.9958
05513960+2153487 6501 84 4.12 0.22 -0.03 0.08 2.97 0.19 2.138 Br21 0.996
05514216+2146407 5015 66 2.99 0.18 -0.11 0.05 0.16 0.74 2.138 Br21 0.9995
05514232+2148454 5945 80 3.91 0.22 -0.2 0.08 2.57 0.1 2.138 Br21 0.999
05514280+2147242 6695 84 3.89 0.22 -0.21 0.08 2.95 0.18 2.138 Br21 0.9982
05514325+2149216 6656 81 3.06 0.23 -0.52 0.08 2.88 0.18 2.138 Br21 0.9972
05514435+2148014 6707 80 4.42 0.22 0.02 0.07 3.07 0.17 2.138 Br21 0.9974
05514869+2148585 6260 82 3.48 0.22 -0.23 0.08 2.48 0.21 2.138 Br21 0.9891
05514910+2148440 6269 83 4.08 0.22 -0.05 0.07 3.12 0.14 2.138 Br21 0.9983
05515566+2149482 5568 63 3.71 0.17 -0.21 0.05 2.26 0.09 2.138 Br21 0.999
05512626+2149496 6686 82 4.39 0.22 -0.21 0.08 3.23 0.18 2.138 Br21 0.9743
05512981+2143071 6736 65 4.29 0.17 -0.37 0.05 2.32 0.25 2.138 Br21 0.9982
05514334+2147068 6736 83 4.62 0.22 -0.37 0.08 3.36 0.18 2.138 Br21 0.9975
05514368+2147277 6570 64 4.46 0.17 -0.07 0.05 3.21 0.11 2.138 Br21 0.9944
05514903+2149310 6468 84 4.6 0.22 -0.01 0.08 2.89 0.2 2.138 Br21 0.9954
05515017+2149207 4974 63 3.06 0.18 -0.07 0.05 1.35 0.1 2.138 Br21 0.9979
05515727+2150546 5964 83 4.3 0.22 -0.17 0.08 2.23 0.15 2.138 Br21 0.9992
05520624+2144252 6463 83 3.97 0.22 0.16 0.07 3.01 0.15 2.138 Br21 0.9932
05513825+2149243 4985 33 2.7 0.05 -0.11 0.04 0.63 0.0 2.138 Br21 0.9996
05513908+2150213 5048 33 2.79 0.05 -0.19 0.04 0.82 0.0 2.138 Br21 0.9998
05514217+2150599 4991 32 2.73 0.05 -0.21 0.05 0.31 0.0 2.138 Br21 0.9996
05514275+2150304 4952 33 2.67 0.05 -0.19 0.04 0.72 0.0 2.138 Br21 0.9997
05514277+2149599 4413 30 1.87 0.05 -0.25 0.05 0.69 0.05 2.138 Br21 0.9997
05514545+2148168 4605 31 2.33 0.05 -0.24 0.05 1.14 0.05 2.138 Br21 0.9998
05515202+2149143 4626 33 2.43 0.05 -0.19 0.04 0.96 0.06 2.138 Br21 0.9994
