OBJECT TEFF E_TEFF LOGG E_LOGG FEH E_FEH LI1 E_LI1 "AGE (Gyr)" GES_FLD
05575691+0747527 3664 108 4.84 0.24 -0.22 0.09 -0.24 0.56 2.455 Br22
05580207+0741304 4998 65 3.07 0.18 0.08 0.05 1.16 0.00 2.455 Br22
05580561+0749392 4481 65 4.58 0.18 -0.08 0.05 -0.04 0.65 2.455 Br22
05580716+0743388 4995 65 3.06 0.18 -0.13 0.05 0.86 0.15 2.455 Br22
05580794+0745557 5102 61 3.53 0.17 -0.26 0.06 1.50 0.16 2.455 Br22
05580834+0746473 6176 83 3.42 0.21 -0.17 0.08 2.65 0.18 2.455 Br22
05580963+0739029 3776 109 1.17 0.24 -0.27 0.09 -1.00 0.00 2.455 Br22
05581193+0743321 5041 65 3.73 0.18 -0.68 0.06 0.66 0.00 2.455 Br22
05581461+0747437 4407 66 1.89 0.17 -0.80 0.05 -0.18 0.20 2.455 Br22
05581572+0743315 4618 62 4.90 0.17 0.01 0.05 0.58 0.00 2.455 Br22
05581601+0745425 5254 64 3.82 0.17 -0.15 0.05 1.85 0.14 2.455 Br22
05581856+0738404 5114 64 3.22 0.18 -0.31 0.06 0.96 0.41 2.455 Br22
05581861+0740568 5885 65 4.64 0.17 0.04 0.05 2.92 0.09 2.455 Br22
05582173+0745314 5033 62 3.57 0.18 -0.19 0.05 1.47 0.14 2.455 Br22
05582173+0747012 5011 65 3.06 0.17 -0.20 0.05 1.22 0.16 2.455 Br22
05582184+0739508 4722 63 4.62 0.17 0.00 0.05 0.66 0.35 2.455 Br22
05582695+0745261 3776 107 1.03 0.24 -0.16 0.09 -1.00 0.00 2.455 Br22
05582709+0746206 4946 66 3.05 0.17 -0.12 0.05 1.25 0.12 2.455 Br22
05582800+0742274 5083 64 3.29 0.17 -0.41 0.05 1.03 0.26 2.455 Br22
05582869+0744339 5142 83 3.23 0.22 -0.43 0.08 1.86 0.17 2.455 Br22
05582874+0740292 5022 65 2.93 0.17 -0.65 0.05 0.67 0.24 2.455 Br22
05583119+0745274 5136 66 3.75 0.17 -0.07 0.06 1.52 0.16 2.455 Br22
05583459+0744390 4918 64 2.85 0.17 -0.31 0.05 0.69 0.22 2.455 Br22
05575941+0742462 5489 82 3.99 0.22 0.15 0.08 2.36 0.15 2.455 Br22
05580094+0748350 4976 82 2.11 0.21 -0.96 0.08 1.47 0.00 2.455 Br22
05580377+0742527 6332 81 4.17 0.22 -0.46 0.08 3.13 0.00 2.455 Br22
05580515+0746504 5084 82 2.92 0.22 -0.90 0.08 1.10 0.00 2.455 Br22
05580731+0749121 4621 83 3.25 0.22 -0.73 0.08 0.51 0.00 2.455 Br22
05580866+0744347 5153 82 3.43 0.22 -0.31 0.08 1.50 0.00 2.455 Br22
05581189+0741173 5179 85 2.97 0.22 -0.39 0.08 1.64 0.29 2.455 Br22
05581634+0745408 6372 81 3.92 0.22 -0.18 0.08 2.98 0.19 2.455 Br22
05582088+0746054 6378 82 4.43 0.33 -0.54 0.08 2.87 0.24 2.455 Br22
05582101+0743505 5947 81 4.62 0.22 -0.40 0.07 2.60 0.19 2.455 Br22
05582153+0745171 5177 82 4.01 0.22 -0.25 0.08 1.48 0.27 2.455 Br22
05582179+0743161 5559 79 4.74 0.21 -0.01 0.07 2.06 0.30 2.455 Br22
05582225+0744513 6458 102 4.08 0.33 -0.23 0.10 3.04 0.17 2.455 Br22
05582359+0746424 4867 81 3.16 0.22 -0.26 0.08 1.20 0.00 2.455 Br22
05582381+0745440 6125 83 3.81 0.22 -0.81 0.08 2.68 0.00 2.455 Br22
05582549+0743317 5711 65 4.00 0.18 -0.13 0.05 2.00 0.32 2.455 Br22
05582675+0745397 4788 84 1.23 0.22 -0.52 0.07 1.00 0.00 2.455 Br22
05582878+0746196 5016 81 2.98 0.22 -0.24 0.08 1.56 0.20 2.455 Br22
05583050+0747464 6263 84 4.14 0.22 -0.22 0.08 2.80 0.00 2.455 Br22
05583070+0742101 4841 82 3.03 0.21 -0.35 0.08 1.08 0.38 2.455 Br22
05583083+0748568 6064 81 4.44 0.22 -0.09 0.08 2.92 0.17 2.455 Br22
05583211+0747092 4649 63 2.34 0.17 -0.35 0.05 0.32 0.17 2.455 Br22
05584293+0745527 5754 82 4.75 0.22 -0.16 0.08 1.92 0.00 2.455 Br22
05580941+0739108 4918 77 4.43 0.22 -0.04 0.07 1.23 0.32 2.455 Br22
05581416+0741316 5397 81 3.67 0.22 -0.05 0.08 2.18 0.22 2.455 Br22
05581517+0743214 5278 82 2.83 0.22 -0.94 0.08 2.08 0.18 2.455 Br22
05581676+0744469 5539 82 3.35 0.22 -0.55 0.08 1.69 0.00 2.455 Br22
05581893+0747317 4828 82 3.41 0.22 -0.73 0.08 1.30 0.20 2.455 Br22
05582101+0745062 5061 103 4.77 0.31 -0.55 0.10 1.40 0.00 2.455 Br22
05582215+0745435 5916 84 4.27 0.33 -0.60 0.08 1.93 0.00 2.455 Br22
05582271+0750457 4976 81 3.44 0.22 -0.20 0.07 1.76 0.21 2.455 Br22
05582504+0740097 5508 82 3.93 0.22 0.22 0.08 1.78 0.00 2.455 Br22
05582514+0747047 5600 81 3.13 0.21 -0.49 0.08 2.04 0.36 2.455 Br22
05582603+0744425 5983 82 3.20 0.22 -1.03 0.08 2.08 0.00 2.455 Br22
05582702+0748290 6132 79 4.87 0.22 -0.62 0.08 2.91 0.17 2.455 Br22
05582910+0744222 4963 84 3.25 0.21 -0.06 0.08 1.29 0.45 2.455 Br22
05583157+0738286 5417 81 4.98 0.21 0.12 0.07 1.70 0.35 2.455 Br22
05575735+0743580 5617 103 4.08 0.34 -0.27 0.09 2.15 0.22 2.455 Br22
05580029+0748379 6331 83 4.44 0.22 -0.45 0.07 3.09 0.16 2.455 Br22
05580071+0743152 5009 66 4.64 0.17 -0.23 0.05 1.02 0.00 2.455 Br22
05580228+0744597 5844 81 3.67 0.22 -0.58 0.08 2.65 0.18 2.455 Br22
05580311+0747273 5527 82 3.60 0.22 0.16 0.08 1.87 0.00 2.455 Br22
05580326+0739486 6947 104 4.17 0.33 -0.07 0.09 3.14 0.29 2.455 Br22
05580752+0738087 4968 64 4.47 0.17 0.15 0.06 0.82 0.00 2.455 Br22
05580851+0747302 5630 80 3.28 0.22 -0.33 0.08 1.68 0.00 2.455 Br22
05580865+0749392 5970 83 3.52 0.22 -0.56 0.08 1.94 0.00 2.455 Br22
05581312+0743255 5270 66 3.67 0.17 -0.36 0.06 1.78 0.16 2.455 Br22
05581738+0746522 5171 63 3.53 0.17 -0.31 0.05 1.05 0.00 2.455 Br22
05582053+0744052 5764 79 4.43 0.22 -0.88 0.08 2.32 0.00 2.455 Br22
05582222+0742260 6473 103 4.74 0.33 -0.08 0.10 3.34 0.19 2.455 Br22
05582366+0744166 6232 82 4.25 0.33 -0.48 0.10 2.43 0.32 2.455 Br22
05582498+0741188 5936 82 4.20 0.33 -0.85 0.09 2.62 0.00 2.455 Br22
05582704+0747017 4764 65 4.71 0.18 0.07 0.06 0.88 0.00 2.455 Br22
05583147+0745301 6152 80 3.87 0.34 -0.65 0.08 2.11 0.00 2.455 Br22
05583421+0750435 6560 87 4.19 0.22 0.06 0.08 3.30 0.15 2.455 Br22
05583628+0747086 4899 104 4.83 0.31 -0.16 0.09 1.41 0.28 2.455 Br22
05583752+0741251 5185 83 3.40 0.22 -0.35 0.08 1.23 0.00 2.455 Br22
05584819+0745561 6229 81 3.98 0.22 -0.87 0.08 2.97 0.00 2.455 Br22
05580617+0745315 5474 84 3.12 0.21 -0.39 0.08 1.78 0.00 2.455 Br22
05581299+0740550 5265 81 3.43 0.21 -0.18 0.07 1.79 0.32 2.455 Br22
05581758+0743116 6134 83 4.13 0.22 -0.29 0.08 3.08 0.17 2.455 Br22
05582744+0745385 5036 66 3.07 0.17 -0.14 0.06 0.87 0.31 2.455 Br22
05582846+0744158 6175 82 4.51 0.22 -0.04 0.08 3.10 0.18 2.455 Br22
05583767+0748280 5046 63 3.06 0.18 -0.20 0.05 0.73 0.24 2.455 Br22
05581989+0743559 4962 32 2.45 0.06 -0.30 0.05 0.81 0.00 2.455 Br22
05582518+0747593 4930 32 2.73 0.06 -0.17 0.04 0.75 0.12 2.455 Br22
05582595+0746114 4329 44 1.74 0.07 -0.38 0.04 0.03 0.08 2.455 Br22
05582915+0745331 4813 33 2.69 0.05 -0.36 0.05 0.33 0.00 2.455 Br22
05583017+0742597 5127 34 2.83 0.05 -0.24 0.05 0.81 0.00 2.455 Br22
05583046+0746119 4743 55 2.55 0.09 -0.23 0.04 1.24 0.09 2.455 Br22
05583091+0746314 4963 34 2.64 0.05 -0.25 0.04 0.82 0.12 2.455 Br22
