OBJECT TEFF E_TEFF LOGG E_LOGG FEH E_FEH LI1 E_LI1 "AGE (Gyr)" GES_FLD
06575682+0311282 5000 30 2.73 0.05 -0.18 0.05 -0.56 0.00 0.295 Br30
06571912+0311189 6447 67 4.09 0.17 -0.40 0.06 2.67 0.16 0.295 Br30
06571915+0318220 6124 65 4.04 0.17 -0.36 0.05 2.91 0.08 0.295 Br30
06572395+0315210 6108 65 3.83 0.18 -0.61 0.06 2.68 0.09 0.295 Br30
06572412+0311529 5941 65 4.29 0.17 -0.32 0.05 2.63 0.09 0.295 Br30
06572459+0311391 6017 65 4.18 0.17 -0.13 0.06 3.32 0.09 0.295 Br30
06572585+0312254 6299 67 4.17 0.17 -0.35 0.05 2.34 0.22 0.295 Br30
06572596+0317031 6239 67 3.85 0.17 -0.26 0.05 2.66 0.11 0.295 Br30
06572752+0317254 5771 63 4.24 0.17 -0.35 0.05 2.64 0.10 0.295 Br30
06572895+0317268 6203 65 4.25 0.18 -0.81 0.05 2.78 0.09 0.295 Br30
06573431+0316056 6327 82 3.61 0.22 -0.46 0.08 2.08 0.00 0.295 Br30
06574080+0312343 6506 64 3.95 0.18 -0.35 0.05 2.67 0.14 0.295 Br30
06574410+0313443 6869 69 4.05 0.21 -0.32 0.06 2.81 0.19 0.295 Br30
06574586+0319220 6887 65 4.07 0.18 -0.14 0.06 3.06 0.12 0.295 Br30
06574610+0314527 6890 99 4.42 0.26 0.31 0.12 3.50 0.16 0.295 Br30
06574688+0316593 6543 64 4.12 0.17 -0.27 0.05 2.66 0.00 0.295 Br30
06575649+0313337 6754 99 4.27 0.26 0.42 0.07 3.12 0.16 0.295 Br30
06575797+0312024 6759 70 4.19 0.21 -0.08 0.05 2.78 0.00 0.295 Br30
06580092+0315491 6885 67 4.00 0.17 -0.06 0.05 2.70 0.00 0.295 Br30
06571797+0310598 5862 65 4.48 0.17 -0.28 0.05 3.11 0.09 0.295 Br30
06571836+0313091 5552 81 3.47 0.22 -0.19 0.07 2.11 0.00 0.295 Br30
06571911+0314136 6102 105 4.30 0.33 -0.05 0.09 3.08 0.14 0.295 Br30
06572032+0315272 5833 65 4.30 0.17 -0.58 0.06 2.66 0.12 0.295 Br30
06572363+0308198 6066 65 4.48 0.17 -0.41 0.06 1.93 0.00 0.295 Br30
06572425+0313359 6251 66 3.98 0.17 -0.13 0.05 2.68 0.00 0.295 Br30
06572448+0318245 5952 65 3.84 0.17 -0.45 0.05 2.98 0.12 0.295 Br30
06572501+0309031 5394 82 4.80 0.22 -0.26 0.07 1.74 0.00 0.295 Br30
06572592+0306530 6124 81 3.39 0.21 -0.32 0.08 2.70 0.21 0.295 Br30
06572773+0312107 6696 82 3.94 0.22 -0.04 0.07 3.23 0.18 0.295 Br30
06572822+0309545 6420 106 4.17 0.34 -0.32 0.10 2.58 0.00 0.295 Br30
06572830+0313317 5894 65 4.41 0.17 -0.64 0.05 2.36 0.13 0.295 Br30
06572839+0316420 5966 81 3.70 0.21 -0.87 0.08 2.18 0.00 0.295 Br30
06572993+0315357 6127 103 4.34 0.33 -0.23 0.10 2.35 0.27 0.295 Br30
06573000+0308368 5579 81 4.96 0.22 -0.37 0.08 2.31 0.19 0.295 Br30
06573016+0318552 6680 83 3.98 0.22 -0.21 0.08 2.48 0.00 0.295 Br30
06573018+0317533 5916 65 4.46 0.18 -0.34 0.06 2.78 0.11 0.295 Br30
06573023+0315144 5741 82 4.06 0.22 -0.50 0.07 2.23 0.25 0.295 Br30
06573125+0317556 6609 104 4.02 0.33 -0.08 0.09 3.08 0.17 0.295 Br30
06573229+0309597 6349 80 3.50 0.22 -0.25 0.08 2.89 0.15 0.295 Br30
06573257+0315106 6360 84 3.86 0.22 -0.66 0.08 3.31 0.19 0.295 Br30
06573398+0311450 6744 64 4.06 0.17 -0.06 0.05 2.61 0.00 0.295 Br30
06573478+0306500 6777 82 3.65 0.22 -0.01 0.08 2.57 0.00 0.295 Br30
06573678+0316415 5887 66 3.98 0.18 -0.17 0.06 2.74 0.11 0.295 Br30
06573840+0317365 6532 83 4.28 0.22 -0.27 0.08 2.32 0.00 0.295 Br30
06574063+0316018 6737 84 4.33 0.22 -0.07 0.08 3.06 0.20 0.295 Br30
06574145+0315351 6848 109 4.17 0.24 -0.06 0.09 2.97 0.16 0.295 Br30
06574224+0313113 6144 64 3.96 0.17 -0.62 0.05 2.82 0.08 0.295 Br30
06574258+0313501 6431 63 4.03 0.17 -0.24 0.05 2.84 0.11 0.295 Br30
06574326+0316414 6703 66 4.24 0.17 -0.09 0.06 3.15 0.15 0.295 Br30
06574331+0308288 6409 65 3.90 0.17 -0.22 0.05 3.09 0.14 0.295 Br30
06574450+0313062 6631 83 4.22 0.22 -0.36 0.08 3.16 0.26 0.295 Br30
06574592+0310451 5635 62 4.02 0.17 0.03 0.05 3.28 0.13 0.295 Br30
06574621+0314134 6629 65 4.04 0.17 0.02 0.05 2.78 0.20 0.295 Br30
06574644+0313027 6078 65 4.26 0.18 -0.25 0.05 3.05 0.10 0.295 Br30
06574702+0310486 6401 81 4.18 0.22 -0.65 0.08 3.01 0.18 0.295 Br30
06574716+0308206 6698 83 4.12 0.22 -0.23 0.08 2.99 0.00 0.295 Br30
06574898+0307091 5761 84 3.55 0.22 -0.63 0.08 2.49 0.16 0.295 Br30
06574989+0309394 6612 80 4.36 0.22 -0.11 0.08 2.95 0.00 0.295 Br30
06575000+0313551 5941 80 3.99 0.22 -0.10 0.08 2.87 0.15 0.295 Br30
06575177+0314522 6266 83 4.61 0.22 0.02 0.07 2.65 0.00 0.295 Br30
06575227+0307353 6180 65 4.59 0.18 -0.18 0.05 2.79 0.11 0.295 Br30
06575388+0311386 6338 82 4.11 0.33 -0.15 0.10 2.65 0.26 0.295 Br30
06575441+0317598 5552 104 4.42 0.34 -0.46 0.09 2.14 0.21 0.295 Br30
06575462+0317210 6569 64 4.07 0.17 -0.32 0.05 2.49 0.00 0.295 Br30
06575489+0314159 6983 71 4.03 0.21 -0.40 0.06 2.99 0.16 0.295 Br30
06575585+0318380 6438 105 4.04 0.33 -0.14 0.10 3.19 0.14 0.295 Br30
06575592+0309303 6338 65 4.18 0.17 -0.56 0.05 2.10 0.00 0.295 Br30
06575603+0308519 6173 65 4.21 0.18 -0.44 0.05 2.67 0.12 0.295 Br30
06575745+0312145 6537 107 4.32 0.33 -0.17 0.10 2.41 0.00 0.295 Br30
06575761+0315374 5925 64 3.98 0.17 -0.44 0.05 2.29 0.00 0.295 Br30
06575787+0307536 5645 82 3.81 0.22 -0.21 0.08 1.84 0.00 0.295 Br30
06575817+0310193 5627 69 4.43 0.21 -0.62 0.05 2.11 0.19 0.295 Br30
06575836+0307426 5763 71 4.41 0.22 -0.45 0.05 2.77 0.11 0.295 Br30
06575881+0305310 5871 64 4.06 0.17 -0.29 0.05 2.62 0.12 0.295 Br30
06575991+0309021 6044 64 4.35 0.18 -0.13 0.05 2.89 0.13 0.295 Br30
06580036+0306462 5915 64 4.23 0.17 -0.64 0.06 2.61 0.14 0.295 Br30
06580078+0307288 6183 65 4.45 0.17 -0.39 0.06 3.07 0.09 0.295 Br30
06580081+0305381 6361 79 4.46 0.22 -0.41 0.08 2.63 0.21 0.295 Br30
06580166+0316138 6043 65 3.78 0.17 -0.74 0.05 2.63 0.15 0.295 Br30
06580212+0310152 5949 65 4.50 0.17 -0.83 0.05 2.32 0.17 0.295 Br30
06580261+0309404 6015 65 4.39 0.18 -0.44 0.06 2.88 0.12 0.295 Br30
06580483+0312579 6723 87 4.18 0.22 0.06 0.08 2.57 0.00 0.295 Br30
06580665+0311440 6318 83 4.66 0.22 -0.40 0.08 2.97 0.15 0.295 Br30
06580786+0311529 5895 70 4.10 0.21 -0.73 0.05 2.29 0.16 0.295 Br30
06580891+0308245 6059 65 4.57 0.17 -0.26 0.05 3.03 0.11 0.295 Br30
06580900+0305443 6442 82 4.44 0.21 -0.44 0.08 2.62 0.00 0.295 Br30
06580909+0311529 5899 63 4.57 0.17 -0.67 0.05 2.66 0.12 0.295 Br30
06571840+0317572 6200 70 4.12 0.21 -0.55 0.05 2.81 0.13 0.295 Br30
06571960+0314172 6271 82 3.93 0.22 -0.43 0.08 3.11 0.13 0.295 Br30
06572170+0315129 5461 106 3.73 0.34 -0.67 0.09 2.41 0.19 0.295 Br30
06572174+0314311 5863 66 4.40 0.18 -0.04 0.05 2.42 0.17 0.295 Br30
06572398+0314174 6138 66 4.19 0.18 -0.63 0.05 2.63 0.11 0.295 Br30
06572587+0314576 6297 83 3.95 0.21 -0.46 0.08 2.88 0.15 0.295 Br30
06572681+0308261 5846 64 3.76 0.17 -0.47 0.05 1.87 0.00 0.295 Br30
06572924+0313476 6167 84 3.35 0.21 -0.11 0.08 2.96 0.15 0.295 Br30
06572969+0313369 5763 70 4.57 0.21 -0.44 0.05 2.05 0.00 0.295 Br30
06572999+0317045 5449 81 3.66 0.22 -0.23 0.08 2.27 0.15 0.295 Br30
06573035+0315034 6246 84 3.84 0.22 -0.59 0.08 2.88 0.14 0.295 Br30
06573517+0313298 5617 82 3.59 0.21 -0.80 0.08 2.38 0.17 0.295 Br30
06573599+0313314 5584 82 4.79 0.22 0.05 0.07 1.95 0.36 0.295 Br30
06573702+0316084 6406 82 4.41 0.22 -0.15 0.07 2.88 0.00 0.295 Br30
06573818+0313419 6325 65 4.10 0.17 -0.10 0.05 2.79 0.15 0.295 Br30
06573883+0307341 5609 106 4.53 0.33 -0.18 0.09 2.10 0.00 0.295 Br30
06574060+0311510 6580 106 4.35 0.34 -0.53 0.09 3.06 0.15 0.295 Br30
06574171+0314465 6354 82 3.54 0.22 0.02 0.08 3.12 0.14 0.295 Br30
06574446+0307145 6070 64 4.19 0.17 -0.39 0.06 2.71 0.10 0.295 Br30
06574524+0311391 5807 66 4.66 0.18 -0.48 0.06 2.53 0.14 0.295 Br30
06574574+0312117 6583 84 3.82 0.21 -0.33 0.08 3.38 0.16 0.295 Br30
06574696+0314331 6754 65 4.23 0.18 0.09 0.05 3.21 0.13 0.295 Br30
06574771+0319292 6816 83 4.11 0.22 -0.20 0.08 3.19 0.19 0.295 Br30
06574783+0316231 5819 63 4.21 0.18 -0.46 0.06 2.24 0.19 0.295 Br30
06574886+0317068 6089 82 3.79 0.22 -0.49 0.07 3.18 0.15 0.295 Br30
06575364+0309143 6312 66 3.73 0.17 -0.24 0.05 2.86 0.16 0.295 Br30
06575508+0311215 5736 66 4.07 0.17 -0.23 0.05 2.15 0.22 0.295 Br30
06575785+0318089 5904 82 3.24 0.22 -0.70 0.08 2.50 0.15 0.295 Br30
06575878+0307484 5975 83 4.82 0.22 -0.46 0.08 2.59 0.17 0.295 Br30
06575915+0306094 6601 85 3.97 0.22 -0.59 0.08 2.63 0.23 0.295 Br30
06580809+0312116 5941 80 3.99 0.22 -0.66 0.08 2.70 0.14 0.295 Br30
06580875+0316553 6391 101 3.94 0.33 -0.17 0.10 3.23 0.16 0.295 Br30
06575040+0318271 6362 66 4.26 0.17 -0.29 0.05 2.91 0.14 0.295 Br30
06572370+0318113 5716 83 4.88 0.22 -0.06 0.08 2.11 0.24 0.295 Br30
06572839+0317262 6143 68 4.44 0.21 -0.52 0.05 2.25 0.00 0.295 Br30
06574011+0313174 6753 83 4.32 0.22 0.18 0.08 3.31 0.17 0.295 Br30
06574190+0313021 6059 106 4.99 0.29 -0.23 0.09 2.77 0.19 0.295 Br30
06574544+0314266 6155 81 4.58 0.22 0.04 0.08 3.27 0.17 0.295 Br30
06574556+0312506 6834 108 4.21 0.24 -0.21 0.09 2.94 0.17 0.295 Br30
06572213+0313006 5900 81 3.87 0.22 -0.11 0.08 2.42 0.23 0.295 Br30
06572440+0317541 5804 66 3.63 0.17 -0.35 0.05 2.65 0.13 0.295 Br30
06572759+0316056 5601 83 4.75 0.22 -0.75 0.08 2.21 0.00 0.295 Br30
06573050+0314598 5158 81 3.07 0.22 -0.69 0.08 1.27 0.00 0.295 Br30
06573182+0313162 6266 104 3.85 0.33 -0.17 0.10 2.59 0.25 0.295 Br30
06574305+0312491 6951 72 4.18 0.21 -0.03 0.06 2.90 0.25 0.295 Br30
06574314+0314284 6026 83 3.95 0.21 -0.37 0.08 2.64 0.00 0.295 Br30
06574561+0314242 6529 82 3.38 0.22 -0.59 0.08 3.12 0.22 0.295 Br30
06572508+0313206 4953 31 2.80 0.05 -0.11 0.05 0.75 0.07 0.295 Br30
06572859+0315331 4580 30 2.18 0.05 -0.28 0.05 -0.33 0.00 0.295 Br30
06573893+0314513 4956 31 2.72 0.05 -0.22 0.05 0.35 0.11 0.295 Br30
06574567+0313308 4354 31 1.72 0.06 -0.17 0.05 1.00 0.05 0.295 Br30
06574714+0309318 4316 31 1.99 0.05 -0.12 0.05 -1.00 0.00 0.295 Br30
06574845+0313424 5011 31 2.48 0.05 -0.13 0.05 0.85 0.00 0.295 Br30
06574890+0312476 5053 31 2.49 0.05 -0.14 0.05 1.05 0.04 0.295 Br30
06575103+0307271 4547 31 2.29 0.05 -0.14 0.05 -0.20 0.09 0.295 Br30
06575172+0313100 4915 31 2.44 0.05 -0.41 0.05 -0.10 0.00 0.295 Br30
06580546+0314126 4727 30 2.45 0.05 -0.51 0.05 0.18 0.09 0.295 Br30
06580608+0311271 4584 31 2.54 0.05 0.12 0.05 -0.67 0.00 0.295 Br30
06580631+0305284 4355 32 1.89 0.05 -0.30 0.05 -0.44 0.07 0.295 Br30
