OBJECT TEFF E_TEFF LOGG E_LOGG FEH E_FEH LI1 E_LI1 "AGE (Gyr)" GES_FLD
06565536+0823122 5113 64 3.30 0.18 -0.33 0.05 0.85 0.15 2.818 Br31
06565605+0820192 5072 65 4.63 0.17 -0.28 0.05 0.67 0.18 2.818 Br31
06565771+0821443 5173 66 3.65 0.18 0.04 0.05 0.43 0.55 2.818 Br31
06570405+0812063 4966 65 2.96 0.17 -0.26 0.05 0.71 0.21 2.818 Br31
06570496+0816357 4969 66 2.89 0.17 -0.12 0.06 0.09 0.55 2.818 Br31
06570512+0817155 4723 64 2.46 0.17 -0.26 0.05 0.70 0.11 2.818 Br31
06570546+0809531 4864 64 2.65 0.17 -0.15 0.05 0.80 0.00 2.818 Br31
06570630+0819506 5190 64 4.56 0.17 0.04 0.05 0.64 0.38 2.818 Br31
06570861+0822193 5193 63 4.51 0.17 0.15 0.05 1.11 0.00 2.818 Br31
06570970+0811108 4844 65 3.00 0.17 0.20 0.06 0.75 0.11 2.818 Br31
06571295+0815255 4713 63 4.63 0.17 -0.01 0.05 0.51 0.00 2.818 Br31
06571410+0812267 5430 65 3.90 0.17 -0.21 0.05 1.57 0.11 2.818 Br31
06571440+0826161 5015 63 3.01 0.17 -0.41 0.05 0.87 0.00 2.818 Br31
06571518+0822277 4881 65 2.58 0.17 -0.05 0.06 -1.00 0.00 2.818 Br31
06571947+0828084 4692 66 2.61 0.17 -0.02 0.05 -0.51 0.51 2.818 Br31
06572155+0828196 4433 66 4.49 0.18 0.10 0.05 -0.19 0.62 2.818 Br31
06572847+0828014 4523 65 2.36 0.17 0.30 0.05 -0.19 0.18 2.818 Br31
06572848+0813486 4386 65 1.80 0.17 -0.54 0.05 -0.14 0.14 2.818 Br31
06572951+0822237 4736 64 2.52 0.17 -0.28 0.05 0.55 0.12 2.818 Br31
06573452+0813587 5011 66 2.92 0.18 -0.07 0.06 1.00 0.00 2.818 Br31
06574534+0828264 4636 65 4.78 0.18 -0.10 0.05 0.20 0.15 2.818 Br31
06574583+0812031 4623 65 4.79 0.18 0.10 0.05 0.34 0.14 2.818 Br31
06574617+0822338 5051 66 3.00 0.17 -0.29 0.05 2.49 0.09 2.818 Br31
06575112+0812104 4694 64 2.47 0.17 -0.22 0.05 -0.20 0.57 2.818 Br31
06575898+0825502 5174 65 3.24 0.18 -0.40 0.05 1.13 0.15 2.818 Br31
06580108+0820505 4308 76 1.68 0.18 -0.36 0.10 -0.46 0.14 2.818 Br31
06580161+0814379 4938 65 2.85 0.17 -0.23 0.05 0.89 0.00 2.818 Br31
06580366+0811410 4417 65 1.90 0.18 -0.41 0.06 0.40 0.12 2.818 Br31
06580471+0815427 4951 65 4.58 0.18 -0.29 0.06 0.60 0.00 2.818 Br31
06580752+0810238 4750 66 2.52 0.17 -0.06 0.05 0.92 0.00 2.818 Br31
06580781+0817547 4733 66 4.66 0.17 0.03 0.06 0.54 0.00 2.818 Br31
06580794+0814272 5076 64 3.21 0.17 -0.32 0.05 1.39 0.09 2.818 Br31
06581479+0811437 4867 63 2.97 0.17 -0.32 0.06 0.53 0.15 2.818 Br31
06581520+0820029 4723 64 2.99 0.17 0.21 0.05 0.93 0.00 2.818 Br31
06581567+0812088 4546 67 2.14 0.17 -0.34 0.05 -0.26 0.16 2.818 Br31
06581760+0811058 5012 64 3.13 0.17 -0.33 0.06 1.35 0.11 2.818 Br31
06571311+0814188 4807 31 2.69 0.05 -0.33 0.05 0.65 0.05 2.818 Br31
06573260+0815157 4912 31 2.60 0.05 -0.34 0.05 -0.14 0.00 2.818 Br31
06573630+0816561 4943 31 2.56 0.05 -0.37 0.05 -0.75 0.00 2.818 Br31
06574124+0812228 4916 32 2.66 0.05 -0.28 0.04 0.25 0.00 2.818 Br31
06565337+0823316 5252 65 3.95 0.18 -0.36 0.05 1.68 0.14 2.818 Br31
06565515+0821410 5199 66 3.87 0.18 -0.38 0.05 0.90 0.00 2.818 Br31
06565673+0816292 6040 64 4.61 0.17 -0.52 0.05 2.62 0.09 2.818 Br31
06565768+0818511 6709 83 4.10 0.21 -0.22 0.08 2.39 0.00 2.818 Br31
06565800+0816114 5829 66 3.37 0.17 -0.49 0.05 1.61 0.00 2.818 Br31
06565937+0824211 5883 65 4.22 0.17 -0.67 0.05 1.76 0.26 2.818 Br31
06570117+0817579 6008 81 3.83 0.22 -0.45 0.08 1.82 0.00 2.818 Br31
06570155+0811579 6364 81 3.54 0.22 -0.30 0.08 2.49 0.00 2.818 Br31
06570338+0810051 6483 64 3.94 0.17 -0.31 0.05 2.48 0.16 2.818 Br31
06570643+0819292 6346 66 4.22 0.17 -0.66 0.06 2.44 0.14 2.818 Br31
06570837+0825003 5250 64 4.40 0.17 0.08 0.05 1.30 0.19 2.818 Br31
06571004+0819282 5224 80 2.80 0.22 -1.02 0.08 2.25 0.16 2.818 Br31
06571011+0811570 6347 64 4.06 0.17 -0.65 0.05 2.23 0.25 2.818 Br31
06571042+0812412 5917 65 4.17 0.18 -0.56 0.05 2.02 0.00 2.818 Br31
06571132+0814337 5119 64 4.40 0.17 -0.02 0.05 0.39 0.63 2.818 Br31
06571150+0817199 6279 65 4.25 0.17 -0.56 0.06 2.83 0.09 2.818 Br31
06571249+0812115 6058 66 4.18 0.18 -0.51 0.06 2.43 0.10 2.818 Br31
06571491+0813482 6206 65 4.14 0.17 -0.41 0.05 2.85 0.08 2.818 Br31
06571624+0825417 5137 65 3.81 0.18 -0.54 0.05 1.29 0.12 2.818 Br31
06571685+0824103 6479 82 4.28 0.23 -0.62 0.08 2.48 0.21 2.818 Br31
06571732+0816262 5243 64 3.57 0.17 -0.37 0.05 1.43 0.00 2.818 Br31
06572155+0817493 5359 67 4.63 0.18 -0.01 0.06 1.08 0.63 2.818 Br31
06572445+0816547 5197 63 4.58 0.17 -0.29 0.05 1.45 0.17 2.818 Br31
06572484+0818187 5329 65 4.79 0.18 -0.03 0.06 1.22 0.00 2.818 Br31
06572574+0821003 6325 65 3.80 0.17 -0.15 0.06 2.86 0.10 2.818 Br31
06572590+0811292 5149 65 4.52 0.17 -0.02 0.05 1.14 0.00 2.818 Br31
06572760+0817084 5014 84 3.02 0.21 -0.96 0.08 1.62 0.00 2.818 Br31
06572875+0816479 5198 64 4.59 0.18 -0.04 0.06 1.21 0.28 2.818 Br31
06572973+0812015 5964 65 4.34 0.17 -0.07 0.06 2.39 0.10 2.818 Br31
06573086+0813597 6503 81 4.10 0.22 0.06 0.08 3.07 0.18 2.818 Br31
06573133+0819394 5224 65 3.91 0.17 -0.32 0.05 1.13 0.22 2.818 Br31
06573192+0816305 5537 65 3.78 0.17 -0.50 0.05 1.60 0.26 2.818 Br31
06573374+0820535 5860 63 4.33 0.17 -0.16 0.05 2.44 0.09 2.818 Br31
06573553+0820119 5886 64 4.36 0.17 -0.61 0.06 2.28 0.10 2.818 Br31
06573597+0819360 6172 65 3.93 0.18 -0.08 0.06 2.69 0.14 2.818 Br31
06573611+0817202 5444 79 3.25 0.33 -1.09 0.09 2.37 0.17 2.818 Br31
06573685+0816470 6565 81 4.26 0.22 -0.22 0.08 2.69 0.00 2.818 Br31
06573773+0817511 5244 63 3.64 0.18 -0.36 0.05 1.50 0.16 2.818 Br31
06573778+0818114 6176 81 3.65 0.21 -0.62 0.07 2.32 0.21 2.818 Br31
06573785+0818307 6222 63 4.06 0.18 -0.20 0.05 1.83 0.00 2.818 Br31
06573833+0826375 5987 64 4.39 0.17 -0.03 0.05 2.82 0.08 2.818 Br31
06573838+0817365 6206 65 4.10 0.17 -0.54 0.06 2.47 0.14 2.818 Br31
06573894+0815476 6125 65 3.85 0.18 -0.39 0.05 2.21 0.19 2.818 Br31
06573895+0821073 5984 64 4.05 0.17 -0.46 0.06 2.40 0.12 2.818 Br31
06573964+0816212 5125 66 3.34 0.17 -0.28 0.05 1.46 0.10 2.818 Br31
06574063+0815420 6241 84 4.11 0.22 -1.05 0.08 2.36 0.13 2.818 Br31
06574174+0815539 6187 83 4.27 0.22 -0.29 0.07 2.68 0.23 2.818 Br31
06574228+0825499 5853 66 4.51 0.18 0.12 0.05 1.87 0.00 2.818 Br31
06574229+0815376 5259 64 3.58 0.17 -0.35 0.06 1.62 0.12 2.818 Br31
06574259+0820509 6525 66 4.07 0.18 -0.15 0.06 3.01 0.11 2.818 Br31
06574339+0811351 6115 65 4.25 0.17 -0.50 0.05 2.44 0.12 2.818 Br31
06574343+0814261 5940 65 4.13 0.17 -0.37 0.05 2.83 0.09 2.818 Br31
06574456+0815133 5882 65 4.64 0.17 0.35 0.05 1.93 0.20 2.818 Br31
06574492+0815487 6105 81 4.46 0.22 -0.49 0.08 2.84 0.11 2.818 Br31
06574500+0816597 6237 83 3.67 0.21 -0.44 0.08 2.48 0.23 2.818 Br31
06574509+0818240 6277 65 4.32 0.17 -0.55 0.05 2.22 0.00 2.818 Br31
06574639+0824353 6353 66 3.79 0.18 -0.25 0.06 2.23 0.00 2.818 Br31
06574658+0819057 6184 65 4.17 0.17 -0.26 0.05 2.98 0.08 2.818 Br31
06574771+0824410 4931 66 4.64 0.18 -0.08 0.05 0.75 0.00 2.818 Br31
06574809+0819021 5248 67 3.52 0.18 -0.26 0.06 1.56 0.12 2.818 Br31
06574858+0816378 5770 82 3.64 0.21 -0.71 0.08 2.51 0.14 2.818 Br31
06574936+0819450 5289 66 3.62 0.17 -0.41 0.05 1.68 0.11 2.818 Br31
06574992+0816409 6221 64 4.32 0.18 -0.42 0.05 2.85 0.11 2.818 Br31
06575114+0818487 6426 65 4.00 0.17 0.01 0.06 2.28 0.17 2.818 Br31
06575162+0813480 6475 66 4.19 0.17 -0.30 0.05 2.99 0.09 2.818 Br31
06575480+0821154 6696 83 4.00 0.22 -0.34 0.08 2.80 0.17 2.818 Br31
06575736+0811242 6169 64 4.21 0.17 -0.32 0.05 2.37 0.13 2.818 Br31
06575920+0810077 6524 81 3.95 0.22 -0.01 0.08 3.16 0.12 2.818 Br31
06580362+0810106 6056 64 3.98 0.17 -0.41 0.06 2.16 0.19 2.818 Br31
06581575+0814469 5904 67 4.46 0.18 -0.42 0.06 2.79 0.08 2.818 Br31
06581615+0812504 5599 65 4.16 0.17 -0.22 0.06 2.00 0.19 2.818 Br31
06581840+0813134 6269 66 4.22 0.17 -0.46 0.05 1.96 0.00 2.818 Br31
06582002+0811513 6057 65 4.47 0.18 -0.02 0.05 2.86 0.09 2.818 Br31
06582091+0814282 6703 83 4.36 0.22 -0.65 0.08 2.31 0.00 2.818 Br31
06582243+0817563 6401 83 3.94 0.22 -0.11 0.08 3.09 0.12 2.818 Br31
06572746+0819245 4786 31 2.64 0.05 -0.35 0.05 -0.51 0.00 2.818 Br31
06564925+0815276 5968 66 4.36 0.17 -0.04 0.05 1.77 0.00 2.818 Br31
06565005+0813080 5134 67 3.93 0.18 -0.53 0.06 0.76 0.21 2.818 Br31
06565121+0813449 5178 64 4.16 0.17 -0.39 0.05 1.12 0.14 2.818 Br31
06570228+0814415 6028 66 4.41 0.17 -0.30 0.05 2.41 0.12 2.818 Br31
06570403+0821425 5797 66 4.28 0.17 -0.14 0.05 2.05 0.14 2.818 Br31
06570792+0819287 6047 66 3.85 0.17 -0.51 0.05 2.84 0.08 2.818 Br31
06571068+0813474 6162 64 4.02 0.18 -0.75 0.05 2.69 0.10 2.818 Br31
06571170+0812200 5134 64 4.76 0.17 -0.20 0.06 0.58 0.51 2.818 Br31
06571184+0818361 6639 67 4.03 0.17 -0.09 0.06 2.00 0.00 2.818 Br31
06571558+0811273 6290 67 4.19 0.18 -0.19 0.05 2.96 0.07 2.818 Br31
06571704+0812006 6423 65 4.27 0.17 -0.13 0.05 3.06 0.07 2.818 Br31
06571756+0818554 6437 65 3.98 0.17 -0.51 0.05 1.95 0.00 2.818 Br31
06572069+0813165 5526 64 4.36 0.17 -0.05 0.05 1.64 0.20 2.818 Br31
06572211+0821457 5495 65 4.59 0.18 0.05 0.06 2.23 0.09 2.818 Br31
06572487+0819135 5711 62 3.82 0.17 -0.21 0.05 2.64 0.08 2.818 Br31
06572537+0818431 5423 65 4.71 0.18 -0.30 0.05 1.54 0.00 2.818 Br31
06572634+0823290 5221 65 3.53 0.17 -0.34 0.05 1.40 0.14 2.818 Br31
06572778+0820563 6101 64 4.11 0.17 -0.28 0.05 3.05 0.10 2.818 Br31
06572811+0814105 6079 66 4.60 0.18 -0.40 0.05 2.50 0.12 2.818 Br31
06572851+0813156 6281 66 3.99 0.18 -0.56 0.05 2.47 0.13 2.818 Br31
06572877+0818224 6212 82 4.64 0.22 -0.51 0.08 2.69 0.17 2.818 Br31
06572889+0821446 5682 67 4.61 0.17 -0.27 0.05 2.11 0.13 2.818 Br31
06572960+0817463 6204 68 4.29 0.17 -0.37 0.05 2.66 0.14 2.818 Br31
06573158+0813550 6007 63 4.23 0.17 -0.24 0.05 2.44 0.07 2.818 Br31
06573263+0816506 6500 66 4.13 0.17 -0.44 0.05 2.72 0.10 2.818 Br31
06573484+0817505 6229 64 3.79 0.18 -0.62 0.06 2.38 0.16 2.818 Br31
06573486+0819406 5918 82 4.08 0.22 -0.28 0.07 2.59 0.15 2.818 Br31
06573509+0820510 6542 69 4.16 0.21 -0.15 0.05 2.45 0.14 2.818 Br31
06573655+0821405 5267 66 4.60 0.17 0.20 0.05 1.27 0.00 2.818 Br31
06573708+0817066 5800 81 3.42 0.22 -0.82 0.07 2.29 0.00 2.818 Br31
06573735+0818260 5849 82 4.72 0.21 -0.89 0.08 2.90 0.17 2.818 Br31
06573896+0817150 6492 81 3.84 0.22 -0.21 0.08 2.68 0.21 2.818 Br31
06573919+0814527 6359 83 3.95 0.21 -0.63 0.08 2.92 0.00 2.818 Br31
06574005+0817135 6127 64 4.27 0.17 -0.68 0.06 1.65 0.00 2.818 Br31
06574020+0816332 6562 67 4.13 0.17 -0.44 0.05 2.61 0.22 2.818 Br31
06574093+0810233 5578 80 4.94 0.21 0.32 0.07 1.84 0.00 2.818 Br31
06574146+0818176 6118 65 4.07 0.17 -0.48 0.05 2.01 0.00 2.818 Br31
06574235+0816363 6506 80 4.48 0.21 -0.45 0.08 3.03 0.17 2.818 Br31
06574361+0816140 6070 66 4.35 0.17 -0.33 0.06 2.64 0.10 2.818 Br31
06574390+0825119 6515 65 4.08 0.17 -0.08 0.05 3.07 0.11 2.818 Br31
06574502+0817338 6339 66 4.10 0.17 -0.34 0.06 2.32 0.00 2.818 Br31
06574526+0817008 6653 82 4.55 0.22 -0.45 0.08 2.47 0.00 2.818 Br31
06574554+0817560 6127 66 4.29 0.17 -0.25 0.06 2.67 0.13 2.818 Br31
06574663+0822213 5611 64 4.13 0.17 -0.59 0.05 2.12 0.10 2.818 Br31
06574764+0812320 5560 64 4.06 0.18 -0.43 0.05 1.99 0.12 2.818 Br31
06574783+0820349 6377 67 4.00 0.17 -0.60 0.06 2.06 0.00 2.818 Br31
06574867+0816485 5082 65 3.21 0.18 -0.46 0.05 1.48 0.11 2.818 Br31
06574933+0818102 6233 105 3.92 0.33 -0.31 0.09 3.16 0.13 2.818 Br31
06574953+0823308 6143 64 3.68 0.17 -0.25 0.06 2.82 0.10 2.818 Br31
06574960+0824213 5752 65 4.50 0.17 -0.38 0.05 1.84 0.23 2.818 Br31
06574983+0810257 5454 65 4.36 0.18 -0.29 0.05 1.55 0.15 2.818 Br31
06575063+0819162 6177 81 4.43 0.22 -0.31 0.07 2.81 0.18 2.818 Br31
06575067+0820162 6134 82 3.80 0.21 -0.51 0.08 2.43 0.00 2.818 Br31
06575087+0817389 5803 65 4.24 0.18 -0.08 0.06 2.31 0.10 2.818 Br31
06575358+0819359 5853 65 3.95 0.17 -0.40 0.05 1.80 0.00 2.818 Br31
06575455+0815155 6252 65 4.32 0.17 -0.03 0.05 2.91 0.08 2.818 Br31
06575765+0817584 6239 63 4.10 0.18 -0.25 0.05 2.21 0.00 2.818 Br31
06575811+0812524 6042 65 4.45 0.18 0.15 0.05 2.45 0.09 2.818 Br31
06575874+0814479 6220 64 4.18 0.18 -0.31 0.05 2.97 0.07 2.818 Br31
06575875+0821035 5858 68 4.24 0.21 -0.60 0.06 2.49 0.10 2.818 Br31
06575933+0814230 6052 65 4.18 0.18 -0.61 0.05 1.87 0.21 2.818 Br31
06575936+0816318 6054 67 4.27 0.18 -0.47 0.06 2.73 0.08 2.818 Br31
06580148+0817582 6145 64 4.33 0.17 -0.22 0.05 2.83 0.07 2.818 Br31
06580232+0821538 5206 63 4.70 0.17 -0.35 0.06 1.48 0.15 2.818 Br31
06580399+0823114 6243 66 3.95 0.17 -0.50 0.05 2.94 0.08 2.818 Br31
06580433+0810309 5393 64 4.70 0.18 -0.23 0.05 1.69 0.17 2.818 Br31
06580499+0811368 5555 63 4.45 0.18 -0.32 0.05 1.66 0.21 2.818 Br31
06580697+0819030 6479 65 4.24 0.18 -0.50 0.05 2.30 0.00 2.818 Br31
06580905+0825099 5831 64 4.30 0.17 -0.24 0.05 2.50 0.09 2.818 Br31
06581019+0820576 6472 67 4.15 0.17 -0.41 0.05 2.64 0.13 2.818 Br31
06581084+0815146 6465 82 4.09 0.21 -0.31 0.08 2.85 0.18 2.818 Br31
06581111+0819287 6007 63 3.90 0.17 -0.38 0.05 2.74 0.08 2.818 Br31
06581357+0824162 5502 66 3.83 0.17 0.21 0.05 1.86 0.00 2.818 Br31
06581363+0823538 5127 66 3.99 0.18 -0.53 0.05 1.39 0.14 2.818 Br31
06581376+0810143 6789 83 4.18 0.22 -0.31 0.08 3.12 0.11 2.818 Br31
06581412+0810409 6271 67 4.24 0.17 -0.06 0.06 2.88 0.09 2.818 Br31
06581568+0823036 5332 63 3.38 0.18 -0.45 0.05 1.69 0.00 2.818 Br31
06581707+0814275 5271 65 3.62 0.18 -0.17 0.06 1.23 0.19 2.818 Br31
06581769+0819252 5608 66 4.47 0.18 -0.15 0.05 1.98 0.19 2.818 Br31
06581896+0810476 5923 66 4.26 0.18 -0.55 0.06 2.31 0.15 2.818 Br31
06581903+0810173 5181 63 2.96 0.17 -0.61 0.05 1.04 0.24 2.818 Br31
06582001+0817103 5614 68 4.39 0.17 -0.40 0.05 2.12 0.12 2.818 Br31
06582153+0821028 5591 65 4.45 0.18 -0.06 0.06 1.35 0.00 2.818 Br31
06565310+0823124 6037 65 3.78 0.18 -0.55 0.05 2.15 0.00 2.818 Br31
06565756+0822505 5125 63 4.44 0.17 -0.21 0.05 1.32 0.16 2.818 Br31
06565965+0825354 5826 64 4.64 0.17 0.06 0.05 2.31 0.12 2.818 Br31
06570199+0816279 4946 64 4.42 0.18 -0.18 0.05 2.57 0.10 2.818 Br31
06570646+0819039 5216 65 4.12 0.17 0.08 0.05 1.34 0.00 2.818 Br31
06570701+0823100 6129 64 4.01 0.18 -0.16 0.06 2.65 0.11 2.818 Br31
06570888+0818551 6572 65 3.99 0.17 -0.29 0.05 1.85 0.00 2.818 Br31
06570902+0812548 5723 66 4.15 0.17 0.06 0.05 2.12 0.17 2.818 Br31
06570947+0820595 6002 67 4.14 0.18 -0.32 0.05 2.84 0.07 2.818 Br31
06570976+0818424 6389 64 4.28 0.17 -0.15 0.05 2.28 0.00 2.818 Br31
06571042+0826130 6334 66 4.29 0.18 -0.44 0.05 2.80 0.10 2.818 Br31
06571182+0820003 6242 67 4.14 0.17 -0.52 0.05 1.66 0.00 2.818 Br31
06571438+0813106 6336 66 4.17 0.18 -0.05 0.06 2.89 0.10 2.818 Br31
06571474+0823169 5802 64 3.96 0.17 -0.56 0.05 2.34 0.11 2.818 Br31
06571553+0819241 6293 66 4.14 0.17 -0.35 0.05 2.41 0.13 2.818 Br31
06571687+0822458 5933 64 4.03 0.17 -0.41 0.05 1.87 0.25 2.818 Br31
06571687+0827161 6215 65 4.46 0.18 -0.05 0.06 2.87 0.09 2.818 Br31
06571827+0828000 6190 65 3.71 0.17 -0.34 0.06 2.41 0.00 2.818 Br31
06572065+0826442 5237 63 4.27 0.17 0.01 0.05 1.28 0.49 2.818 Br31
06572593+0820573 6395 66 4.28 0.17 -0.45 0.06 2.55 0.14 2.818 Br31
06572700+0820217 6050 66 4.17 0.17 -0.36 0.05 2.54 0.08 2.818 Br31
06572729+0820395 5372 71 4.77 0.21 -0.03 0.05 1.02 0.00 2.818 Br31
06573038+0822370 5042 65 4.71 0.17 -0.12 0.05 0.72 0.00 2.818 Br31
06573094+0818246 6152 66 4.09 0.17 -0.41 0.05 1.97 0.20 2.818 Br31
06573226+0819406 6202 82 4.14 0.22 -0.94 0.08 2.67 0.09 2.818 Br31
06573250+0824091 5834 65 4.54 0.17 0.00 0.05 2.69 0.09 2.818 Br31
06573276+0812567 6478 102 4.52 0.34 0.06 0.10 2.95 0.18 2.818 Br31
06573329+0825317 6796 68 4.17 0.18 -0.06 0.05 3.11 0.09 2.818 Br31
06573342+0819443 6090 66 4.64 0.17 0.09 0.05 2.43 0.10 2.818 Br31
06573456+0812154 6276 79 4.05 0.21 -0.66 0.08 2.64 0.15 2.818 Br31
06573570+0819118 6275 64 4.35 0.17 -0.43 0.06 2.30 0.00 2.818 Br31
06573611+0816140 5922 104 3.34 0.33 -0.73 0.09 2.87 0.20 2.818 Br31
06573668+0827331 5245 65 3.41 0.17 -0.21 0.05 1.46 0.13 2.818 Br31
06573783+0816419 6383 104 4.11 0.34 -0.08 0.09 3.06 0.18 2.818 Br31
06573803+0818024 5575 65 4.52 0.17 -0.14 0.05 1.96 0.15 2.818 Br31
06573824+0817443 6564 85 3.75 0.21 -0.56 0.08 2.64 0.00 2.818 Br31
06573920+0825036 5392 64 4.61 0.18 -0.16 0.05 1.39 0.00 2.818 Br31
06573960+0816065 6554 104 4.98 0.28 -0.16 0.09 2.93 0.25 2.818 Br31
06573963+0815200 6098 83 3.31 0.22 -0.73 0.08 2.97 0.16 2.818 Br31
06574003+0817198 6173 67 4.30 0.17 -0.42 0.05 2.70 0.10 2.818 Br31
06574006+0819407 6608 83 3.79 0.22 -0.24 0.07 3.56 0.16 2.818 Br31
06574256+0816369 6669 83 4.14 0.22 -0.21 0.08 2.45 0.00 2.818 Br31
06574352+0820359 6218 66 4.24 0.18 -0.77 0.05 2.54 0.11 2.818 Br31
06574820+0820053 5428 65 4.12 0.17 0.02 0.05 1.64 0.19 2.818 Br31
06574889+0812228 6151 67 4.26 0.17 0.05 0.05 3.11 0.09 2.818 Br31
06575104+0812312 5876 65 4.39 0.17 -0.20 0.05 2.59 0.10 2.818 Br31
06575147+0816340 6292 64 4.34 0.17 -0.03 0.06 2.89 0.06 2.818 Br31
06575484+0816266 6073 63 4.17 0.18 -0.37 0.05 2.50 0.10 2.818 Br31
06575603+0810417 5709 65 4.41 0.17 -0.05 0.05 1.99 0.20 2.818 Br31
06575675+0824521 6123 66 4.46 0.17 -0.09 0.05 2.97 0.09 2.818 Br31
06575691+0820223 5156 71 4.73 0.21 -0.12 0.05 1.35 0.34 2.818 Br31
06575790+0822158 5964 81 4.73 0.21 -0.75 0.07 2.52 0.19 2.818 Br31
06575925+0822196 6521 64 4.32 0.17 -0.44 0.05 2.04 0.00 2.818 Br31
06580065+0823483 6309 66 4.25 0.17 -0.26 0.05 2.89 0.09 2.818 Br31
06580113+0825192 5444 67 3.95 0.18 -0.12 0.06 2.91 0.12 2.818 Br31
06580401+0813586 5475 63 4.77 0.18 -0.43 0.05 1.38 0.00 2.818 Br31
06580497+0812402 5826 63 3.86 0.17 -0.49 0.05 2.65 0.12 2.818 Br31
06580606+0825034 5920 66 4.31 0.18 0.23 0.06 2.21 0.17 2.818 Br31
06580882+0823470 6563 82 4.19 0.22 -0.40 0.08 3.18 0.12 2.818 Br31
06581192+0813306 6229 72 4.02 0.21 -0.36 0.05 2.46 0.22 2.818 Br31
06581360+0811256 5999 80 4.37 0.22 0.41 0.06 3.04 0.16 2.818 Br31
06581530+0818422 5659 64 3.93 0.17 -0.21 0.05 2.83 0.12 2.818 Br31
06581811+0819329 5900 63 4.17 0.17 0.08 0.05 1.71 0.00 2.818 Br31
06582139+0812557 5584 84 3.35 0.22 -0.49 0.08 2.08 0.00 2.818 Br31
06582328+0817337 5896 64 4.48 0.17 0.17 0.05 2.39 0.00 2.818 Br31
06570370+0819338 5095 30 3.35 0.05 -0.13 0.05 0.65 0.00 2.818 Br31
06573578+0818017 5031 33 3.20 0.05 -0.25 0.04 0.98 0.09 2.818 Br31
06574379+0818049 4883 30 2.76 0.05 -0.31 0.05 -0.31 0.00 2.818 Br31
06574513+0814164 4901 31 2.81 0.05 -0.30 0.05 1.01 0.05 2.818 Br31
06580890+0825180 4883 48 2.93 0.08 -0.45 0.04 -0.36 0.00 2.818 Br31
06565222+0818383 5801 65 4.54 0.18 -0.01 0.05 1.73 0.24 2.818 Br31
06565448+0815074 5767 81 3.27 0.22 -0.14 0.07 2.49 0.13 2.818 Br31
06565453+0818165 5986 65 4.00 0.18 -0.63 0.05 2.66 0.08 2.818 Br31
06565466+0813334 5929 64 4.18 0.17 -0.44 0.05 2.50 0.10 2.818 Br31
06565830+0820532 6511 65 3.77 0.18 -0.52 0.06 2.73 0.11 2.818 Br31
06565858+0812454 5755 64 4.48 0.17 -0.37 0.05 1.63 0.29 2.818 Br31
06570249+0818580 6251 65 3.79 0.18 -0.37 0.05 2.64 0.10 2.818 Br31
06570482+0823494 6520 83 4.37 0.22 -0.80 0.08 2.54 0.00 2.818 Br31
06570537+0813572 5430 64 4.86 0.17 -0.23 0.05 2.09 0.11 2.818 Br31
06570787+0821287 5915 63 4.05 0.17 -0.43 0.05 2.60 0.09 2.818 Br31
06570789+0812276 4783 64 4.57 0.17 -0.17 0.05 2.72 0.10 2.818 Br31
06570843+0817029 5924 63 4.67 0.17 0.04 0.05 2.48 0.09 2.818 Br31
06571034+0821219 5745 64 4.16 0.18 -0.90 0.06 2.49 0.10 2.818 Br31
06571090+0826173 5872 66 3.82 0.17 -0.04 0.05 2.83 0.13 2.818 Br31
06571238+0822236 6070 65 4.30 0.18 -0.29 0.05 2.70 0.07 2.818 Br31
06571408+0820492 6024 63 4.10 0.17 -0.55 0.05 2.72 0.08 2.818 Br31
06571560+0824181 6141 63 4.39 0.17 -0.72 0.05 2.31 0.11 2.818 Br31
06571770+0814482 6302 63 4.12 0.18 -0.14 0.05 2.50 0.14 2.818 Br31
06571852+0816390 6013 65 3.72 0.17 -0.41 0.05 1.83 0.00 2.818 Br31
06572203+0822356 6091 65 4.04 0.18 -0.55 0.06 2.74 0.09 2.818 Br31
06572210+0820532 5860 64 4.23 0.17 -0.42 0.05 2.44 0.09 2.818 Br31
06572813+0824093 5404 65 4.21 0.17 -0.47 0.05 1.83 0.14 2.818 Br31
06573095+0817561 6619 67 4.47 0.18 -0.37 0.05 2.61 0.00 2.818 Br31
06573105+0818156 5888 65 4.37 0.18 -0.45 0.05 2.69 0.10 2.818 Br31
06573131+0812458 6428 66 4.04 0.17 -0.23 0.05 1.91 0.00 2.818 Br31
06573152+0826383 5516 66 4.54 0.17 0.24 0.05 1.49 0.32 2.818 Br31
06573181+0829534 5876 66 4.03 0.17 -0.43 0.05 2.46 0.10 2.818 Br31
06573251+0816296 6357 83 4.29 0.22 -0.35 0.07 2.47 0.22 2.818 Br31
06573330+0813028 5586 82 4.30 0.23 -0.51 0.08 2.69 0.14 2.818 Br31
06573345+0830063 5556 80 3.42 0.21 -0.20 0.08 2.44 0.16 2.818 Br31
06573425+0816319 5140 66 3.41 0.17 -0.26 0.05 1.51 0.10 2.818 Br31
06573690+0818137 5368 66 4.47 0.17 -0.40 0.05 2.11 0.11 2.818 Br31
06573713+0824102 5170 64 4.58 0.17 0.03 0.05 1.30 0.19 2.818 Br31
06573794+0816527 6291 65 3.65 0.17 -0.55 0.05 2.11 0.00 2.818 Br31
06573795+0814316 5838 63 4.28 0.18 -0.18 0.06 2.12 0.11 2.818 Br31
06573829+0830585 5575 64 4.46 0.18 -0.01 0.05 1.61 0.00 2.818 Br31
06573830+0822216 6063 101 4.28 0.34 -0.18 0.09 2.78 0.19 2.818 Br31
06573942+0812123 6833 66 4.15 0.18 -0.02 0.06 2.57 0.00 2.818 Br31
06573952+0817327 5242 67 3.95 0.17 -0.51 0.06 1.95 0.11 2.818 Br31
06574114+0830085 5447 82 2.49 0.22 -1.11 0.08 2.37 0.20 2.818 Br31
06574176+0811248 5685 65 4.42 0.18 0.23 0.06 1.55 0.37 2.818 Br31
06574207+0829272 4738 64 2.81 0.17 0.19 0.05 1.03 0.00 2.818 Br31
06574286+0828116 5213 65 3.53 0.17 -0.04 0.05 1.10 0.29 2.818 Br31
06574301+0811259 5896 78 3.99 0.22 -0.12 0.07 2.80 0.14 2.818 Br31
06574444+0812341 5905 66 4.56 0.18 -0.28 0.05 2.84 0.08 2.818 Br31
06574671+0822347 6048 64 4.49 0.17 -0.55 0.05 2.68 0.10 2.818 Br31
06574858+0831049 5360 66 3.93 0.17 0.15 0.05 1.22 0.21 2.818 Br31
06575342+0819393 5810 83 3.06 0.22 -0.72 0.08 1.90 0.00 2.818 Br31
06575382+0815207 6367 65 4.27 0.17 -0.08 0.06 2.87 0.11 2.818 Br31
06575728+0822285 6328 66 3.99 0.17 -0.40 0.05 2.81 0.08 2.818 Br31
06575744+0811033 5813 64 4.15 0.18 -0.41 0.06 2.27 0.09 2.818 Br31
06575826+0816238 6199 67 4.29 0.18 -0.25 0.06 1.86 0.00 2.818 Br31
06575860+0825410 6321 82 4.04 0.22 -0.70 0.08 2.82 0.14 2.818 Br31
06575971+0815032 5784 64 4.45 0.17 -0.26 0.06 1.98 0.21 2.818 Br31
06580001+0823064 6535 81 4.40 0.22 -0.48 0.08 2.43 0.00 2.818 Br31
06580133+0825134 6197 83 3.68 0.22 -0.66 0.08 2.82 0.14 2.818 Br31
06580166+0824297 5238 67 4.41 0.17 -0.12 0.06 0.99 0.70 2.818 Br31
06580184+0814244 6127 63 4.32 0.18 -0.12 0.05 3.03 0.09 2.818 Br31
06580208+0810086 5166 64 4.34 0.17 -0.13 0.06 1.85 0.13 2.818 Br31
06580292+0827213 5068 64 4.01 0.17 -0.41 0.05 1.20 0.25 2.818 Br31
06580507+0822311 5768 78 3.62 0.22 -0.71 0.08 1.98 0.20 2.818 Br31
06580835+0821266 6083 84 4.35 0.22 -0.35 0.07 2.84 0.11 2.818 Br31
06580888+0826511 6467 66 3.94 0.17 -0.23 0.05 2.24 0.00 2.818 Br31
06580960+0824027 6070 65 3.63 0.17 -0.62 0.05 2.14 0.00 2.818 Br31
06580974+0828486 6887 107 4.40 0.34 -0.33 0.10 3.00 0.17 2.818 Br31
06581034+0818315 5407 65 4.37 0.18 0.04 0.05 1.49 0.20 2.818 Br31
06581057+0813158 5898 66 4.27 0.17 -0.51 0.05 2.37 0.10 2.818 Br31
06581128+0810163 5188 65 3.69 0.18 -0.61 0.05 1.61 0.17 2.818 Br31
06581201+0828085 5809 63 4.28 0.17 -0.39 0.06 2.50 0.10 2.818 Br31
06581399+0820383 5342 64 4.54 0.17 -0.65 0.05 1.64 0.19 2.818 Br31
06581522+0821191 6708 83 4.00 0.22 -0.35 0.08 2.87 0.17 2.818 Br31
06581566+0813292 5151 63 4.66 0.18 -0.57 0.05 1.12 0.00 2.818 Br31
06581937+0816587 6197 66 4.36 0.18 -0.51 0.05 2.48 0.13 2.818 Br31
06582346+0817519 5710 83 4.04 0.21 -0.85 0.08 2.57 0.18 2.818 Br31
06565457+0823307 5021 65 3.66 0.17 -0.74 0.05 1.16 0.00 2.818 Br31
06565543+0825427 4923 64 3.37 0.17 -0.53 0.05 1.30 0.00 2.818 Br31
06565849+0825317 5267 83 3.25 0.22 -1.02 0.08 1.60 0.29 2.818 Br31
06570032+0824462 5932 65 4.34 0.17 -0.53 0.06 2.43 0.10 2.818 Br31
06570098+0820362 5951 65 4.36 0.17 -0.39 0.05 2.59 0.08 2.818 Br31
06570132+0824033 5429 65 4.19 0.17 -0.20 0.05 1.81 0.14 2.818 Br31
06570388+0826162 5860 65 3.87 0.17 -0.46 0.05 2.38 0.12 2.818 Br31
06570400+0826451 6269 66 3.92 0.17 -0.53 0.05 2.34 0.18 2.818 Br31
06570574+0817198 5220 63 3.87 0.17 -0.53 0.05 0.67 0.43 2.818 Br31
06571091+0822381 5441 65 3.68 0.18 -0.73 0.05 1.49 0.23 2.818 Br31
06571425+0828470 5207 65 4.63 0.17 0.07 0.05 1.23 0.00 2.818 Br31
06571756+0815407 6441 63 4.13 0.18 -0.52 0.05 2.70 0.16 2.818 Br31
06571820+0815588 5390 64 4.35 0.18 -0.07 0.06 1.52 0.24 2.818 Br31
06571911+0820275 6378 65 4.38 0.17 -0.27 0.05 2.86 0.13 2.818 Br31
06571958+0828176 6279 65 4.14 0.17 -0.09 0.05 3.18 0.10 2.818 Br31
06571979+0829271 6387 64 4.00 0.18 -0.15 0.05 2.51 0.00 2.818 Br31
06572076+0822363 5862 80 4.11 0.21 -0.28 0.07 2.51 0.16 2.818 Br31
06572207+0829321 6014 81 4.17 0.22 -0.52 0.08 2.60 0.11 2.818 Br31
06572341+0821223 5878 64 4.62 0.18 -0.63 0.05 2.52 0.10 2.818 Br31
06572400+0828274 5688 83 3.29 0.22 -0.77 0.08 2.18 0.17 2.818 Br31
06572461+0829444 6806 107 4.05 0.34 -0.03 0.10 3.13 0.16 2.818 Br31
06572528+0821491 5633 82 3.30 0.21 -0.88 0.08 2.12 0.15 2.818 Br31
06572673+0826471 6394 84 4.56 0.22 -0.12 0.07 3.14 0.14 2.818 Br31
06573182+0823284 5618 84 2.97 0.21 -0.53 0.08 2.74 0.17 2.818 Br31
06573197+0822179 6246 81 3.66 0.22 -0.45 0.08 1.94 0.00 2.818 Br31
06573263+0829246 5864 82 4.41 0.21 0.01 0.08 2.51 0.17 2.818 Br31
06573470+0831307 5441 82 4.50 0.22 -0.49 0.08 1.77 0.00 2.818 Br31
06573492+0816197 5302 65 3.68 0.18 -0.42 0.05 1.41 0.00 2.818 Br31
06573777+0817399 6222 66 4.20 0.18 -0.59 0.05 1.83 0.00 2.818 Br31
06573806+0817056 5285 66 3.64 0.18 -0.37 0.05 1.58 0.17 2.818 Br31
06574100+0818108 6334 84 3.88 0.22 -0.40 0.08 2.97 0.17 2.818 Br31
06574267+0829420 6554 85 3.95 0.22 -0.25 0.07 2.84 0.15 2.818 Br31
06574277+0823266 6364 81 4.37 0.22 -0.27 0.08 3.16 0.13 2.818 Br31
06574614+0828007 5547 81 3.52 0.22 0.26 0.07 2.13 0.20 2.818 Br31
06574897+0831189 4924 65 2.55 0.17 -0.19 0.05 1.27 0.10 2.818 Br31
06574924+0817547 5417 64 3.83 0.17 -0.36 0.05 1.99 0.12 2.818 Br31
06575294+0810179 5663 65 4.19 0.17 -0.05 0.05 2.32 0.12 2.818 Br31
06575514+0817518 6250 65 4.04 0.18 -0.47 0.05 2.51 0.16 2.818 Br31
06575633+0825498 5816 64 4.20 0.17 -0.42 0.05 2.51 0.11 2.818 Br31
06575684+0815426 6787 110 4.31 0.34 -0.36 0.10 3.17 0.26 2.818 Br31
06575723+0823594 6205 63 3.99 0.18 -0.20 0.05 2.89 0.11 2.818 Br31
06575791+0826031 5823 64 4.15 0.18 -0.22 0.05 2.10 0.18 2.818 Br31
06575792+0825482 5887 65 4.52 0.17 -0.44 0.05 2.65 0.09 2.818 Br31
06575825+0812374 5607 65 4.40 0.17 -0.31 0.05 2.07 0.11 2.818 Br31
06575833+0821327 6501 79 4.49 0.21 -0.22 0.08 2.78 0.16 2.818 Br31
06575864+0818392 5812 63 4.23 0.18 -0.19 0.06 2.38 0.14 2.818 Br31
06580011+0830069 5396 66 4.34 0.18 -0.13 0.05 1.65 0.27 2.818 Br31
06580059+0828387 4927 66 3.00 0.17 0.13 0.05 0.35 0.38 2.818 Br31
06580168+0815572 5761 64 4.52 0.17 -0.16 0.05 2.09 0.15 2.818 Br31
06580205+0827414 6225 67 4.52 0.17 -0.16 0.06 3.03 0.08 2.818 Br31
06580238+0824247 6410 82 4.29 0.22 -0.22 0.08 3.30 0.16 2.818 Br31
06580242+0819157 4963 65 4.53 0.18 -0.35 0.06 0.86 0.23 2.818 Br31
06580346+0820514 6432 64 4.19 0.17 -0.15 0.06 3.13 0.10 2.818 Br31
06580414+0811425 5948 65 4.54 0.17 0.13 0.05 2.43 0.12 2.818 Br31
06580575+0810108 5829 82 3.65 0.22 -0.34 0.08 2.37 0.16 2.818 Br31
06580711+0817076 5367 83 3.09 0.22 -0.97 0.08 2.24 0.19 2.818 Br31
06580813+0816035 5751 64 4.21 0.17 -0.48 0.05 2.06 0.10 2.818 Br31
06580854+0811317 5533 67 3.92 0.17 -0.20 0.05 2.14 0.15 2.818 Br31
06580980+0812298 5047 64 4.48 0.18 -0.61 0.06 1.55 0.13 2.818 Br31
06581267+0821266 6413 84 4.19 0.22 -0.30 0.08 2.90 0.17 2.818 Br31
06581414+0820539 6077 64 4.16 0.18 -0.22 0.05 2.79 0.13 2.818 Br31
06581444+0815017 6127 66 4.09 0.17 -0.37 0.05 2.82 0.10 2.818 Br31
06581496+0813112 5484 67 4.65 0.18 -0.53 0.05 1.64 0.00 2.818 Br31
06581909+0820432 5771 70 4.30 0.21 -0.45 0.05 2.20 0.16 2.818 Br31
06581954+0819122 5086 65 4.86 0.18 -0.40 0.05 1.22 0.00 2.818 Br31
06582007+0817557 6054 64 4.26 0.17 -0.31 0.05 2.41 0.12 2.818 Br31
06582070+0820046 5125 82 3.89 0.21 -0.45 0.08 1.45 0.00 2.818 Br31
06582070+0821130 5811 66 4.49 0.17 -0.32 0.05 2.69 0.10 2.818 Br31
06582185+0823530 5436 79 3.55 0.22 -0.01 0.08 1.76 0.32 2.818 Br31
06565772+0819593 6049 65 3.93 0.17 -0.86 0.05 2.16 0.17 2.818 Br31
06570256+0822292 5909 65 4.38 0.18 -0.55 0.05 2.70 0.08 2.818 Br31
06570356+0826028 5130 64 4.79 0.18 -0.17 0.05 1.79 0.13 2.818 Br31
06570563+0824387 6081 67 4.00 0.17 -0.73 0.06 2.63 0.07 2.818 Br31
06571250+0824194 5527 64 4.38 0.17 -0.31 0.06 1.96 0.15 2.818 Br31
06571344+0826410 6343 81 4.24 0.22 -0.52 0.08 2.60 0.00 2.818 Br31
06571966+0829486 5055 83 3.22 0.22 -0.39 0.08 2.07 0.14 2.818 Br31
06572448+0827258 5929 65 4.34 0.17 -0.40 0.05 2.45 0.10 2.818 Br31
06572547+0831025 5486 83 3.58 0.22 0.03 0.08 2.00 0.25 2.818 Br31
06572940+0831309 5170 81 3.57 0.22 -0.19 0.08 1.72 0.25 2.818 Br31
06572981+0830244 5584 84 3.72 0.22 -0.33 0.08 2.09 0.17 2.818 Br31
06573389+0820296 6064 65 4.24 0.17 -0.20 0.05 2.93 0.07 2.818 Br31
06573955+0813255 6005 63 4.31 0.18 -0.35 0.05 2.15 0.00 2.818 Br31
06575556+0824415 6884 83 3.91 0.22 -0.32 0.08 2.70 0.00 2.818 Br31
06575667+0826357 6224 64 3.85 0.17 -0.24 0.05 2.90 0.11 2.818 Br31
06580151+0816051 5950 66 4.33 0.18 -0.43 0.05 2.77 0.08 2.818 Br31
06580625+0818381 5252 65 4.77 0.17 -0.29 0.05 1.36 0.24 2.818 Br31
06580819+0818363 5378 65 4.14 0.18 0.14 0.06 1.29 0.49 2.818 Br31
06580937+0814555 6018 65 4.14 0.18 -0.55 0.05 2.54 0.10 2.818 Br31
06581159+0816454 5992 83 3.66 0.22 -0.57 0.08 2.19 0.24 2.818 Br31
06581252+0811289 6249 83 3.48 0.21 -0.55 0.08 2.24 0.00 2.818 Br31
06581669+0823461 5455 81 3.55 0.22 0.09 0.08 2.44 0.19 2.818 Br31
06581896+0813369 5170 104 4.47 0.33 -0.59 0.10 1.18 0.00 2.818 Br31
06574699+0815484 6645 81 4.34 0.22 -0.72 0.08 3.10 0.13 2.818 Br31
06575320+0826075 5720 64 3.54 0.18 -0.17 0.05 2.68 0.11 2.818 Br31
06570531+0814538 5851 67 4.28 0.18 -0.30 0.05 2.59 0.11 2.818 Br31
06571370+0824427 5570 65 3.79 0.18 -0.13 0.05 1.55 0.00 2.818 Br31
06574973+0810428 5830 65 3.88 0.18 -0.58 0.05 2.33 0.14 2.818 Br31
06570379+0828000 6189 79 3.93 0.22 -0.30 0.07 2.83 0.15 2.818 Br31
06572889+0821534 6634 83 4.47 0.22 -0.21 0.08 2.82 0.00 2.818 Br31
