OBJECT TEFF E_TEFF LOGG E_LOGG FEH E_FEH LI1 E_LI1 "AGE (Gyr)" GES_FLD MEM3D
07160722-1314272 5793 83 4.81 0.22 -0.21 0.08 2.74 0.15 6.761 Br36 0.9977
07161398-1311119 5516 79 3.28 0.22 -0.49 0.08 2.5 0.14 6.761 Br36 0.9808
07161693-1315132 5145 64 3.48 0.17 -0.02 0.05 1.44 0.21 6.761 Br36 0.9865
07161707-1316305 5760 84 4 0.22 -0.4 0.08 2.61 0.14 6.761 Br36 0.9987
07162000-1304063 5960 66 4.29 0.17 -0.22 0.05 2.74 0.1 6.761 Br36 0.9994
07162350-1321199 5648 83 3.84 0.21 -0.17 0.08 2.35 0.14 6.761 Br36 0.9992
07162772-1315322 5905 65 4.72 0.17 -0.19 0.05 2.18 0.17 6.761 Br36 0.9992
07162779-1318188 5715 66 3.99 0.17 -0.27 0.05 2.55 0.11 6.761 Br36 0.9993
07162935-1318354 5519 65 4.1 0.17 -0.21 0.06 1.94 0.14 6.761 Br36 0.9993
07163328-1316019 5027 64 3.18 0.17 -0.31 0.05 1.22 0.16 6.761 Br36 0.9984
07163664-1313443 5553 82 2.98 0.21 -0.33 0.07 2.74 0.18 6.761 Br36 0.998
07163773-1313049 6038 104 3.76 0.34 -0.09 0.1 3.17 0.18 6.761 Br36 0.9978
07163870-1310244 5760 64 4.3 0.18 -0.21 0.06 2.79 0.1 6.761 Br36 0.9977
07163982-1320304 4963 65 3.33 0.18 -0.25 0.06 1.54 0.13 6.761 Br36 0.9965
07164795-1316024 5387 81 3.92 0.21 -0.49 0.08 2.08 0.22 6.761 Br36 0.9948
07155232-1311130 5479 66 3.51 0.17 -0.55 0.06 2.45 0.11 6.761 Br36 0.9987
07155441-1313414 6134 103 4.32 0.35 -0.11 0.09 2.87 0.18 6.761 Br36 0.9914
07160749-1312096 6124 82 4.54 0.22 -0.16 0.08 2.46 0.29 6.761 Br36 0.9968
07161183-1312270 5075 63 3.29 0.17 -0.01 0.06 1.11 0.25 6.761 Br36 0.9976
07161195-1311553 5528 64 3.94 0.17 -0.22 0.05 1.72 0.28 6.761 Br36 0.9978
07161876-1313539 4937 64 3.36 0.17 -0.44 0.05 1.41 0.17 6.761 Br36 0.998
07161946-1313095 5858 64 4.23 0.17 -0.5 0.05 2.54 0.12 6.761 Br36 0.9991
07162048-1311373 4990 63 3.17 0.17 -0.13 0.05 0.89 0.23 6.761 Br36 0.9791
07162050-1314197 4734 63 2.47 0.17 -0.26 0.06 0.79 0.14 6.761 Br36 0.9998
07162204-1308239 5420 82 3.31 0.22 -0.08 0.08 2.46 0.14 6.761 Br36 0.996
07162212-1311051 4926 81 2.36 0.21 -0.46 0.08 1.22 0.27 6.761 Br36 0.9967
07162329-1308456 5440 84 2.27 0.22 -0.45 0.08 2.27 0.2 6.761 Br36 0.9757
07162589-1311596 5366 83 2.88 0.23 -0.37 0.08 2.33 0.16 6.761 Br36 0.993
07162701-1310081 5935 84 3.94 0.22 -0.19 0.08 2.68 0.16 6.761 Br36 0.9968
07162703-1307440 5707 65 4.08 0.18 -0.07 0.05 2.31 0.13 6.761 Br36 0.9901
07162725-1310376 5752 82 3.68 0.22 -0.49 0.07 2.4 0.19 6.761 Br36 0.9939
07162741-1312006 6011 83 3.63 0.21 -0.14 0.08 2.76 0.17 6.761 Br36 0.9946
07162746-1311194 5767 65 4.09 0.17 -0.38 0.05 2.65 0.09 6.761 Br36 0.9987
07162834-1307053 5452 63 3.85 0.17 -0.34 0.05 2.05 0.13 6.761 Br36 0.998
07162855-1311160 4997 65 3.27 0.18 -0.1 0.06 1.24 0.16 6.761 Br36 0.9928
07162891-1310233 5547 82 2.86 0.22 -0.46 0.07 2.32 0.16 6.761 Br36 0.9953
07163057-1310135 5107 65 3.75 0.17 -0.23 0.05 1.62 0.1 6.761 Br36 0.9994
07163127-1310328 5870 64 3.95 0.17 -0.14 0.05 2.54 0.1 6.761 Br36 0.9912
07163460-1311054 5743 81 3.5 0.22 -0.08 0.08 2.24 0.0 6.761 Br36 0.9601
07163873-1311394 5413 80 4.19 0.21 -0.24 0.07 2.56 0.12 6.761 Br36 0.9976
07164005-1312365 5030 65 3.54 0.18 0.03 0.06 1.5 0.14 6.761 Br36 0.9921
07165851-1309503 5574 81 3.3 0.22 -0.11 0.08 2.41 0.14 6.761 Br36 0.9974
07161811-1310432 4583 33 2.56 0.05 -0.18 0.05 0.23 0.08 6.761 Br36 0.9968
07163517-1310311 4679 33 2.73 0.05 -0.15 0.05 0.44 0.1 6.761 Br36 0.9995
07160171-1312232 4721 64 2.61 0.17 -0.14 0.05 0.78 0.0 6.761 Br36 0.9992
07160489-1314204 5863 83 3.81 0.22 -0.52 0.08 2.58 0.13 6.761 Br36 0.9986
07161142-1309387 5613 66 3.98 0.18 -0.35 0.05 2.44 0.11 6.761 Br36 0.9991
07161150-1312477 5416 82 2.95 0.22 -0.46 0.08 2.56 0.16 6.761 Br36 0.9981
07161882-1311577 5918 82 4.07 0.21 -0.41 0.07 2.65 0.12 6.761 Br36 0.9957
07162084-1308434 6145 82 4.38 0.22 -0.12 0.08 2.62 0.19 6.761 Br36 0.9987
07162099-1308318 5096 65 3.36 0.17 -0.02 0.05 0.76 1.04 6.761 Br36 0.9939
07162129-1318171 5637 83 3.57 0.22 -0.32 0.08 2.28 0.21 6.761 Br36 0.9961
07162290-1313412 5870 65 4.48 0.17 -0.41 0.06 2.79 0.1 6.761 Br36 0.9753
07162292-1314162 5819 82 4.42 0.22 -0.27 0.08 2.6 0.14 6.761 Br36 0.9985
07162354-1306594 5545 64 3.71 0.18 -0.12 0.05 1.84 0.21 6.761 Br36 0.9992
07162417-1309044 5436 67 3.53 0.17 -0.34 0.05 2.41 0.11 6.761 Br36 0.9984
07162496-1312164 5731 67 4.51 0.18 -0.34 0.05 2.53 0.11 6.761 Br36 0.9623
07162503-1310296 5510 65 3.22 0.18 -0.57 0.05 2.29 0.11 6.761 Br36 0.9935
07162705-1309583 4981 63 3.54 0.18 -0.34 0.05 1 0.27 6.761 Br36 0.9995
07162738-1310305 5660 67 3.9 0.17 -0.43 0.05 1.59 0.0 6.761 Br36 0.9964
07162760-1312142 5849 79 3.82 0.22 -0.16 0.08 2.54 0.15 6.761 Br36 0.9972
07162864-1310530 5197 65 3.98 0.18 -0.31 0.05 1.57 0.19 6.761 Br36 0.999
07163024-1312230 4909 64 3.12 0.17 -0.49 0.05 1.1 0.31 6.761 Br36 0.9976
07163367-1309129 5292 81 3.29 0.22 -0.55 0.08 1.63 0.0 6.761 Br36 0.9978
07163450-1311317 5997 63 4.1 0.18 -0.09 0.06 2.97 0.1 6.761 Br36 0.998
07163471-1303410 5628 65 4.46 0.18 -0.05 0.05 2.19 0.13 6.761 Br36 0.9866
07163808-1312459 5885 83 3.5 0.22 -0.2 0.08 2.53 0.19 6.761 Br36 0.9983
07163819-1310564 5430 81 4.74 0.22 -0.37 0.08 2.38 0.17 6.761 Br36 0.9982
07163906-1312433 5625 64 4.08 0.17 -0.25 0.05 2.34 0.16 6.761 Br36 0.9531
07163922-1310479 6421 104 4.08 0.34 0.11 0.1 2.86 0.23 6.761 Br36 0.992
07164223-1311548 5988 85 4.11 0.22 -0.25 0.08 2.53 0.22 6.761 Br36 0.9987
07165003-1315435 4902 81 3.32 0.22 -0.71 0.08 1.09 0.0 6.761 Br36 0.9945
07160107-1317329 5018 63 3.24 0.17 0.1 0.05 1.06 0.0 6.761 Br36 0.9997
07160849-1304452 5075 64 3.33 0.17 -0.01 0.05 1.26 0.0 6.761 Br36 0.9996
07161139-1318289 5577 82 3.11 0.21 -0.29 0.08 2.36 0.16 6.761 Br36 0.9784
07161839-1311057 4449 66 2.27 0.18 -0.27 0.05 0.09 0.15 6.761 Br36 0.9998
07161844-1312066 4975 82 4.24 0.22 -0.44 0.07 1.96 0.17 6.761 Br36 0.9987
07161931-1313149 5473 81 3.9 0.22 -0.29 0.08 2.07 0.15 6.761 Br36 0.9925
07161978-1315363 5184 83 3.03 0.21 -0.54 0.08 2.13 0.19 6.761 Br36 0.9938
07162022-1310489 6536 83 4.37 0.22 -0.33 0.08 2.29 0.0 6.761 Br36 0.9985
07162075-1315457 5494 83 4.13 0.21 -0.17 0.08 2.1 0.18 6.761 Br36 0.9993
07162121-1316266 5730 66 3.92 0.17 -0.16 0.05 2.51 0.12 6.761 Br36 0.9984
07162216-1315374 4665 66 2.39 0.17 -0.25 0.05 -0.09 0.45 6.761 Br36 0.9905
07162227-1312375 5801 82 4.66 0.22 -0.1 0.08 2.27 0.22 6.761 Br36 0.9972
07162717-1307077 5759 82 3.61 0.21 -0.05 0.08 2.49 0.14 6.761 Br36 0.998
07162762-1309303 5717 80 3.1 0.22 -0.43 0.08 2.66 0.15 6.761 Br36 0.9981
07162780-1312559 5699 82 3.86 0.22 -0.19 0.07 2.2 0.21 6.761 Br36 0.9987
07162827-1317063 4693 63 2.35 0.18 -0.16 0.06 0.74 0.0 6.761 Br36 0.9985
07163097-1312569 4718 63 2.45 0.17 -0.3 0.05 0.35 0.35 6.761 Br36 0.9994
07163134-1312474 4887 65 3.51 0.17 -0.08 0.06 1.11 0.14 6.761 Br36 0.9896
07155687-1311181 5004 68 3.58 0.17 -0.15 0.06 0.87 0.26 6.761 Br36 0.9969
07155803-1313094 5166 66 3.76 0.17 -0.13 0.05 1.31 0.23 6.761 Br36 0.9989
07160421-1312592 4747 64 2.52 0.17 -0.25 0.05 0.69 0.0 6.761 Br36 0.9912
07161322-1303264 4366 65 1.97 0.18 -0.28 0.05 -0.19 0.14 6.761 Br36 0.9998
07161365-1315324 5981 64 4.13 0.17 -0.04 0.05 2.69 0.11 6.761 Br36 0.9987
07161430-1310190 4824 66 2.89 0.17 -0.08 0.05 0.43 0.28 6.761 Br36 0.9997
07161585-1310218 5653 83 4.24 0.22 -0.17 0.08 2.38 0.14 6.761 Br36 0.9989
07161647-1312293 5758 64 3.95 0.16 -0.3 0.06 2.51 0.1 6.761 Br36 0.9986
07161751-1315339 6028 65 4.1 0.17 -0.09 0.05 2.41 0.15 6.761 Br36 0.996
07161803-1313522 5970 66 4.11 0.18 -0.17 0.05 2.44 0.17 6.761 Br36 0.9983
07161925-1309500 4838 65 3.94 0.18 -0.63 0.05 0.82 0.0 6.761 Br36 0.9991
07161986-1318192 5827 65 4.31 0.18 0.06 0.05 2.64 0.1 6.761 Br36 0.9983
07162096-1314120 5974 65 4.5 0.17 -0.19 0.05 2.62 0.11 6.761 Br36 0.9979
07162141-1312111 5760 68 3.97 0.18 -0.32 0.05 2.56 0.13 6.761 Br36 0.9823
07162315-1312451 6244 63 4.28 0.17 -0.16 0.05 2.42 0.0 6.761 Br36 0.9975
07162464-1310353 5088 64 3.21 0.17 -0.4 0.06 1.04 0.17 6.761 Br36 0.9583
07162543-1313503 6140 66 4.19 0.18 -0.17 0.06 2.83 0.13 6.761 Br36 0.9991
07162591-1311257 5070 65 3.44 0.18 -0.18 0.06 1.21 0.15 6.761 Br36 0.9994
07162721-1310199 5917 63 4.41 0.18 -0.43 0.05 2.12 0.17 6.761 Br36 0.9982
07162773-1308089 5957 64 4.27 0.17 -0.09 0.06 2.41 0.14 6.761 Br36 0.9966
07162850-1311451 5530 64 3.8 0.17 -0.18 0.05 2.2 0.1 6.761 Br36 0.9674
07162853-1309477 5071 64 3.32 0.17 -0.13 0.05 1.01 0.21 6.761 Br36 0.9993
07162918-1309114 5613 64 3.78 0.17 -0.19 0.06 2.26 0.12 6.761 Br36 0.9994
07162927-1310452 5858 65 4 0.18 -0.13 0.06 2.66 0.1 6.761 Br36 0.9983
07162979-1309006 5968 65 4.21 0.18 -0.2 0.06 2.81 0.11 6.761 Br36 0.999
07163031-1311529 5907 64 3.91 0.17 -0.06 0.06 2.78 0.1 6.761 Br36 0.9954
07163130-1312261 5026 65 3.61 0.17 -0.13 0.05 1.32 0.15 6.761 Br36 0.9831
07163273-1312511 5073 65 3.39 0.17 -0.11 0.06 1.11 0.17 6.761 Br36 0.9961
07163285-1313544 5767 64 4.05 0.17 -0.17 0.05 2.26 0.18 6.761 Br36 0.992
07163393-1313144 4693 64 2.56 0.17 -0.21 0.06 0.25 0.2 6.761 Br36 0.9997
07163975-1307317 5824 64 4.63 0.17 -0.27 0.05 2.84 0.09 6.761 Br36 0.9992
07164003-1314463 5715 82 3.68 0.22 -0.16 0.08 1.93 0.0 6.761 Br36 0.9986
07164190-1320240 5136 66 3.27 0.17 -0.02 0.06 0.81 0.0 6.761 Br36 0.9987
07164400-1317024 5985 64 4.61 0.18 -0.29 0.05 2.73 0.12 6.761 Br36 0.9973
07164636-1309029 5815 65 4.43 0.17 -0.07 0.05 2.41 0.13 6.761 Br36 0.9989
07164866-1319372 5663 66 4.35 0.17 -0.15 0.05 2.06 0.15 6.761 Br36 0.9984
07164900-1315379 5606 64 3.69 0.17 -0.17 0.05 2.4 0.1 6.761 Br36 0.9978
07165539-1312149 4604 66 2.43 0.18 -0.25 0.05 0.3 0.13 6.761 Br36 0.9993
07161684-1312060 4219 41 1.47 0.07 -0.37 0.05 -0.9 0.17 6.761 Br36 0.9994
07161891-1313584 4221 42 1.56 0.07 -0.34 0.05 0.47 0.08 6.761 Br36 0.9998
07154930-1312086 5376 82 2.96 0.22 -0.51 0.07 1.8 0.23 6.761 Br36 0.9981
07155606-1312099 6068 81 3.91 0.21 -0.23 0.07 2.81 0.12 6.761 Br36 0.9987
07160121-1306039 5728 66 3.8 0.18 -0.49 0.06 2.34 0.12 6.761 Br36 0.9965
07160285-1308431 5001 80 2.88 0.21 -0.79 0.08 1.33 0.0 6.761 Br36 0.9961
07160471-1305207 5428 82 2.98 0.22 -0.46 0.08 1.99 0.18 6.761 Br36 0.997
07162458-1318455 4611 65 2.51 0.17 -0.22 0.05 0.25 0.13 6.761 Br36 0.9997
07162476-1313517 5133 66 3.35 0.17 -0.16 0.05 1.11 0.14 6.761 Br36 0.9979
07162528-1318345 5811 65 4.1 0.17 -0.4 0.05 2.24 0.15 6.761 Br36 0.9986
07162649-1308040 5720 65 3.99 0.17 -0.28 0.05 2.33 0.12 6.761 Br36 0.9946
07162739-1314249 5825 65 4.13 0.17 -0.19 0.06 2.59 0.09 6.761 Br36 0.9935
07162758-1316173 4784 63 2.67 0.17 -0.08 0.05 -0.12 0.62 6.761 Br36 0.9995
07162827-1308353 6002 65 4.57 0.17 -0.32 0.05 2.69 0.12 6.761 Br36 0.9939
07162918-1313534 6388 103 3.94 0.33 -0.24 0.1 2.49 0.0 6.761 Br36 0.9976
07163081-1314304 5649 65 3.51 0.17 -0.32 0.05 2.17 0.17 6.761 Br36 0.996
07163226-1306476 6026 67 4.21 0.18 -0.15 0.05 2.61 0.12 6.761 Br36 0.9992
07163337-1313279 6010 65 4.01 0.17 -0.17 0.05 2.39 0.18 6.761 Br36 0.9859
07163704-1311167 4869 65 2.9 0.18 -0.08 0.05 0.92 0.0 6.761 Br36 0.9996
07163746-1303038 5975 84 3.89 0.22 -0.05 0.08 2.63 0.18 6.761 Br36 0.9863
07163777-1313094 5881 66 4.18 0.17 -0.23 0.05 2.69 0.1 6.761 Br36 0.9934
07163805-1307201 5923 82 3.83 0.22 -0.1 0.08 2.54 0.22 6.761 Br36 0.9946
07163827-1313469 5205 66 3.69 0.18 -0.25 0.05 1.46 0.18 6.761 Br36 0.9982
07164382-1309510 5953 79 3.89 0.21 -0.08 0.08 2.68 0.15 6.761 Br36 0.9894
07165795-1308528 6204 83 3.68 0.22 -0.07 0.08 2.71 0.17 6.761 Br36 0.9943
07155481-1317376 5769 66 4.06 0.18 -0.34 0.05 2.59 0.12 6.761 Br36 0.9949
07155968-1311125 4598 65 2.46 0.17 -0.24 0.05 0.37 0.12 6.761 Br36 0.9998
07160056-1317018 5728 82 3.29 0.22 -0.3 0.07 2.39 0.14 6.761 Br36 0.9984
07160059-1319158 5763 82 4.13 0.22 -0.12 0.08 2.67 0.14 6.761 Br36 0.9817
07160296-1304427 5813 81 3.59 0.22 -0.57 0.08 2.79 0.14 6.761 Br36 0.9958
07160451-1306255 5606 63 3.66 0.18 -0.3 0.05 2.63 0.1 6.761 Br36 0.999
07160536-1311150 5608 63 3.95 0.17 -0.36 0.05 2.6 0.12 6.761 Br36 0.9983
07161342-1319478 5849 106 4.51 0.32 -0.32 0.1 2.48 0.19 6.761 Br36 0.997
07161359-1316358 5752 82 3.87 0.22 -0.33 0.08 2.41 0.16 6.761 Br36 0.986
07161597-1304298 6333 81 4.22 0.22 -0.06 0.08 3.21 0.16 6.761 Br36 0.9979
07161855-1320562 5876 64 3.85 0.17 -0.21 0.05 2.74 0.11 6.761 Br36 0.9995
07162180-1310177 4764 65 2.73 0.17 -0.13 0.06 0.9 0.0 6.761 Br36 0.9996
07162655-1313466 5698 104 3.26 0.33 -0.32 0.09 1.76 0.0 6.761 Br36 0.9978
07162661-1309132 5930 65 4.15 0.18 0.01 0.05 2.83 0.1 6.761 Br36 0.9986
07162773-1316065 5084 63 3.57 0.18 -0.07 0.05 1.14 0.16 6.761 Br36 0.9945
07162788-1318144 5845 65 4.6 0.17 -0.33 0.05 2.43 0.11 6.761 Br36 0.9934
07163199-1320583 5800 81 3.87 0.21 -0.15 0.08 2.43 0.0 6.761 Br36 0.9829
07163429-1318592 4962 64 3.28 0.17 -0.32 0.05 0.79 0.24 6.761 Br36 0.9997
07163628-1320451 6196 81 3.7 0.22 0.01 0.08 2.85 0.13 6.761 Br36 0.999
07163730-1309501 5971 66 3.74 0.17 -0.06 0.06 2.66 0.11 6.761 Br36 0.9987
07163767-1316095 5304 83 3.64 0.22 -0.57 0.08 1.87 0.2 6.761 Br36 0.9934
07163900-1310072 5731 82 4.13 0.22 -0.19 0.08 2.4 0.17 6.761 Br36 0.9985
