OBJECT TEFF E_TEFF LOGG E_LOGG FEH E_FEH LI1 E_LI1 "AGE (Gyr)" GES_FLD
07463715-0440113 4629 31 2.37 0.05 -0.16 0.17 -0.46 0.00 5.623 Br39
07463926-0437543 4804 31 2.57 0.05 -0.15 0.17 -0.12 0.00 5.623 Br39
07464125-0440571 4839 30 2.67 0.05 -0.13 0.17 -0.27 0.00 5.623 Br39
07464143-0439084 4829 30 2.64 0.05 -0.14 0.17 0.03 0.00 5.623 Br39
07464760-0439563 4334 32 1.82 0.06 -0.06 0.17 -0.67 0.25 5.623 Br39
07465077-0441289 4882 31 2.78 0.05 -0.09 0.17 0.59 0.07 5.623 Br39
07465249-0441147 4776 31 2.62 0.05 -0.10 0.17 0.30 0.00 5.623 Br39
07461672-0442390 5886 66 4.04 0.17 -0.33 0.05 2.70 0.09 5.623 Br39
07462341-0442314 6012 64 4.31 0.18 -0.18 0.05 2.43 0.17 5.623 Br39
07462385-0446438 5874 64 4.52 0.17 -0.13 0.05 2.61 0.08 5.623 Br39
07462411-0440148 5573 66 4.17 0.17 -0.17 0.05 2.17 0.08 5.623 Br39
07462416-0442215 6236 63 4.29 0.17 -0.31 0.05 2.28 0.14 5.623 Br39
07462452-0441254 5903 64 4.01 0.17 -0.35 0.05 2.30 0.20 5.623 Br39
07462568-0439276 5559 65 3.76 0.17 -0.52 0.05 2.14 0.16 5.623 Br39
07462630-0439099 4746 82 3.12 0.21 -1.18 0.08 1.17 0.26 5.623 Br39
07462669-0440193 5122 65 4.10 0.18 -0.56 0.05 1.17 0.28 5.623 Br39
07462795-0446157 5561 80 3.60 0.22 -0.33 0.08 1.88 0.28 5.623 Br39
07462851-0443276 5764 100 4.72 0.33 0.12 0.09 2.23 0.00 5.623 Br39
07462870-0434107 5734 64 4.60 0.17 0.19 0.05 1.39 0.00 5.623 Br39
07462925-0443494 5917 65 4.29 0.17 -0.12 0.06 2.41 0.07 5.623 Br39
07462928-0441070 6047 84 4.17 0.22 -0.04 0.08 2.81 0.15 5.623 Br39
07462987-0440242 5630 65 4.44 0.17 -0.43 0.05 2.06 0.12 5.623 Br39
07463021-0434426 5108 96 4.79 0.26 -0.17 0.15 1.65 0.00 5.623 Br39
07463026-0437212 5776 63 4.56 0.18 -0.39 0.06 2.48 0.13 5.623 Br39
07463049-0436483 5032 65 4.53 0.18 -0.37 0.06 0.71 0.23 5.623 Br39
07463078-0444583 6160 82 4.80 0.22 -0.06 0.08 2.33 0.28 5.623 Br39
07463084-0443030 4967 63 4.60 0.17 0.06 0.05 1.66 0.08 5.623 Br39
07463124-0442320 5748 66 3.93 0.18 -0.33 0.05 2.29 0.11 5.623 Br39
07463213-0440028 5114 65 3.60 0.17 -0.21 0.05 1.17 0.13 5.623 Br39
07463259-0443371 6101 84 4.01 0.22 -0.14 0.08 1.98 0.00 5.623 Br39
07463387-0438261 5176 79 3.91 0.22 -0.39 0.08 1.89 0.20 5.623 Br39
07463388-0443385 5751 63 4.77 0.17 -0.17 0.05 2.30 0.18 5.623 Br39
07463400-0435380 5901 65 4.38 0.18 -0.40 0.05 2.67 0.10 5.623 Br39
07463528-0440090 5768 82 4.25 0.21 -0.17 0.08 2.36 0.22 5.623 Br39
07463537-0443096 5949 66 4.71 0.17 -0.18 0.06 2.48 0.12 5.623 Br39
07463556-0441463 6075 65 4.18 0.18 -0.29 0.05 2.80 0.06 5.623 Br39
07463604-0441224 5941 66 3.94 0.17 -0.26 0.05 2.51 0.11 5.623 Br39
07463616-0447021 5927 65 4.38 0.17 0.14 0.05 2.45 0.08 5.623 Br39
07463652-0439483 6042 66 3.99 0.17 -0.15 0.06 2.49 0.09 5.623 Br39
07463658-0437540 5897 80 3.85 0.22 -0.26 0.08 2.36 0.14 5.623 Br39
07463680-0445275 5961 104 4.38 0.34 0.11 0.10 2.11 0.00 5.623 Br39
07463688-0438233 5997 67 4.07 0.17 -0.25 0.06 2.86 0.08 5.623 Br39
07463768-0441343 5933 65 4.21 0.17 -0.18 0.06 2.43 0.15 5.623 Br39
07463877-0439269 5887 106 4.37 0.32 -0.22 0.10 2.41 0.17 5.623 Br39
07463881-0443427 5972 65 4.34 0.17 -0.20 0.05 2.71 0.07 5.623 Br39
07463925-0442414 6338 81 4.90 0.21 -0.10 0.08 2.35 0.00 5.623 Br39
07463987-0443262 5653 107 4.16 0.34 0.04 0.10 1.83 0.00 5.623 Br39
07464012-0439424 6139 66 4.42 0.18 -0.08 0.05 2.70 0.11 5.623 Br39
07464020-0443124 6568 68 3.88 0.18 -0.46 0.06 2.63 0.15 5.623 Br39
07464071-0441565 5459 65 3.93 0.17 -0.14 0.06 1.95 0.10 5.623 Br39
07464092-0438047 5981 64 4.27 0.18 -0.34 0.05 2.42 0.09 5.623 Br39
07464126-0441316 5780 67 4.63 0.18 -0.47 0.05 2.13 0.14 5.623 Br39
07464164-0443265 5893 67 3.81 0.18 -0.44 0.05 1.86 0.19 5.623 Br39
07464172-0437284 6088 84 4.68 0.22 -0.21 0.08 2.67 0.15 5.623 Br39
07464247-0441282 6080 66 4.00 0.18 -0.18 0.05 2.81 0.07 5.623 Br39
07464257-0438375 5727 64 4.57 0.17 -0.15 0.05 2.35 0.15 5.623 Br39
07464261-0439574 5945 81 4.82 0.22 0.18 0.08 2.18 0.33 5.623 Br39
07464345-0441370 5677 80 3.28 0.22 -0.06 0.08 2.31 0.25 5.623 Br39
07464389-0438141 6229 67 4.15 0.17 -0.36 0.05 2.77 0.08 5.623 Br39
07464451-0441335 5748 66 4.13 0.17 -0.13 0.05 2.33 0.09 5.623 Br39
07464459-0443492 6113 66 4.35 0.17 -0.20 0.05 2.16 0.17 5.623 Br39
07464465-0438533 5684 64 4.47 0.18 -0.18 0.06 2.08 0.16 5.623 Br39
07464514-0444307 6063 64 4.26 0.17 -0.27 0.05 2.69 0.07 5.623 Br39
07464515-0434404 5520 64 4.22 0.17 -0.08 0.05 1.86 0.08 5.623 Br39
07464522-0440392 5826 65 4.72 0.17 -0.14 0.05 2.21 0.18 5.623 Br39
07464546-0439045 6350 65 4.17 0.17 -0.17 0.05 2.07 0.00 5.623 Br39
07464608-0441153 5352 65 3.80 0.18 -0.08 0.06 1.38 0.14 5.623 Br39
07464612-0439230 6090 65 4.33 0.18 0.09 0.05 2.65 0.07 5.623 Br39
07464621-0442341 5434 103 4.62 0.33 -0.27 0.10 1.88 0.00 5.623 Br39
07464635-0443339 6658 84 4.29 0.22 -0.05 0.07 2.68 0.21 5.623 Br39
07464648-0445153 6037 64 4.26 0.18 -0.30 0.05 2.48 0.08 5.623 Br39
07464688-0440568 5257 65 3.62 0.17 -0.09 0.05 1.11 0.22 5.623 Br39
07464734-0437089 5984 67 4.11 0.17 -0.31 0.05 2.59 0.08 5.623 Br39
07464763-0443171 6022 66 4.50 0.17 -0.22 0.06 2.58 0.11 5.623 Br39
07464824-0442507 6038 64 4.22 0.18 -0.27 0.06 2.56 0.10 5.623 Br39
07465009-0437463 6124 65 4.13 0.18 -0.19 0.06 2.85 0.09 5.623 Br39
07465044-0437314 6042 66 4.30 0.18 -0.33 0.05 2.49 0.11 5.623 Br39
07465107-0442162 6136 66 4.23 0.17 -0.17 0.05 2.70 0.07 5.623 Br39
07465228-0442317 6145 64 4.35 0.17 -0.12 0.05 2.70 0.08 5.623 Br39
07465324-0439231 5760 81 3.90 0.22 -0.15 0.08 2.29 0.00 5.623 Br39
07465326-0442552 5784 65 4.57 0.18 -0.20 0.06 2.37 0.13 5.623 Br39
07465354-0439421 6117 83 4.48 0.21 0.31 0.07 2.69 0.17 5.623 Br39
07465378-0441436 5878 65 4.04 0.17 -0.23 0.05 2.29 0.18 5.623 Br39
07465385-0436273 5692 80 4.02 0.23 -0.16 0.08 2.34 0.00 5.623 Br39
07465464-0440344 6068 83 4.08 0.22 -0.09 0.08 2.80 0.17 5.623 Br39
07465469-0440171 5896 64 4.39 0.18 -0.33 0.06 2.36 0.09 5.623 Br39
07465560-0438161 5884 66 4.35 0.17 -0.29 0.05 2.43 0.14 5.623 Br39
07465577-0435583 6122 64 4.50 0.18 -0.24 0.05 2.60 0.12 5.623 Br39
07465720-0440338 5896 68 4.36 0.21 -0.19 0.05 1.96 0.00 5.623 Br39
07465726-0438464 5928 66 4.15 0.18 -0.38 0.05 2.46 0.10 5.623 Br39
07465727-0439414 6027 79 4.10 0.22 0.15 0.08 2.51 0.00 5.623 Br39
07465736-0445137 6038 66 4.25 0.17 -0.18 0.05 2.44 0.09 5.623 Br39
07465795-0435423 5717 81 4.61 0.23 -0.36 0.08 2.21 0.19 5.623 Br39
07465834-0442381 5927 81 4.83 0.22 -0.15 0.07 2.46 0.20 5.623 Br39
07465865-0444100 6252 65 4.31 0.18 -0.47 0.05 2.45 0.09 5.623 Br39
07470020-0438380 6210 65 4.10 0.17 -0.30 0.05 2.55 0.07 5.623 Br39
07470031-0440348 6066 64 4.35 0.17 -0.20 0.05 2.70 0.07 5.623 Br39
07470093-0441455 6046 66 4.01 0.17 -0.30 0.05 2.58 0.09 5.623 Br39
07470194-0441519 6020 68 3.91 0.18 -0.75 0.05 2.09 0.11 5.623 Br39
07470360-0442091 6145 64 4.41 0.17 -0.22 0.06 2.71 0.11 5.623 Br39
07470534-0438006 5677 103 4.16 0.34 -0.34 0.09 2.14 0.22 5.623 Br39
07470773-0434485 5713 66 4.42 0.17 0.09 0.06 2.11 0.22 5.623 Br39
07471186-0446053 6131 71 4.18 0.21 -0.51 0.05 2.43 0.13 5.623 Br39
07471373-0443558 6062 64 4.39 0.17 -0.28 0.05 2.32 0.15 5.623 Br39
07472082-0439216 6173 65 4.01 0.17 -0.62 0.05 2.67 0.07 5.623 Br39
07472915-0439389 5843 63 4.19 0.17 -0.48 0.05 2.30 0.10 5.623 Br39
07461007-0435290 5975 66 4.29 0.18 -0.05 0.05 2.57 0.09 5.623 Br39
07461041-0445307 6047 65 4.25 0.17 0.07 0.06 3.02 0.10 5.623 Br39
07461145-0439384 5869 82 4.44 0.22 -0.09 0.08 2.05 0.00 5.623 Br39
07461237-0445007 6198 103 4.40 0.34 0.06 0.10 2.62 0.00 5.623 Br39
07461293-0436362 5097 80 3.30 0.22 -0.48 0.08 1.68 0.20 5.623 Br39
07462148-0443497 5413 79 2.63 0.22 -0.64 0.08 2.22 0.15 5.623 Br39
07462272-0438014 5723 65 4.65 0.18 -0.16 0.06 1.68 0.00 5.623 Br39
07462373-0441264 5975 103 4.44 0.33 0.18 0.10 2.44 0.23 5.623 Br39
07462579-0432245 5400 66 4.19 0.17 -0.14 0.06 1.99 0.17 5.623 Br39
07462700-0431376 5616 79 2.95 0.22 -0.50 0.08 2.44 0.17 5.623 Br39
07463276-0438375 4875 63 3.98 0.18 -0.51 0.06 1.35 0.17 5.623 Br39
07463543-0444434 6234 81 4.46 0.22 0.12 0.08 2.88 0.18 5.623 Br39
07463790-0442221 6043 84 3.22 0.22 -0.05 0.08 2.49 0.19 5.623 Br39
07463848-0442062 5818 80 4.00 0.21 -0.38 0.08 1.93 0.29 5.623 Br39
07464004-0438072 5682 83 3.59 0.22 0.11 0.08 1.94 0.00 5.623 Br39
07464099-0442180 6035 64 4.44 0.18 -0.29 0.06 2.71 0.10 5.623 Br39
07464208-0442155 6113 81 4.90 0.22 0.28 0.07 2.81 0.15 5.623 Br39
07464409-0441441 6395 82 4.64 0.21 0.17 0.08 2.93 0.21 5.623 Br39
07464539-0431119 5894 66 4.33 0.17 -0.12 0.05 1.94 0.17 5.623 Br39
07464747-0439346 6608 81 4.09 0.22 0.29 0.08 2.42 0.00 5.623 Br39
07464760-0447388 6152 82 4.94 0.21 0.46 0.03 2.67 0.00 5.623 Br39
07464787-0440418 5526 84 4.11 0.22 -0.13 0.08 2.12 0.21 5.623 Br39
07464812-0431289 6038 64 4.54 0.17 -0.01 0.06 2.76 0.18 5.623 Br39
07464850-0439487 6155 63 3.66 0.18 -0.23 0.05 2.38 0.16 5.623 Br39
07464983-0443276 5507 81 3.50 0.21 0.04 0.08 2.24 0.18 5.623 Br39
07465013-0446128 6199 80 3.91 0.22 0.24 0.08 2.57 0.21 5.623 Br39
07465031-0439404 6090 66 4.22 0.17 -0.30 0.06 2.81 0.08 5.623 Br39
07465034-0437216 5944 65 4.54 0.17 -0.23 0.05 2.63 0.14 5.623 Br39
07465041-0440386 6063 65 4.15 0.17 -0.19 0.06 3.27 0.11 5.623 Br39
07465123-0439430 5817 62 3.82 0.17 -0.51 0.06 1.74 0.19 5.623 Br39
07465231-0439027 6451 84 4.03 0.22 0.35 0.07 3.25 0.15 5.623 Br39
07465254-0440416 5910 66 4.24 0.17 -0.32 0.05 2.52 0.09 5.623 Br39
07465261-0440010 5674 65 3.98 0.18 -0.33 0.06 2.17 0.09 5.623 Br39
07465531-0442078 4744 76 4.54 0.18 -0.15 0.10 0.61 0.28 5.623 Br39
07465675-0439586 5802 104 3.00 0.33 0.01 0.10 2.21 0.45 5.623 Br39
07465713-0446527 5532 85 4.56 0.22 -0.10 0.08 2.10 0.22 5.623 Br39
07465716-0444059 6073 80 4.90 0.22 -0.25 0.08 2.55 0.00 5.623 Br39
07465981-0439189 5964 66 4.01 0.17 -0.03 0.05 2.30 0.20 5.623 Br39
07470058-0442581 5784 104 4.19 0.34 -0.13 0.09 2.29 0.27 5.623 Br39
07470106-0439538 5730 65 4.43 0.18 -0.12 0.05 2.51 0.09 5.623 Br39
07470410-0439578 5927 65 4.22 0.17 -0.24 0.06 2.50 0.14 5.623 Br39
07470466-0439176 5920 66 4.31 0.17 -0.25 0.06 2.71 0.11 5.623 Br39
07470677-0449070 5997 80 4.17 0.22 -0.22 0.08 2.70 0.17 5.623 Br39
07470941-0450312 6030 82 3.98 0.22 -0.08 0.08 3.09 0.16 5.623 Br39
07471331-0436341 6214 84 3.61 0.22 -0.25 0.08 2.66 0.17 5.623 Br39
07471650-0439003 5948 79 3.67 0.22 -0.13 0.08 2.48 0.18 5.623 Br39
07472850-0443564 5694 102 4.42 0.34 -0.15 0.10 2.18 0.00 5.623 Br39
07473233-0441047 4589 64 4.58 0.18 -0.08 0.05 0.44 0.15 5.623 Br39
07473562-0443123 5811 66 4.43 0.17 -0.32 0.05 1.83 0.00 5.623 Br39
07473570-0443291 6027 65 4.32 0.17 -0.08 0.05 2.70 0.09 5.623 Br39
07462164-0440409 5835 106 4.22 0.33 -0.29 0.09 2.59 0.18 5.623 Br39
07462521-0440149 5916 63 4.59 0.18 -0.17 0.05 2.20 0.20 5.623 Br39
07462642-0439442 6509 82 4.40 0.21 -0.33 0.08 2.26 0.00 5.623 Br39
07462711-0446386 5800 64 4.38 0.17 -0.54 0.05 2.60 0.08 5.623 Br39
07462927-0441509 6222 83 4.47 0.22 0.15 0.08 2.22 0.37 5.623 Br39
07463016-0442368 5614 65 4.27 0.17 -0.14 0.06 2.17 0.16 5.623 Br39
07463302-0443117 4888 65 4.64 0.17 0.13 0.05 0.17 0.29 5.623 Br39
07463557-0437499 5907 65 4.33 0.17 -0.39 0.06 2.42 0.09 5.623 Br39
07463560-0442099 6049 67 4.28 0.17 -0.18 0.05 2.77 0.07 5.623 Br39
07463563-0433184 5849 66 4.19 0.18 -0.43 0.05 2.23 0.08 5.623 Br39
07463568-0439523 6132 106 4.63 0.34 -0.11 0.10 2.61 0.15 5.623 Br39
07463670-0443201 6000 62 4.35 0.17 -0.26 0.05 2.68 0.07 5.623 Br39
07463688-0439373 5777 65 4.33 0.18 -0.35 0.06 2.19 0.13 5.623 Br39
07463704-0438419 5841 63 4.00 0.17 -0.32 0.06 2.48 0.11 5.623 Br39
07463716-0443062 5637 64 4.15 0.18 -0.17 0.05 2.47 0.11 5.623 Br39
07463726-0436519 5081 64 4.02 0.17 -0.01 0.06 0.93 0.00 5.623 Br39
07463809-0440506 5715 80 4.36 0.22 -0.19 0.08 2.20 0.23 5.623 Br39
07463810-0437296 5724 66 4.16 0.18 -0.50 0.05 2.29 0.08 5.623 Br39
07463888-0440504 5877 63 4.19 0.17 -0.36 0.05 2.52 0.08 5.623 Br39
07463895-0433325 5977 63 4.31 0.17 0.08 0.06 2.56 0.10 5.623 Br39
07463986-0443218 5257 63 3.80 0.17 -0.15 0.06 1.66 0.09 5.623 Br39
07464060-0445452 5813 83 3.70 0.22 0.02 0.08 2.65 0.13 5.623 Br39
07464097-0435394 5204 66 3.77 0.17 -0.44 0.05 1.76 0.14 5.623 Br39
07464220-0442557 6052 84 4.20 0.22 0.23 0.08 2.34 0.00 5.623 Br39
07464232-0437277 5423 81 3.44 0.22 0.26 0.07 2.00 0.00 5.623 Br39
07464258-0439182 4966 66 3.37 0.17 -0.13 0.06 0.87 0.12 5.623 Br39
07464299-0448074 6227 64 4.38 0.18 -0.02 0.06 2.75 0.07 5.623 Br39
07464311-0439289 6154 65 4.05 0.17 -0.22 0.05 2.69 0.09 5.623 Br39
07464419-0438397 5880 65 4.39 0.17 -0.41 0.05 2.45 0.09 5.623 Br39
07464490-0440200 5378 65 3.99 0.18 0.03 0.05 1.00 0.28 5.623 Br39
07464503-0438106 5428 80 4.22 0.22 -0.41 0.08 1.74 0.28 5.623 Br39
07464504-0433212 6141 81 4.38 0.22 -0.04 0.08 3.03 0.13 5.623 Br39
07464522-0443318 5868 66 4.21 0.17 -0.41 0.06 2.44 0.08 5.623 Br39
07464530-0442534 6035 65 4.22 0.18 -0.25 0.05 2.74 0.10 5.623 Br39
07464563-0437308 6091 66 4.24 0.18 -0.24 0.05 2.89 0.06 5.623 Br39
07464594-0441053 6091 63 4.37 0.18 -0.29 0.05 2.73 0.07 5.623 Br39
07464612-0442462 6097 66 4.17 0.17 -0.24 0.06 2.53 0.06 5.623 Br39
07464619-0434545 6011 66 4.54 0.18 0.02 0.05 2.61 0.08 5.623 Br39
07464634-0435531 5826 81 4.29 0.21 -0.31 0.08 2.15 0.18 5.623 Br39
07464643-0435270 6275 81 4.24 0.22 -0.64 0.08 2.76 0.10 5.623 Br39
07464665-0448121 6155 81 4.72 0.22 -0.29 0.08 2.66 0.13 5.623 Br39
07464671-0440377 5914 64 4.22 0.18 -0.26 0.05 2.34 0.09 5.623 Br39
07464674-0443249 5802 64 3.94 0.17 -0.36 0.05 2.58 0.11 5.623 Br39
07464680-0447173 5922 66 4.47 0.18 -0.43 0.06 2.13 0.10 5.623 Br39
07464695-0441196 6267 106 4.43 0.34 0.05 0.10 2.88 0.13 5.623 Br39
07464770-0436572 5370 66 4.34 0.17 -0.49 0.05 1.56 0.25 5.623 Br39
07464891-0443597 6010 65 4.05 0.18 -0.28 0.06 2.57 0.07 5.623 Br39
07464913-0436244 6135 66 4.36 0.17 -0.14 0.06 2.71 0.09 5.623 Br39
07464925-0433429 6173 65 4.09 0.18 -0.74 0.05 2.14 0.14 5.623 Br39
07464963-0443121 6262 106 4.17 0.35 0.05 0.09 2.51 0.19 5.623 Br39
07464991-0441446 5891 64 4.00 0.17 -0.26 0.05 2.52 0.08 5.623 Br39
07464992-0444499 6036 65 4.37 0.17 -0.23 0.06 2.74 0.11 5.623 Br39
07465077-0436120 5769 64 3.93 0.17 -0.52 0.05 2.56 0.09 5.623 Br39
07465153-0433314 5888 64 4.36 0.17 -0.31 0.06 2.39 0.09 5.623 Br39
07465239-0436190 5931 81 4.61 0.22 -0.19 0.08 2.64 0.10 5.623 Br39
07465250-0435403 5925 65 4.43 0.17 0.06 0.05 2.18 0.11 5.623 Br39
07465328-0430512 6153 64 4.14 0.17 -0.19 0.05 3.14 0.07 5.623 Br39
07465332-0439384 6064 65 4.10 0.17 -0.49 0.06 2.59 0.10 5.623 Br39
07465340-0439556 6570 83 4.21 0.22 0.24 0.08 3.02 0.00 5.623 Br39
07465388-0436571 5526 66 4.68 0.17 0.39 0.05 1.25 0.26 5.623 Br39
07465396-0441518 5748 66 4.45 0.17 -0.20 0.05 2.27 0.08 5.623 Br39
07465410-0432449 5467 82 3.88 0.22 -0.29 0.08 2.07 0.17 5.623 Br39
07465418-0443263 5698 80 4.47 0.22 -0.31 0.08 1.68 0.00 5.623 Br39
07465422-0439112 5509 105 4.34 0.33 -0.22 0.10 2.16 0.18 5.623 Br39
07465432-0437308 5684 65 4.25 0.17 -0.41 0.06 2.19 0.14 5.623 Br39
07465440-0440053 5265 64 3.53 0.17 -0.16 0.05 1.81 0.08 5.623 Br39
07465462-0440241 6149 63 4.16 0.17 -0.19 0.05 2.59 0.07 5.623 Br39
07465489-0433132 6014 64 4.07 0.18 -0.29 0.05 2.67 0.06 5.623 Br39
07465613-0441527 5537 69 4.38 0.21 -0.31 0.06 1.97 0.19 5.623 Br39
07465642-0434349 5795 81 3.16 0.22 -0.21 0.08 2.03 0.32 5.623 Br39
07465648-0436077 6035 64 4.37 0.18 -0.32 0.05 2.76 0.08 5.623 Br39
07465671-0436365 5892 65 3.98 0.18 -0.40 0.05 2.63 0.08 5.623 Br39
07465719-0432590 6131 65 4.34 0.17 -0.17 0.06 2.86 0.06 5.623 Br39
07465778-0438431 6125 64 4.39 0.18 -0.29 0.05 2.61 0.09 5.623 Br39
07465787-0447492 5525 62 4.52 0.17 0.20 0.05 1.07 0.31 5.623 Br39
07465798-0443038 6087 67 4.26 0.17 -0.16 0.06 2.64 0.08 5.623 Br39
07465800-0431409 5872 66 4.38 0.18 -0.31 0.06 1.94 0.14 5.623 Br39
07465848-0434510 5880 65 4.28 0.18 -0.38 0.06 2.33 0.11 5.623 Br39
07465855-0440599 6048 65 4.16 0.18 -0.31 0.05 2.68 0.07 5.623 Br39
07465857-0442486 6026 63 4.54 0.18 -0.29 0.05 2.81 0.09 5.623 Br39
07465891-0443494 6222 64 4.24 0.18 -0.08 0.05 2.91 0.06 5.623 Br39
07465950-0445386 5681 83 3.55 0.21 -0.10 0.07 2.32 0.23 5.623 Br39
07465960-0438381 5624 63 3.97 0.18 -0.50 0.05 2.28 0.11 5.623 Br39
07465967-0436028 5940 65 4.20 0.18 -0.35 0.05 2.42 0.08 5.623 Br39
07470055-0444524 5264 64 4.64 0.17 0.20 0.05 1.27 0.00 5.623 Br39
07470092-0447367 6220 63 4.24 0.17 -0.19 0.06 2.86 0.07 5.623 Br39
07470151-0436365 6129 80 4.85 0.22 -0.15 0.08 2.35 0.00 5.623 Br39
07470176-0440150 6004 65 4.22 0.18 -0.35 0.05 2.42 0.10 5.623 Br39
07470211-0441349 5239 64 4.24 0.18 -0.08 0.06 1.13 0.14 5.623 Br39
07470224-0438387 5918 63 4.11 0.18 -0.37 0.05 2.73 0.07 5.623 Br39
07470235-0447290 6519 66 4.23 0.17 -0.14 0.05 2.05 0.25 5.623 Br39
07470316-0442197 5841 65 3.91 0.17 -0.22 0.05 2.31 0.15 5.623 Br39
07470408-0429550 5866 63 4.14 0.17 0.04 0.06 2.38 0.14 5.623 Br39
07470474-0432523 5960 66 4.49 0.17 0.40 0.05 2.55 0.15 5.623 Br39
07470519-0435028 5999 65 4.05 0.17 -0.34 0.06 2.66 0.08 5.623 Br39
07470748-0439506 5856 64 4.34 0.17 -0.24 0.05 2.41 0.12 5.623 Br39
07471151-0442471 5287 64 3.49 0.18 -0.38 0.05 2.01 0.15 5.623 Br39
07471215-0438547 6038 65 4.18 0.18 -0.24 0.05 2.69 0.08 5.623 Br39
07471353-0435111 5085 76 4.35 0.18 -0.40 0.09 1.77 0.11 5.623 Br39
07471456-0436546 6340 66 4.36 0.17 -0.19 0.05 2.18 0.16 5.623 Br39
07471744-0438561 5555 82 4.20 0.22 -0.50 0.07 1.59 0.00 5.623 Br39
07460494-0440181 5810 64 4.40 0.18 0.00 0.05 2.79 0.12 5.623 Br39
07460910-0444343 6238 84 3.86 0.22 0.40 0.06 3.08 0.17 5.623 Br39
07461244-0435146 4461 81 2.01 0.22 -0.94 0.08 0.34 0.00 5.623 Br39
07461393-0446487 5526 65 3.88 0.17 -0.51 0.06 1.92 0.10 5.623 Br39
07461528-0434370 4949 64 3.78 0.18 -0.28 0.06 1.22 0.27 5.623 Br39
07461809-0436498 4671 82 2.88 0.22 -0.46 0.08 0.81 0.00 5.623 Br39
07461890-0446254 5475 80 3.03 0.22 -0.16 0.08 1.53 0.00 5.623 Br39
07462030-0436302 4673 79 2.40 0.22 -1.25 0.08 0.78 0.00 5.623 Br39
07462123-0445459 5595 84 3.71 0.22 0.19 0.08 2.21 0.00 5.623 Br39
07462576-0445070 5104 81 3.99 0.21 -0.31 0.08 1.29 0.00 5.623 Br39
07462638-0437240 5420 65 4.18 0.18 -0.37 0.06 1.69 0.28 5.623 Br39
07462750-0438389 5369 101 4.26 0.34 -0.08 0.09 1.57 0.00 5.623 Br39
07462827-0446479 5996 66 4.41 0.17 -0.34 0.06 2.79 0.08 5.623 Br39
07462942-0430461 5802 66 3.85 0.17 -0.17 0.05 2.17 0.19 5.623 Br39
07462988-0439443 5568 81 3.61 0.22 0.00 0.08 1.86 0.40 5.623 Br39
07463433-0434585 5690 81 3.60 0.22 -0.13 0.08 1.84 0.00 5.623 Br39
07463443-0447454 5665 66 4.51 0.18 -0.16 0.05 1.81 0.00 5.623 Br39
07463804-0435059 5252 80 3.44 0.21 -0.15 0.07 1.87 0.00 5.623 Br39
07463848-0439584 5282 65 4.54 0.18 -0.28 0.06 1.25 0.00 5.623 Br39
07463874-0444038 6069 82 4.54 0.22 -0.05 0.08 2.33 0.25 5.623 Br39
07463926-0437396 5511 62 4.02 0.18 -0.29 0.06 2.19 0.13 5.623 Br39
07464007-0431382 5385 83 3.86 0.22 0.01 0.07 2.25 0.17 5.623 Br39
07464093-0440253 5472 66 4.74 0.18 -0.32 0.05 2.13 0.17 5.623 Br39
07464151-0429578 5593 81 3.36 0.22 0.07 0.07 1.71 0.49 5.623 Br39
07464323-0437091 5773 64 4.41 0.17 -0.19 0.06 1.75 0.26 5.623 Br39
07464489-0433351 5900 105 4.49 0.34 0.13 0.09 2.26 0.29 5.623 Br39
07464518-0437309 5725 81 4.00 0.22 -0.18 0.07 2.31 0.16 5.623 Br39
07464518-0445344 5133 82 4.66 0.22 -0.26 0.08 1.52 0.28 5.623 Br39
07464650-0441028 6016 82 4.16 0.22 0.18 0.08 2.82 0.17 5.623 Br39
07464785-0441049 5890 66 4.09 0.17 -0.23 0.05 2.47 0.14 5.623 Br39
07464839-0440089 6133 65 4.30 0.17 -0.24 0.05 2.79 0.07 5.623 Br39
07464858-0443563 5953 66 4.63 0.18 0.01 0.06 2.05 0.27 5.623 Br39
07464920-0445237 5529 64 4.04 0.17 -0.13 0.05 1.78 0.31 5.623 Br39
07464928-0440106 5857 63 4.31 0.18 -0.35 0.05 2.68 0.10 5.623 Br39
07465017-0440205 5759 64 4.32 0.17 -0.34 0.06 2.46 0.10 5.623 Br39
07465082-0439477 5726 65 4.32 0.17 -0.34 0.06 2.42 0.12 5.623 Br39
07465128-0440355 5769 66 4.39 0.18 -0.28 0.05 1.92 0.19 5.623 Br39
07465149-0441475 6156 66 3.98 0.18 -0.27 0.05 2.01 0.00 5.623 Br39
07465186-0438125 5810 103 4.79 0.32 0.01 0.09 2.52 0.21 5.623 Br39
07465187-0440022 5486 64 4.26 0.17 -0.18 0.05 1.81 0.10 5.623 Br39
07465188-0435157 5561 83 3.85 0.22 -0.02 0.08 1.88 0.28 5.623 Br39
07465293-0440068 5970 65 4.25 0.18 -0.35 0.05 2.22 0.10 5.623 Br39
07465301-0442031 6105 66 4.21 0.18 -0.20 0.05 2.58 0.08 5.623 Br39
07465315-0445253 5544 64 4.28 0.17 -0.26 0.06 1.95 0.23 5.623 Br39
07465384-0443586 5775 65 4.59 0.17 -0.14 0.05 1.78 0.00 5.623 Br39
07465390-0444238 5875 101 4.52 0.33 -0.07 0.09 2.06 0.00 5.623 Br39
07465392-0433301 5053 103 4.77 0.33 -0.07 0.09 1.43 0.27 5.623 Br39
07465444-0443452 5841 65 4.21 0.18 -0.37 0.05 2.41 0.16 5.623 Br39
07465554-0449503 5892 64 4.31 0.18 -0.37 0.06 2.49 0.07 5.623 Br39
07465567-0437027 4887 81 4.07 0.22 -0.29 0.08 1.53 0.20 5.623 Br39
07465627-0442466 5329 63 4.59 0.18 -0.34 0.05 1.71 0.17 5.623 Br39
07465662-0448234 5602 79 4.13 0.21 0.00 0.08 1.82 0.00 5.623 Br39
07465683-0443239 5463 104 4.58 0.33 -0.07 0.10 1.47 0.00 5.623 Br39
07465761-0438359 5023 82 4.58 0.22 -0.78 0.07 1.37 0.00 5.623 Br39
07465969-0444158 5229 64 4.06 0.18 -0.17 0.05 1.79 0.20 5.623 Br39
07470119-0431261 5604 82 4.90 0.21 0.31 0.07 2.25 0.22 5.623 Br39
07470233-0444469 5281 63 3.74 0.17 -0.10 0.05 1.52 0.00 5.623 Br39
07470308-0446467 5938 68 4.24 0.21 -0.40 0.05 2.66 0.08 5.623 Br39
07470386-0441175 5473 79 3.19 0.22 -0.14 0.08 2.35 0.18 5.623 Br39
07470444-0444403 5327 106 4.77 0.32 -0.15 0.10 1.33 0.00 5.623 Br39
07470471-0439423 5414 79 4.10 0.21 0.18 0.08 1.87 0.30 5.623 Br39
07470609-0442319 5869 70 4.49 0.21 -0.34 0.05 2.44 0.13 5.623 Br39
07470613-0442590 5569 70 4.35 0.21 -0.15 0.05 1.84 0.00 5.623 Br39
07470803-0441477 5956 64 4.53 0.17 -0.13 0.05 2.40 0.14 5.623 Br39
07470836-0445588 5500 83 4.71 0.22 -0.35 0.08 1.64 0.00 5.623 Br39
07470877-0433267 5335 81 4.08 0.22 -0.17 0.08 1.80 0.23 5.623 Br39
07470923-0449026 5962 66 4.31 0.17 -0.28 0.06 2.48 0.08 5.623 Br39
07471018-0445233 5438 66 4.32 0.17 -0.36 0.05 1.55 0.00 5.623 Br39
07471024-0435200 5884 85 4.98 0.22 0.26 0.08 2.68 0.18 5.623 Br39
07471030-0448172 5380 83 4.97 0.21 0.00 0.08 1.62 0.00 5.623 Br39
07471098-0442129 5109 84 4.95 0.22 -0.38 0.08 1.62 0.22 5.623 Br39
07471207-0441081 5650 70 4.37 0.20 -0.14 0.05 1.73 0.00 5.623 Br39
07471210-0434498 5592 81 4.05 0.22 -0.10 0.08 2.07 0.27 5.623 Br39
07471256-0439231 5707 83 4.03 0.21 0.14 0.08 2.44 0.21 5.623 Br39
07471267-0440354 5550 70 4.35 0.21 -0.33 0.05 2.01 0.20 5.623 Br39
07471388-0440211 5723 83 4.25 0.22 0.08 0.07 2.03 0.00 5.623 Br39
07471615-0437034 5847 65 4.53 0.18 -0.35 0.05 2.71 0.09 5.623 Br39
07471620-0434129 5175 81 4.43 0.22 0.45 0.04 1.56 0.34 5.623 Br39
07471663-0443230 5564 65 4.22 0.17 -0.25 0.06 1.88 0.24 5.623 Br39
07471746-0445118 5202 83 4.88 0.21 0.06 0.08 1.53 0.00 5.623 Br39
07471774-0437472 4969 80 4.32 0.22 -0.14 0.08 0.98 0.00 5.623 Br39
07472029-0445365 4952 80 3.90 0.22 -0.35 0.07 1.46 0.25 5.623 Br39
07472135-0441317 5411 82 4.38 0.22 0.34 0.07 1.93 0.22 5.623 Br39
07472212-0445231 5763 67 4.50 0.17 -0.07 0.05 1.71 0.00 5.623 Br39
07472233-0434501 5904 65 3.98 0.17 -0.17 0.05 2.44 0.15 5.623 Br39
07472233-0441082 5476 81 4.09 0.23 -0.20 0.07 1.84 0.30 5.623 Br39
07472683-0439387 5908 63 4.47 0.17 -0.09 0.06 2.50 0.10 5.623 Br39
07472934-0446554 5976 65 4.21 0.18 -0.11 0.05 2.75 0.10 5.623 Br39
07472965-0446160 6321 83 4.70 0.22 -0.04 0.07 3.04 0.14 5.623 Br39
07472986-0446333 5496 81 4.12 0.22 -0.64 0.08 2.48 0.17 5.623 Br39
07473149-0445336 5000 64 3.23 0.17 -0.34 0.06 0.77 0.14 5.623 Br39
07473211-0445249 6146 83 4.72 0.22 -0.48 0.08 3.06 0.12 5.623 Br39
07473333-0438151 5362 70 4.65 0.21 -0.19 0.05 1.62 0.00 5.623 Br39
07473671-0439031 5895 82 4.50 0.22 0.05 0.08 2.58 0.16 5.623 Br39
07461360-0438293 6574 82 3.88 0.22 -0.06 0.08 2.45 0.00 5.623 Br39
07461810-0442147 6248 82 4.64 0.22 -0.24 0.08 2.54 0.20 5.623 Br39
07462020-0437323 5876 65 4.11 0.17 -0.24 0.05 2.92 0.09 5.623 Br39
07462294-0438191 5990 70 4.28 0.21 -0.18 0.06 2.59 0.10 5.623 Br39
07462414-0437440 5230 63 4.52 0.17 -0.13 0.05 1.19 0.00 5.623 Br39
07462527-0450209 5347 64 4.39 0.17 -0.35 0.05 1.81 0.15 5.623 Br39
07462529-0440341 5174 65 3.88 0.17 -0.33 0.05 1.62 0.13 5.623 Br39
07462603-0436508 6059 65 4.16 0.18 -0.24 0.05 2.83 0.09 5.623 Br39
07462659-0443049 6347 82 3.94 0.22 -1.60 0.08 2.61 0.11 5.623 Br39
07462716-0441447 6155 62 4.36 0.18 -0.40 0.05 2.19 0.20 5.623 Br39
07462721-0436049 5856 63 4.34 0.17 -0.55 0.05 2.52 0.08 5.623 Br39
07462723-0432068 5847 65 4.27 0.17 0.37 0.05 1.92 0.28 5.623 Br39
07462728-0438511 4520 64 2.09 0.17 -0.27 0.05 0.31 0.12 5.623 Br39
07462735-0440536 6275 82 3.22 0.22 -0.61 0.08 2.60 0.24 5.623 Br39
07462795-0438033 6046 104 4.34 0.33 -0.49 0.10 2.85 0.12 5.623 Br39
07462914-0436223 5886 66 4.39 0.17 -0.25 0.05 2.50 0.07 5.623 Br39
07462991-0435197 5429 66 3.82 0.17 -0.79 0.05 1.66 0.16 5.623 Br39
07463215-0433171 5791 65 4.58 0.17 0.03 0.05 1.88 0.00 5.623 Br39
07463269-0431358 5490 64 4.57 0.17 -0.08 0.05 1.93 0.14 5.623 Br39
07463289-0440264 6039 66 4.12 0.18 -0.46 0.05 2.69 0.08 5.623 Br39
07463452-0439332 5601 63 3.96 0.17 -0.40 0.05 2.36 0.14 5.623 Br39
07463543-0436405 6079 64 4.22 0.17 -0.26 0.05 2.50 0.06 5.623 Br39
07463586-0440391 5922 65 4.16 0.17 -0.11 0.05 2.68 0.08 5.623 Br39
07463610-0437012 5514 65 3.73 0.17 -0.54 0.05 2.14 0.09 5.623 Br39
07463739-0440203 5747 64 4.50 0.17 0.11 0.06 2.11 0.17 5.623 Br39
07463755-0442400 5940 65 4.43 0.17 -0.34 0.05 2.65 0.11 5.623 Br39
07463763-0442067 6256 65 4.00 0.17 -0.27 0.05 2.76 0.08 5.623 Br39
07463887-0439379 6108 65 4.39 0.18 0.07 0.05 2.02 0.24 5.623 Br39
07463925-0440410 5839 66 4.19 0.17 -0.29 0.05 2.52 0.11 5.623 Br39
07464059-0430240 5740 65 4.45 0.17 0.04 0.05 1.81 0.22 5.623 Br39
07464060-0434317 6132 65 4.14 0.18 -0.17 0.06 2.76 0.07 5.623 Br39
07464132-0434543 5792 64 4.40 0.17 -0.11 0.06 2.29 0.17 5.623 Br39
07464334-0439507 6111 65 4.31 0.18 -0.15 0.05 2.58 0.11 5.623 Br39
07464396-0444330 5803 65 4.33 0.17 -0.26 0.06 2.32 0.07 5.623 Br39
07464438-0440111 6071 65 4.30 0.17 -0.24 0.05 2.63 0.07 5.623 Br39
07464471-0443365 6175 67 4.39 0.17 -0.14 0.05 2.73 0.10 5.623 Br39
07464474-0434155 5934 63 3.93 0.17 -0.34 0.05 2.51 0.09 5.623 Br39
07464519-0436405 6104 64 4.41 0.18 -0.19 0.06 3.16 0.09 5.623 Br39
07464523-0438417 5148 65 3.33 0.17 -0.08 0.05 1.21 0.18 5.623 Br39
07464563-0437177 5803 66 4.21 0.17 -0.10 0.06 2.21 0.09 5.623 Br39
07464606-0440285 5810 79 4.21 0.22 -0.23 0.08 2.61 0.17 5.623 Br39
07464621-0436391 6211 64 4.08 0.17 -0.06 0.06 2.78 0.10 5.623 Br39
07464657-0433279 5244 63 3.59 0.17 -0.09 0.05 1.14 0.30 5.623 Br39
07464719-0437320 5674 66 4.24 0.18 -0.12 0.05 2.04 0.12 5.623 Br39
07464774-0436220 5933 64 4.60 0.18 -0.07 0.06 2.63 0.11 5.623 Br39
07464788-0440115 4767 67 2.49 0.18 -0.23 0.05 0.09 0.15 5.623 Br39
07464789-0439419 6113 82 4.83 0.22 -0.16 0.08 2.69 0.12 5.623 Br39
07464842-0444470 5309 66 3.89 0.17 -0.21 0.06 1.60 0.10 5.623 Br39
07464890-0440142 5139 62 3.63 0.17 -0.19 0.05 1.05 0.22 5.623 Br39
07464896-0439494 6024 65 4.11 0.18 -0.23 0.05 2.96 0.08 5.623 Br39
07464916-0437339 5998 67 4.53 0.17 -0.32 0.05 2.54 0.11 5.623 Br39
07464935-0442181 5169 66 3.73 0.18 -0.19 0.06 1.31 0.19 5.623 Br39
07464979-0440241 6005 64 4.32 0.17 -0.26 0.05 2.67 0.09 5.623 Br39
07464983-0438524 6119 83 3.63 0.21 -0.17 0.07 2.72 0.12 5.623 Br39
07465001-0438029 6562 84 4.18 0.22 -0.16 0.08 2.72 0.18 5.623 Br39
07465048-0440450 5949 68 4.13 0.17 -0.45 0.05 2.51 0.10 5.623 Br39
07465080-0442163 6283 83 4.25 0.22 -0.11 0.07 2.92 0.17 5.623 Br39
07465090-0441137 5415 66 4.14 0.18 0.00 0.05 1.48 0.00 5.623 Br39
07465102-0449188 6419 67 4.31 0.18 -0.21 0.05 3.03 0.10 5.623 Br39
07465183-0436558 6626 84 3.76 0.21 0.21 0.07 2.43 0.00 5.623 Br39
07465191-0433379 4996 63 3.38 0.18 -0.12 0.05 0.48 0.46 5.623 Br39
07465201-0437385 5785 65 4.12 0.18 -0.35 0.05 2.37 0.10 5.623 Br39
07465223-0443267 6064 63 4.34 0.18 -0.19 0.05 2.47 0.10 5.623 Br39
07465268-0439444 5426 66 3.79 0.18 -0.02 0.05 2.05 0.10 5.623 Br39
07465346-0438423 6028 65 4.57 0.18 -0.10 0.05 2.43 0.12 5.623 Br39
07465369-0443580 6084 64 4.43 0.17 -0.19 0.05 2.44 0.09 5.623 Br39
07465371-0443307 5892 65 4.39 0.18 -0.39 0.05 2.47 0.07 5.623 Br39
07465399-0447518 6068 65 4.30 0.17 -0.21 0.06 2.61 0.07 5.623 Br39
07465410-0445352 5900 65 4.11 0.17 -0.16 0.06 2.70 0.07 5.623 Br39
07465414-0438582 4699 31 2.53 0.05 -0.15 0.05 -1.00 0.00 5.623 Br39
07465415-0449220 6601 84 4.39 0.22 -0.36 0.08 3.12 0.13 5.623 Br39
07465506-0445252 5988 65 3.71 0.17 -0.27 0.06 1.99 0.16 5.623 Br39
07465523-0440124 5551 65 4.33 0.17 -0.05 0.05 1.83 0.14 5.623 Br39
07465541-0439390 6202 68 4.30 0.18 0.07 0.05 2.91 0.10 5.623 Br39
07465554-0448004 6028 67 4.38 0.17 -0.34 0.05 2.76 0.10 5.623 Br39
07465580-0444155 6149 65 3.91 0.18 -0.33 0.05 2.68 0.11 5.623 Br39
07465614-0444327 5885 63 4.01 0.17 -0.33 0.05 1.90 0.25 5.623 Br39
07465645-0439273 6335 81 3.94 0.22 0.13 0.07 2.62 0.00 5.623 Br39
07465819-0447243 5872 65 4.50 0.18 -0.39 0.05 2.58 0.11 5.623 Br39
07465822-0446010 5868 65 4.49 0.18 -0.38 0.05 2.16 0.15 5.623 Br39
07465981-0441479 4840 30 2.63 0.05 -0.17 0.05 -0.17 0.00 5.623 Br39
07470013-0433261 5059 64 3.39 0.17 -0.06 0.05 1.02 0.00 5.623 Br39
07470014-0449151 5699 64 4.29 0.17 -0.15 0.05 2.02 0.16 5.623 Br39
07470121-0442453 4959 64 3.12 0.17 -0.11 0.05 0.34 0.25 5.623 Br39
07470235-0429454 5996 81 4.51 0.22 -0.28 0.08 2.51 0.15 5.623 Br39
07470294-0440218 6207 65 4.22 0.17 -0.17 0.05 2.56 0.11 5.623 Br39
07470315-0432591 5319 70 4.78 0.20 -0.13 0.05 1.46 0.21 5.623 Br39
07470350-0447154 5585 65 4.40 0.18 -0.13 0.06 1.87 0.15 5.623 Br39
07470488-0440355 6094 66 4.34 0.18 -0.17 0.05 2.94 0.07 5.623 Br39
07470566-0448186 5530 66 4.61 0.17 -0.51 0.05 1.66 0.17 5.623 Br39
07470632-0442181 6406 82 4.57 0.23 0.01 0.07 2.87 0.15 5.623 Br39
07470635-0431274 5099 64 3.29 0.17 -0.08 0.05 1.24 0.00 5.623 Br39
07470687-0443573 6314 82 3.85 0.22 0.26 0.08 3.11 0.19 5.623 Br39
07470918-0439248 5417 71 4.22 0.22 0.24 0.05 1.58 0.00 5.623 Br39
07471076-0436259 4638 31 2.71 0.05 -0.12 0.05 0.28 0.06 5.623 Br39
07471307-0435542 6436 83 4.08 0.22 -0.06 0.07 2.70 0.22 5.623 Br39
07471381-0450450 4778 65 4.67 0.18 0.10 0.05 0.22 0.77 5.623 Br39
07471486-0435574 6230 65 4.32 0.18 -0.14 0.05 3.05 0.07 5.623 Br39
07472000-0432543 6508 80 3.92 0.22 -0.35 0.07 3.12 0.11 5.623 Br39
07472070-0447431 6386 64 3.93 0.17 -0.21 0.05 2.98 0.11 5.623 Br39
07472076-0445042 6478 83 4.49 0.22 -0.10 0.08 2.38 0.31 5.623 Br39
07472219-0444526 5600 65 4.33 0.17 -0.23 0.05 1.33 0.95 5.623 Br39
07472373-0442432 5793 68 4.40 0.21 0.05 0.06 1.89 0.00 5.623 Br39
07462234-0442126 5984 65 4.37 0.18 -0.08 0.05 2.50 0.08 5.623 Br39
07462466-0444454 5868 64 4.07 0.18 -0.36 0.05 2.29 0.09 5.623 Br39
07462963-0447001 4672 62 4.80 0.17 0.00 0.05 0.66 0.14 5.623 Br39
07463174-0439430 6099 63 4.31 0.18 -0.13 0.05 2.72 0.07 5.623 Br39
07463257-0432138 6036 64 4.40 0.18 0.19 0.05 2.70 0.06 5.623 Br39
07463320-0444202 6020 66 4.34 0.17 -0.34 0.05 2.66 0.08 5.623 Br39
07463471-0447312 6389 64 4.12 0.17 -0.18 0.06 2.81 0.09 5.623 Br39
07463532-0433294 6211 63 4.27 0.18 -0.15 0.05 3.14 0.07 5.623 Br39
07463580-0441345 5877 64 4.35 0.17 -0.38 0.06 2.25 0.10 5.623 Br39
07463682-0442382 6057 66 4.38 0.17 -0.30 0.06 2.75 0.10 5.623 Br39
07463828-0439474 6036 65 4.30 0.18 -0.22 0.05 2.70 0.07 5.623 Br39
07463869-0441141 6039 67 4.38 0.17 -0.38 0.05 2.59 0.08 5.623 Br39
07463897-0441563 4697 64 2.48 0.17 -0.28 0.05 0.50 0.11 5.623 Br39
07464081-0437213 5604 65 3.98 0.18 -0.17 0.05 2.16 0.08 5.623 Br39
07464135-0435045 5865 65 4.54 0.18 -0.30 0.05 2.27 0.17 5.623 Br39
07464227-0440498 6588 83 4.33 0.22 -0.07 0.08 2.10 0.00 5.623 Br39
07464272-0444087 5822 65 4.15 0.18 -0.33 0.05 2.65 0.08 5.623 Br39
07464283-0443263 6621 82 3.96 0.21 -0.55 0.08 2.34 0.00 5.623 Br39
07464338-0445368 5981 66 4.36 0.18 -0.19 0.05 2.72 0.08 5.623 Br39
07464377-0443072 5975 64 4.33 0.18 -0.51 0.06 2.73 0.08 5.623 Br39
07464402-0439460 6089 64 4.05 0.18 -0.24 0.05 2.58 0.11 5.623 Br39
07464434-0440076 6130 64 3.78 0.17 -0.27 0.05 1.89 0.22 5.623 Br39
07464503-0442552 5149 66 3.65 0.18 -0.05 0.05 1.59 0.10 5.623 Br39
07464527-0446289 6358 64 4.11 0.17 -0.15 0.06 2.79 0.08 5.623 Br39
07464551-0440332 5962 64 4.12 0.18 -0.36 0.05 2.44 0.10 5.623 Br39
07464558-0442471 5900 64 4.07 0.17 -0.34 0.06 2.53 0.07 5.623 Br39
07464570-0439106 5856 65 4.31 0.17 -0.32 0.06 2.60 0.08 5.623 Br39
07464580-0439474 6008 66 4.26 0.18 -0.01 0.05 2.84 0.07 5.623 Br39
07464606-0434478 5959 65 4.09 0.17 -0.28 0.06 2.67 0.08 5.623 Br39
07464652-0435220 5907 64 4.29 0.17 -0.09 0.05 2.71 0.06 5.623 Br39
07464662-0441350 5889 65 3.94 0.18 -0.39 0.05 2.53 0.10 5.623 Br39
07464737-0441001 6031 65 4.23 0.17 -0.25 0.05 2.43 0.08 5.623 Br39
07464741-0440426 6308 81 3.77 0.22 -0.41 0.08 2.22 0.00 5.623 Br39
07464760-0441406 5952 66 4.23 0.17 -0.15 0.05 2.52 0.07 5.623 Br39
07464876-0438267 6173 65 4.24 0.17 -0.30 0.06 2.11 0.00 5.623 Br39
07464906-0438110 6094 65 4.38 0.17 -0.27 0.05 2.71 0.07 5.623 Br39
07464930-0442222 6123 63 4.15 0.18 -0.22 0.05 2.46 0.09 5.623 Br39
07464971-0441495 5690 63 4.10 0.17 -0.20 0.05 1.98 0.10 5.623 Br39
07464997-0435029 6104 106 4.96 0.29 0.09 0.09 2.70 0.14 5.623 Br39
07465071-0441347 6021 64 4.23 0.17 -0.28 0.05 2.73 0.07 5.623 Br39
07465131-0438487 6268 66 4.02 0.17 -0.24 0.05 1.80 0.00 5.623 Br39
07465136-0437167 5400 64 4.05 0.18 -0.55 0.06 2.22 0.12 5.623 Br39
07465196-0435390 5609 67 4.28 0.18 -0.25 0.05 2.14 0.09 5.623 Br39
07465216-0437314 6154 65 4.54 0.18 -0.15 0.05 2.66 0.11 5.623 Br39
07465242-0441267 6035 64 4.18 0.17 -0.08 0.05 2.89 0.08 5.623 Br39
07465320-0444160 6157 65 3.94 0.17 -0.19 0.05 2.65 0.07 5.623 Br39
07465343-0442422 6175 64 4.30 0.17 -0.18 0.05 2.70 0.09 5.623 Br39
07465401-0436239 5844 65 4.52 0.17 0.03 0.05 1.96 0.12 5.623 Br39
07465489-0440147 6198 64 4.21 0.18 -0.22 0.05 2.58 0.08 5.623 Br39
07465583-0439534 5977 64 4.33 0.17 -0.39 0.06 2.51 0.08 5.623 Br39
07465717-0438315 5789 65 4.27 0.18 -0.47 0.05 2.45 0.06 5.623 Br39
07465745-0431058 5810 63 3.90 0.18 -0.62 0.06 2.66 0.08 5.623 Br39
07465854-0440174 6049 63 4.27 0.18 -0.28 0.05 2.62 0.08 5.623 Br39
07465877-0438554 5628 66 4.48 0.18 -0.37 0.05 2.02 0.08 5.623 Br39
07465906-0439102 5773 65 4.06 0.17 -0.08 0.06 2.73 0.06 5.623 Br39
07465940-0437489 6025 67 4.22 0.17 -0.28 0.05 2.46 0.08 5.623 Br39
07465982-0438597 5923 63 4.32 0.17 -0.25 0.05 2.71 0.09 5.623 Br39
07465982-0441085 5038 65 3.44 0.17 -0.13 0.05 0.44 0.49 5.623 Br39
07465987-0433162 6255 63 4.32 0.17 -0.19 0.05 2.58 0.12 5.623 Br39
07470093-0435564 6089 66 4.19 0.17 -0.14 0.06 2.74 0.08 5.623 Br39
07470111-0434202 5795 64 4.60 0.17 0.33 0.05 1.85 0.00 5.623 Br39
07470219-0439470 6219 65 4.23 0.17 -0.21 0.06 2.85 0.06 5.623 Br39
07470248-0436369 6066 65 4.36 0.18 -0.05 0.05 2.92 0.09 5.623 Br39
07470264-0435551 5861 65 4.58 0.17 -0.43 0.05 2.63 0.08 5.623 Br39
07470302-0441396 6153 65 4.10 0.17 0.02 0.06 2.71 0.08 5.623 Br39
07470308-0439056 6264 66 4.31 0.17 -0.12 0.05 2.81 0.10 5.623 Br39
07470409-0440178 6284 65 4.14 0.18 -0.13 0.06 2.63 0.14 5.623 Br39
07470749-0432108 5865 64 4.48 0.17 -0.23 0.05 2.25 0.13 5.623 Br39
07470839-0432163 5956 67 4.37 0.18 -0.17 0.05 2.73 0.08 5.623 Br39
07471181-0441580 6178 67 4.32 0.18 -0.13 0.05 2.67 0.09 5.623 Br39
07471207-0434531 5410 63 4.48 0.17 -0.37 0.05 1.79 0.09 5.623 Br39
07471208-0446289 5996 66 4.28 0.17 -0.33 0.05 2.66 0.11 5.623 Br39
07471227-0443179 5702 65 4.68 0.18 -0.26 0.05 1.61 0.19 5.623 Br39
07471268-0437532 6131 66 4.24 0.17 -0.20 0.05 2.74 0.09 5.623 Br39
07471306-0440285 5971 65 4.30 0.17 -0.37 0.05 2.54 0.10 5.623 Br39
07471402-0448305 5886 66 4.49 0.17 -0.07 0.05 1.83 0.27 5.623 Br39
07471503-0432425 5553 63 4.39 0.17 -0.52 0.05 1.73 0.13 5.623 Br39
07471526-0446560 5611 64 4.22 0.17 -0.27 0.05 1.98 0.09 5.623 Br39
07471655-0432198 4934 67 3.29 0.17 -0.18 0.05 0.27 0.49 5.623 Br39
07471695-0444134 5920 72 4.17 0.21 -0.41 0.05 2.50 0.10 5.623 Br39
07471908-0446276 6004 64 4.23 0.17 -0.30 0.06 2.75 0.08 5.623 Br39
07471940-0442180 5900 65 4.42 0.17 -0.27 0.06 2.09 0.14 5.623 Br39
07472024-0442480 6263 65 4.37 0.17 -0.07 0.05 2.64 0.08 5.623 Br39
07472098-0444311 5672 64 4.58 0.18 -0.45 0.06 1.85 0.12 5.623 Br39
07472131-0449367 6067 65 4.38 0.18 -0.25 0.05 2.70 0.09 5.623 Br39
07472189-0445280 5766 66 4.01 0.18 -0.45 0.06 2.13 0.09 5.623 Br39
07472282-0438241 5982 68 4.14 0.17 -0.44 0.05 2.66 0.07 5.623 Br39
07472339-0433440 5030 62 3.67 0.18 -0.36 0.05 0.88 0.22 5.623 Br39
07472418-0439448 6223 65 4.18 0.18 -0.12 0.05 2.61 0.12 5.623 Br39
07472440-0437066 4929 64 4.63 0.17 0.25 0.05 0.48 0.21 5.623 Br39
07472445-0434412 5799 65 4.49 0.17 -0.03 0.05 1.56 0.29 5.623 Br39
07472447-0447159 5852 65 4.33 0.17 -0.19 0.06 2.15 0.11 5.623 Br39
07472485-0436350 4658 63 4.77 0.17 -0.06 0.06 0.46 0.12 5.623 Br39
07472640-0447257 4854 65 2.64 0.17 -0.08 0.06 0.50 0.12 5.623 Br39
07472777-0439250 6004 66 4.17 0.18 -0.12 0.05 2.19 0.11 5.623 Br39
07472884-0438462 5904 66 4.33 0.18 -0.29 0.06 2.31 0.10 5.623 Br39
07472952-0435085 5291 65 4.39 0.17 0.21 0.05 1.54 0.13 5.623 Br39
07473573-0438545 6091 67 4.41 0.17 -0.48 0.06 2.48 0.08 5.623 Br39
07473647-0439172 6285 64 4.43 0.18 -0.38 0.06 2.91 0.07 5.623 Br39
07462530-0436380 5845 63 4.08 0.17 -0.37 0.05 2.22 0.08 5.623 Br39
07463148-0440498 5812 65 4.13 0.17 -0.16 0.05 2.27 0.07 5.623 Br39
07463837-0438403 6188 65 3.98 0.17 -0.19 0.05 2.03 0.00 5.623 Br39
07463880-0439554 5911 65 4.46 0.18 -0.51 0.06 2.49 0.07 5.623 Br39
07464058-0439038 6403 65 4.17 0.18 -0.18 0.05 2.40 0.13 5.623 Br39
07464277-0439035 5868 64 3.98 0.17 -0.34 0.06 2.71 0.10 5.623 Br39
07464798-0441020 6032 67 4.35 0.18 -0.26 0.05 2.67 0.07 5.623 Br39
07464986-0441416 6110 66 4.28 0.17 -0.24 0.05 2.46 0.09 5.623 Br39
07465121-0436035 4909 65 3.14 0.18 -0.11 0.06 0.80 0.11 5.623 Br39
07465121-0441472 6015 66 4.11 0.18 -0.17 0.06 2.81 0.06 5.623 Br39
07465221-0440041 5956 65 4.17 0.17 -0.25 0.05 2.51 0.07 5.623 Br39
07465487-0448062 6102 66 3.76 0.17 -0.33 0.05 2.09 0.22 5.623 Br39
07465725-0446317 5832 62 4.24 0.17 -0.33 0.05 2.30 0.08 5.623 Br39
07470292-0433256 5248 65 4.28 0.18 -0.45 0.05 1.32 0.00 5.623 Br39
07470438-0440071 6011 65 4.25 0.17 -0.07 0.05 2.23 0.14 5.623 Br39
07463708-0439072 5091 33 3.63 0.05 -0.10 0.17 0.60 0.00 5.623 Br39
07464629-0440040 4996 32 3.52 0.05 -0.24 0.17 0.94 0.09 5.623 Br39
07464855-0439092 5067 33 3.59 0.05 -0.23 0.17 1.21 0.06 5.623 Br39
07465009-0436004 4817 32 2.62 0.05 -0.14 0.17 0.64 0.05 5.623 Br39
07471674-0439150 4829 30 2.61 0.05 -0.14 0.17 -0.18 0.00 5.623 Br39
07471880-0445571 4268 31 1.70 0.06 -0.40 0.17 -0.82 0.00 5.623 Br39
07472031-0436055 4523 32 2.56 0.05 0.20 0.17 -0.48 0.35 5.623 Br39
07461976-0434182 5858 66 4.01 0.18 -0.34 0.06 2.28 0.13 5.623 Br39
07462005-0442051 5812 63 4.07 0.18 -0.44 0.05 2.53 0.10 5.623 Br39
07462110-0444190 5888 65 4.20 0.17 -0.63 0.05 2.33 0.11 5.623 Br39
07462406-0440106 5984 66 4.42 0.18 0.02 0.05 2.38 0.13 5.623 Br39
07462459-0435511 5411 65 4.07 0.17 -0.34 0.06 1.58 0.00 5.623 Br39
07462504-0435396 5689 67 3.95 0.17 -0.48 0.05 2.32 0.14 5.623 Br39
07462616-0436584 5825 65 3.94 0.18 -0.46 0.05 2.71 0.11 5.623 Br39
07462686-0434411 5493 65 3.84 0.18 -0.59 0.05 2.12 0.13 5.623 Br39
07462812-0440073 5679 64 3.76 0.18 -0.30 0.05 2.78 0.11 5.623 Br39
07462813-0437443 5555 67 3.85 0.17 -0.39 0.06 2.17 0.10 5.623 Br39
07463040-0437114 5321 65 4.35 0.17 -0.45 0.06 1.78 0.00 5.623 Br39
07463058-0435544 5097 65 4.52 0.17 -0.26 0.05 1.63 0.15 5.623 Br39
07463204-0440096 5871 66 4.14 0.17 0.11 0.05 2.23 0.09 5.623 Br39
07463285-0447005 6037 64 4.25 0.17 -0.23 0.05 2.57 0.13 5.623 Br39
07463428-0431310 5708 65 4.24 0.18 -0.47 0.06 2.25 0.12 5.623 Br39
07463607-0440079 6070 64 4.27 0.18 -0.20 0.06 2.54 0.08 5.623 Br39
07463628-0434522 5579 82 3.87 0.22 -0.36 0.08 2.41 0.19 5.623 Br39
07463671-0439281 5521 80 3.34 0.22 -0.24 0.08 2.29 0.18 5.623 Br39
07463708-0439479 6156 66 4.26 0.17 -0.14 0.05 2.65 0.08 5.623 Br39
07463816-0440256 5939 66 4.11 0.18 -0.22 0.05 2.43 0.08 5.623 Br39
07463861-0441303 6009 63 4.14 0.18 -0.27 0.05 2.64 0.10 5.623 Br39
07463941-0435346 5579 83 3.99 0.22 -0.09 0.08 1.65 0.45 5.623 Br39
07464049-0448450 6067 79 3.39 0.22 -0.22 0.07 3.13 0.13 5.623 Br39
07464059-0435031 5724 65 4.01 0.18 -0.24 0.05 2.14 0.17 5.623 Br39
07464189-0431042 5544 64 3.92 0.18 -0.18 0.06 2.05 0.08 5.623 Br39
07464215-0445192 6072 66 4.32 0.17 -0.17 0.06 2.57 0.18 5.623 Br39
07464239-0436163 5658 64 4.01 0.18 -0.50 0.05 2.51 0.10 5.623 Br39
07464243-0435007 5851 66 4.54 0.17 -0.38 0.05 2.60 0.09 5.623 Br39
07464258-0438492 5731 80 4.42 0.22 -0.31 0.08 2.42 0.12 5.623 Br39
07464280-0442170 6093 66 4.55 0.17 -0.13 0.06 2.54 0.12 5.623 Br39
07464335-0443200 6064 66 4.23 0.17 -0.27 0.05 2.63 0.07 5.623 Br39
07464346-0440278 5789 103 3.94 0.33 -0.10 0.09 2.46 0.19 5.623 Br39
07464417-0438252 5912 66 4.53 0.17 -0.27 0.06 2.46 0.11 5.623 Br39
07464427-0447131 6545 66 4.07 0.17 -0.12 0.05 2.58 0.12 5.623 Br39
07464444-0447454 5840 66 4.31 0.17 -0.51 0.06 2.50 0.12 5.623 Br39
07464497-0439015 5835 69 4.33 0.21 -0.41 0.05 2.47 0.10 5.623 Br39
07464599-0444054 5794 65 4.21 0.17 -0.23 0.05 2.24 0.12 5.623 Br39
07464615-0442099 6278 82 4.07 0.21 -0.26 0.08 2.74 0.16 5.623 Br39
07464623-0440377 5862 81 4.11 0.21 -0.14 0.08 2.36 0.21 5.623 Br39
07464664-0436366 5940 66 4.44 0.17 -0.21 0.05 2.40 0.11 5.623 Br39
07464696-0434586 5753 65 3.92 0.17 -0.34 0.06 2.40 0.11 5.623 Br39
07464791-0434116 5822 66 4.68 0.17 -0.45 0.06 2.19 0.16 5.623 Br39
07464915-0439599 5959 65 4.17 0.17 -0.30 0.06 2.68 0.08 5.623 Br39
07464951-0437282 5804 65 4.27 0.17 -0.30 0.05 2.37 0.12 5.623 Br39
07465005-0442528 6042 64 4.10 0.18 -0.27 0.06 2.20 0.29 5.623 Br39
07465104-0442331 5892 64 4.26 0.18 -0.23 0.05 2.43 0.09 5.623 Br39
07465201-0439201 5764 65 4.35 0.17 -0.43 0.05 2.25 0.09 5.623 Br39
07465201-0441255 5081 64 3.73 0.17 -0.02 0.05 1.21 0.11 5.623 Br39
07465232-0447544 6154 83 4.78 0.22 -0.45 0.08 2.75 0.11 5.623 Br39
07465243-0439524 5954 65 4.24 0.17 -0.51 0.05 2.70 0.07 5.623 Br39
07465282-0435386 5913 66 4.11 0.17 -0.44 0.05 2.26 0.20 5.623 Br39
07465309-0442300 5687 72 4.40 0.21 -0.51 0.06 2.26 0.10 5.623 Br39
07465339-0432343 5430 64 4.30 0.17 0.22 0.05 1.30 0.35 5.623 Br39
07465347-0440061 5809 66 4.62 0.17 -0.42 0.05 2.40 0.11 5.623 Br39
07465350-0447542 6059 64 4.56 0.18 -0.02 0.05 2.64 0.11 5.623 Br39
07465402-0435596 5798 65 4.64 0.17 -0.15 0.06 1.97 0.23 5.623 Br39
07465422-0440235 5969 65 4.04 0.17 -0.05 0.06 2.42 0.08 5.623 Br39
07465481-0439370 5715 64 4.57 0.17 -0.34 0.05 2.08 0.19 5.623 Br39
07465493-0439063 6040 65 4.19 0.18 -0.28 0.05 2.54 0.10 5.623 Br39
07465498-0441552 5859 70 4.46 0.21 -0.17 0.05 2.54 0.12 5.623 Br39
07465500-0437433 5149 66 3.46 0.17 0.01 0.06 0.94 0.16 5.623 Br39
07465570-0441344 5956 102 4.39 0.34 -0.24 0.10 2.55 0.15 5.623 Br39
07465585-0448212 5983 81 4.69 0.22 0.05 0.08 1.93 0.00 5.623 Br39
07465599-0435472 5048 64 3.58 0.18 -0.08 0.05 0.78 0.14 5.623 Br39
07465652-0439100 5935 66 4.57 0.18 -0.39 0.05 2.54 0.13 5.623 Br39
07465971-0440572 5904 65 4.70 0.18 -0.02 0.05 2.58 0.15 5.623 Br39
07465976-0445510 6203 82 4.82 0.22 -0.75 0.08 2.75 0.11 5.623 Br39
07470030-0442471 6136 64 4.32 0.17 -0.34 0.05 3.02 0.09 5.623 Br39
07470042-0440047 5824 64 4.50 0.18 -0.28 0.05 2.26 0.00 5.623 Br39
07470059-0442208 5824 66 4.54 0.17 -0.71 0.05 2.48 0.09 5.623 Br39
07470122-0437519 5962 67 4.62 0.17 -0.42 0.05 2.38 0.11 5.623 Br39
07470208-0438555 5783 65 3.95 0.17 -0.40 0.05 2.42 0.12 5.623 Br39
07470356-0450244 5904 65 4.30 0.17 -0.20 0.05 2.56 0.08 5.623 Br39
07470423-0443325 5879 80 4.27 0.22 -0.33 0.07 2.74 0.12 5.623 Br39
07470429-0435133 5810 82 3.79 0.21 -0.30 0.08 2.08 0.19 5.623 Br39
07470493-0435424 4941 33 3.18 0.05 -0.11 0.04 -0.13 0.00 5.623 Br39
07470554-0443068 5667 71 4.40 0.21 -0.55 0.05 2.39 0.11 5.623 Br39
07470680-0448468 5879 67 4.18 0.18 -0.49 0.05 1.93 0.00 5.623 Br39
07470749-0444092 5758 66 4.09 0.17 -0.46 0.06 2.65 0.09 5.623 Br39
07470801-0449427 5935 66 4.18 0.18 -0.43 0.06 2.84 0.08 5.623 Br39
07470908-0434391 5992 66 4.43 0.17 -0.34 0.05 2.87 0.10 5.623 Br39
07471038-0446294 6088 103 4.30 0.34 -0.09 0.09 2.71 0.21 5.623 Br39
07471171-0432488 5953 64 4.15 0.18 -0.55 0.05 1.90 0.17 5.623 Br39
07471247-0448056 5718 66 3.94 0.18 -0.27 0.05 1.82 0.27 5.623 Br39
07471318-0435353 5702 79 4.28 0.21 -0.18 0.08 2.18 0.20 5.623 Br39
07471461-0433313 5942 84 4.42 0.22 0.15 0.08 2.35 0.00 5.623 Br39
07471659-0434525 5831 82 4.42 0.22 -0.30 0.07 2.46 0.15 5.623 Br39
07471743-0437298 5913 66 4.44 0.17 -0.03 0.06 2.42 0.14 5.623 Br39
07471866-0434049 6421 81 3.61 0.23 -0.12 0.07 3.29 0.11 5.623 Br39
07471933-0448462 6019 107 3.96 0.34 -0.30 0.09 2.28 0.26 5.623 Br39
07471951-0438506 6014 66 4.28 0.17 -0.43 0.06 2.73 0.10 5.623 Br39
07472099-0436118 5600 82 4.64 0.21 0.00 0.08 2.26 0.19 5.623 Br39
07472367-0435288 5871 64 3.97 0.18 -0.31 0.05 2.61 0.11 5.623 Br39
07472892-0438031 6064 69 4.25 0.21 -0.24 0.06 2.69 0.09 5.623 Br39
07460935-0441028 5834 65 3.90 0.17 -0.16 0.06 2.72 0.07 5.623 Br39
07461024-0439165 6076 65 4.01 0.18 -0.32 0.05 2.13 0.12 5.623 Br39
07461050-0441193 5369 64 4.64 0.18 0.04 0.06 1.35 0.18 5.623 Br39
07461196-0438297 6015 65 4.13 0.17 -0.36 0.05 2.48 0.08 5.623 Br39
07461240-0439346 5833 66 4.29 0.17 -0.07 0.05 1.45 0.37 5.623 Br39
07461273-0443181 5726 65 3.92 0.17 -0.70 0.06 2.00 0.12 5.623 Br39
07461383-0445327 5661 65 4.51 0.18 -0.32 0.05 1.91 0.12 5.623 Br39
07461394-0441505 5742 69 3.83 0.17 -0.55 0.06 2.37 0.11 5.623 Br39
07461694-0435046 5125 65 3.79 0.17 -0.43 0.06 1.30 0.00 5.623 Br39
07461719-0446333 6160 63 4.23 0.18 -0.10 0.05 2.90 0.06 5.623 Br39
07462035-0432481 5764 65 3.97 0.18 -0.17 0.05 2.54 0.11 5.623 Br39
07462140-0436313 6010 66 4.20 0.17 -0.38 0.06 2.56 0.09 5.623 Br39
07462166-0435063 6062 64 4.24 0.18 -0.24 0.06 2.52 0.08 5.623 Br39
07462317-0434097 4872 64 4.71 0.18 -0.58 0.05 0.41 0.00 5.623 Br39
07462328-0445551 6268 63 4.05 0.17 -0.27 0.05 2.86 0.08 5.623 Br39
07462491-0440361 5941 64 4.12 0.17 -0.35 0.05 2.51 0.10 5.623 Br39
07462510-0442275 5811 64 3.74 0.17 -0.17 0.05 2.29 0.13 5.623 Br39
07462677-0440523 5944 65 4.30 0.17 -0.27 0.05 2.20 0.19 5.623 Br39
07462917-0447320 5844 83 3.48 0.22 -0.55 0.08 2.62 0.14 5.623 Br39
07462982-0436269 5681 67 3.96 0.17 -0.56 0.06 2.27 0.11 5.623 Br39
07463133-0436276 5829 64 4.10 0.17 -0.49 0.06 2.41 0.10 5.623 Br39
07463322-0437337 5500 65 4.04 0.18 -0.32 0.05 2.30 0.10 5.623 Br39
07463459-0444376 5871 64 4.49 0.17 -0.29 0.05 2.44 0.11 5.623 Br39
07463480-0441145 5086 64 3.50 0.18 -0.15 0.06 1.16 0.11 5.623 Br39
07463586-0434535 5965 64 4.03 0.18 -0.27 0.05 2.23 0.14 5.623 Br39
07463632-0444108 6496 83 4.27 0.22 -0.39 0.08 2.90 0.14 5.623 Br39
07463644-0437349 5899 81 4.12 0.22 -0.35 0.08 2.54 0.15 5.623 Br39
07463742-0438317 6006 65 4.21 0.17 -0.19 0.05 2.70 0.10 5.623 Br39
07463856-0439217 5073 65 3.53 0.18 -0.18 0.06 0.77 0.18 5.623 Br39
07463876-0439342 5965 81 4.13 0.22 -0.18 0.08 2.60 0.14 5.623 Br39
07463886-0441464 5506 65 4.42 0.18 -0.58 0.05 1.84 0.16 5.623 Br39
07464065-0438422 5146 64 3.63 0.17 -0.11 0.05 1.08 0.13 5.623 Br39
07464199-0449039 5945 66 4.45 0.17 -0.17 0.05 2.21 0.11 5.623 Br39
07464296-0438369 5917 65 4.21 0.17 -0.24 0.05 2.36 0.09 5.623 Br39
07464328-0439022 6013 63 4.12 0.17 -0.22 0.05 2.56 0.08 5.623 Br39
07464428-0430499 5838 83 4.01 0.22 -0.49 0.08 2.59 0.11 5.623 Br39
07464434-0437206 5887 65 4.21 0.17 -0.35 0.06 2.48 0.13 5.623 Br39
07464547-0446055 5969 64 4.04 0.17 -0.24 0.05 2.78 0.10 5.623 Br39
07464592-0437331 5786 64 4.05 0.17 -0.08 0.05 2.23 0.17 5.623 Br39
07464604-0441465 5347 65 4.27 0.17 -0.37 0.06 1.37 0.00 5.623 Br39
07464630-0432104 5945 65 4.42 0.18 0.12 0.05 2.77 0.07 5.623 Br39
07464681-0433224 5540 81 4.08 0.21 -0.28 0.07 2.12 0.13 5.623 Br39
07464702-0430516 5164 66 4.62 0.18 0.00 0.05 1.08 0.00 5.623 Br39
07464707-0442575 6100 64 4.50 0.18 -0.19 0.05 2.82 0.08 5.623 Br39
07464751-0440205 5979 65 4.35 0.17 -0.27 0.05 2.68 0.08 5.623 Br39
07464797-0432352 5707 65 4.02 0.17 -0.54 0.06 2.23 0.11 5.623 Br39
07464881-0438344 5817 65 4.00 0.17 -0.39 0.05 2.31 0.12 5.623 Br39
07464912-0440525 6017 65 4.40 0.18 -0.27 0.05 2.40 0.09 5.623 Br39
07464995-0438140 5338 84 3.47 0.23 -0.44 0.08 1.98 0.17 5.623 Br39
07465102-0438168 6094 65 4.07 0.17 -0.20 0.06 2.65 0.11 5.623 Br39
07465124-0441032 6024 63 4.08 0.18 -0.35 0.05 2.58 0.08 5.623 Br39
07465138-0438402 5949 65 4.02 0.18 0.06 0.05 2.41 0.12 5.623 Br39
07465220-0441015 5687 64 4.64 0.18 -0.37 0.05 2.44 0.11 5.623 Br39
07465254-0430084 5222 82 2.64 0.21 -0.84 0.08 1.49 0.22 5.623 Br39
07465317-0440525 5188 62 3.67 0.18 -0.02 0.05 1.06 0.20 5.623 Br39
07465374-0438415 4917 67 3.06 0.17 -0.10 0.06 0.18 0.34 5.623 Br39
07465480-0439297 5008 64 3.42 0.18 -0.10 0.05 0.82 0.13 5.623 Br39
07465517-0439090 4889 66 3.21 0.17 -0.30 0.05 0.74 0.20 5.623 Br39
07465601-0437071 4936 64 3.84 0.17 -0.84 0.05 1.05 0.00 5.623 Br39
07465620-0441578 6076 67 4.32 0.17 -0.15 0.05 2.88 0.08 5.623 Br39
07465688-0431478 5333 65 4.72 0.17 -0.15 0.05 1.31 0.00 5.623 Br39
07465691-0439398 5846 81 4.83 0.23 -0.27 0.07 1.82 0.00 5.623 Br39
07470054-0440008 5878 65 4.28 0.17 -0.22 0.06 2.58 0.07 5.623 Br39
07470082-0445164 6345 81 4.40 0.22 -0.07 0.07 2.85 0.14 5.623 Br39
07470144-0433270 5415 82 3.36 0.22 -0.16 0.08 1.74 0.35 5.623 Br39
07470314-0433181 5672 83 3.63 0.22 0.03 0.08 1.77 0.00 5.623 Br39
07470350-0447194 5724 65 4.28 0.17 0.07 0.05 1.90 0.24 5.623 Br39
07470610-0439193 5928 65 4.33 0.17 -0.33 0.06 2.38 0.12 5.623 Br39
07470681-0430337 5729 66 4.30 0.18 0.02 0.05 1.36 0.49 5.623 Br39
07470684-0440248 5827 65 3.99 0.18 -0.29 0.05 2.53 0.10 5.623 Br39
07470716-0443078 5886 63 4.39 0.17 0.00 0.05 2.21 0.15 5.623 Br39
07470736-0447578 5508 64 4.71 0.18 -0.47 0.05 1.46 0.00 5.623 Br39
07470852-0442102 5894 64 4.42 0.17 0.13 0.05 2.38 0.11 5.623 Br39
07470975-0449415 6055 66 4.04 0.17 -0.31 0.06 2.40 0.09 5.623 Br39
07471085-0449155 6290 83 3.90 0.22 -0.58 0.08 1.92 0.00 5.623 Br39
07471289-0434368 6035 64 3.99 0.17 -0.26 0.05 2.66 0.09 5.623 Br39
07471482-0449436 6093 66 3.94 0.18 -0.39 0.05 2.69 0.09 5.623 Br39
07471544-0439378 5661 82 4.40 0.22 -0.80 0.08 2.45 0.12 5.623 Br39
07471569-0443494 5847 66 4.33 0.17 0.07 0.05 1.98 0.18 5.623 Br39
07471579-0431419 5798 64 4.25 0.17 -0.28 0.06 2.52 0.08 5.623 Br39
07471627-0431198 5549 63 3.76 0.17 -0.22 0.05 2.23 0.15 5.623 Br39
07471930-0434428 5581 65 4.43 0.17 -0.06 0.05 2.17 0.15 5.623 Br39
07471999-0442285 5644 64 4.49 0.18 -0.61 0.05 2.33 0.11 5.623 Br39
07472088-0432493 6154 66 4.28 0.17 -0.15 0.05 2.79 0.07 5.623 Br39
07472108-0446494 5952 67 4.41 0.17 -0.35 0.05 2.31 0.15 5.623 Br39
07472130-0442031 5380 66 4.10 0.18 -0.33 0.05 1.71 0.25 5.623 Br39
07472226-0439119 5981 66 4.16 0.17 -0.33 0.05 2.51 0.12 5.623 Br39
07472285-0436561 5964 65 4.17 0.17 -0.31 0.06 2.63 0.09 5.623 Br39
07472434-0437378 5755 84 3.66 0.23 -0.03 0.08 2.36 0.17 5.623 Br39
07472486-0435530 5962 79 4.41 0.21 -0.30 0.08 2.93 0.17 5.623 Br39
07472489-0434509 5784 65 4.55 0.17 -0.07 0.05 2.40 0.08 5.623 Br39
07472496-0446361 6051 66 4.25 0.17 -0.04 0.06 2.39 0.09 5.623 Br39
07472594-0438493 5903 65 4.16 0.18 -0.10 0.05 2.69 0.07 5.623 Br39
07472765-0433560 5890 66 3.81 0.17 -0.31 0.06 2.22 0.12 5.623 Br39
07472845-0443246 5492 65 4.41 0.17 0.26 0.05 1.16 0.31 5.623 Br39
07473056-0442275 5870 82 3.04 0.22 -0.64 0.08 2.62 0.12 5.623 Br39
07473143-0440496 6163 84 4.49 0.21 -0.60 0.08 2.66 0.12 5.623 Br39
07473589-0442356 6065 66 4.14 0.18 -0.28 0.05 2.52 0.10 5.623 Br39
07462726-0441382 5834 66 4.50 0.18 -0.33 0.05 2.32 0.16 5.623 Br39
07464911-0441557 4859 31 3.04 0.05 -0.09 0.17 0.64 0.06 5.623 Br39
07465200-0441557 4980 30 2.77 0.05 -0.18 0.17 0.48 0.09 5.623 Br39
07465801-0433550 4501 30 2.29 0.05 -0.21 0.17 -0.01 0.10 5.623 Br39
07470332-0439436 4932 31 3.21 0.05 -0.07 0.17 -1.00 0.00 5.623 Br39
07464204-0441060 4640 30 2.72 0.05 -0.12 0.05 0.38 0.06 5.623 Br39
07465652-0443512 4844 31 2.69 0.05 -0.15 0.05 -0.42 0.00 5.623 Br39
07470378-0439141 4700 31 2.52 0.05 -0.14 0.05 1.17 0.06 5.623 Br39
