OBJECT TEFF E_TEFF LOGG E_LOGG FEH E_FEH LI1 E_LI1 "AGE (Gyr)" GES_FLD MEM3D
19165874+1934193 4776 63 2.46 0.18 0.03 0.05 0.66 0.1 1.445 Br44 1
19170200+1933193 6596 65 4.06 0.17 0.14 0.05 2.35 0.0 1.445 Br44 0.9998
19170216+1930159 6639 77 4.35 0.18 0.02 0.1 3.27 0.06 1.445 Br44 0.9985
19170500+1929506 6871 67 4.34 0.17 0.27 0.05 2.38 0.0 1.445 Br44 0.9981
19170614+1932172 6531 65 4.24 0.17 0.06 0.05 2.5 0.17 1.445 Br44 0.9993
19170666+1932396 6761 79 4.19 0.18 -0.03 0.09 3.37 0.07 1.445 Br44 0.9998
19170833+1934095 6268 64 4.37 0.18 0.15 0.05 2.82 0.1 1.445 Br44 0.9988
19170890+1932231 6288 66 4.53 0.18 0.11 0.06 2.07 0.0 1.445 Br44 0.9997
19170961+1929259 6679 67 4.13 0.17 0.05 0.05 3.28 0.07 1.445 Br44 0.9943
19170972+1931594 6504 64 4.15 0.17 0.15 0.06 2.29 0.33 1.445 Br44 0.9999
19171000+1933207 6550 68 4.5 0.18 0.12 0.06 2.62 0.0 1.445 Br44 0.9999
19171160+1932583 4897 65 2.7 0.17 0.22 0.06 0.53 0.14 1.445 Br44 1
19171258+1931562 6449 66 4.26 0.18 0.17 0.05 3.18 0.07 1.445 Br44 0.9998
19171260+1936298 6585 78 4.37 0.18 0.02 0.09 3.1 0.08 1.445 Br44 0.9999
19171326+1934055 6725 67 4.14 0.17 0.06 0.05 3.22 0.06 1.445 Br44 0.9988
19171454+1937098 6638 65 4.22 0.18 0.12 0.05 3.29 0.1 1.445 Br44 0.9993
19171523+1933146 6526 67 4.24 0.18 0.04 0.05 2.81 0.1 1.445 Br44 0.9997
19171538+1930591 6627 66 4.39 0.17 0.05 0.05 2.25 0.0 1.445 Br44 0.9997
19171588+1932063 4725 77 2.52 0.18 0.1 0.1 -0.31 0.49 1.445 Br44 0.9999
19171832+1932559 6182 65 4.39 0.18 0.12 0.06 2.69 0.13 1.445 Br44 0.9996
19172103+1931174 6109 64 4.55 0.17 0.16 0.05 2.95 0.08 1.445 Br44 0.9991
19172439+1930201 6267 66 4.21 0.17 0.12 0.06 2.24 0.28 1.445 Br44 0.9995
19172723+1932188 6574 65 4.4 0.17 0.02 0.05 3.19 0.08 1.445 Br44 0.9995
19173018+1931575 6235 63 4.47 0.18 -0.06 0.05 2.25 0.0 1.445 Br44 0.9961
19173159+1934134 6634 66 3.98 0.17 0.11 0.05 3.2 0.08 1.445 Br44 0.9996
19170732+1930555 4801 35 2.81 0.05 0.19 0.05 0.87 0.06 1.445 Br44 0.9754
19170911+1933256 4760 35 2.72 0.06 0.22 0.05 1.07 0.06 1.445 Br44 0.9999
19171032+1932507 4732 33 2.64 0.06 0.12 0.06 1.08 0.06 1.445 Br44 0.9999
19172126+1933307 4735 33 2.83 0.05 0.2 0.04 0.42 0.12 1.445 Br44 0.9994
19172208+1933254 4742 32 2.7 0.06 0.41 0.04 1.02 0.06 1.445 Br44 1
19172255+1932012 4815 33 2.77 0.06 0.12 0.06 1.04 0.04 1.445 Br44 0.9999
