OBJECT TEFF E_TEFF LOGG E_LOGG FEH E_FEH LI1 E_LI1 "AGE (Gyr)" GES_FLD
06215540-0619054 5697 107 3.48 0.33 -0.15 0.09 2.30 0.24 1.413 Br73
06215682-0619198 6291 84 3.97 0.22 0.27 0.07 3.26 0.14 1.413 Br73
06215832-0617104 6208 81 3.58 0.22 -0.46 0.08 2.68 0.00 1.413 Br73
06215924-0620078 6895 70 4.47 0.21 -0.24 0.06 2.85 0.17 1.413 Br73
06220275-0619387 6787 72 4.34 0.20 -0.18 0.05 3.08 0.13 1.413 Br73
06220302-0620421 6408 82 4.49 0.22 -0.77 0.08 2.42 0.00 1.413 Br73
06220352-0617492 6766 68 4.19 0.17 -0.28 0.06 2.73 0.14 1.413 Br73
06220373-0619023 6721 70 4.16 0.21 -0.35 0.06 3.24 0.10 1.413 Br73
06220394-0618416 6516 81 4.68 0.22 -0.37 0.07 3.15 0.14 1.413 Br73
06220561-0618569 6527 69 4.01 0.21 -0.50 0.06 2.81 0.00 1.413 Br73
06220760-0617464 5954 66 3.88 0.18 -0.19 0.06 2.41 0.18 1.413 Br73
06220784-0618580 6635 65 4.14 0.18 -0.18 0.05 2.16 0.00 1.413 Br73
06220869-0619336 6523 63 4.13 0.18 -0.11 0.05 2.31 0.00 1.413 Br73
06221024-0618515 6821 67 3.81 0.17 -0.02 0.05 3.24 0.16 1.413 Br73
06215565-0619543 6080 64 3.87 0.17 -0.19 0.06 2.77 0.09 1.413 Br73
06215576-0619206 6226 80 4.40 0.22 -0.50 0.08 2.08 0.00 1.413 Br73
06215711-0618426 6446 108 4.35 0.33 -0.45 0.10 2.25 0.00 1.413 Br73
06215727-0617152 5995 65 4.43 0.17 0.15 0.05 2.32 0.07 1.413 Br73
06215847-0619351 6537 64 4.40 0.17 -0.44 0.06 2.98 0.13 1.413 Br73
06220092-0617543 6224 106 4.31 0.33 0.17 0.09 2.92 0.22 1.413 Br73
06220262-0620200 6480 83 3.86 0.22 -0.64 0.08 2.33 0.00 1.413 Br73
06220284-0619480 6854 66 4.35 0.18 -0.48 0.05 3.19 0.13 1.413 Br73
06220292-0617545 6944 66 3.88 0.17 -0.02 0.05 2.72 0.00 1.413 Br73
06220380-0618487 6974 108 4.60 0.34 -0.44 0.09 3.22 0.13 1.413 Br73
06220405-0617452 6029 81 3.13 0.22 -0.87 0.08 2.60 0.17 1.413 Br73
06220407-0617227 6319 66 4.19 0.18 -0.10 0.05 2.67 0.07 1.413 Br73
06220753-0619058 6281 64 4.34 0.17 -0.46 0.05 3.08 0.14 1.413 Br73
06220792-0618379 5987 66 3.92 0.17 -0.49 0.06 3.04 0.06 1.413 Br73
06220953-0619197 5962 83 3.64 0.21 -0.30 0.08 1.95 0.00 1.413 Br73
06220963-0619535 6942 109 4.26 0.34 -0.35 0.09 2.98 0.00 1.413 Br73
06215657-0620357 6263 81 4.07 0.22 -0.73 0.08 2.68 0.14 1.413 Br73
06215785-0617160 6263 105 4.17 0.34 -0.14 0.09 3.03 0.14 1.413 Br73
06215808-0620238 6306 64 4.07 0.17 -0.20 0.06 2.21 0.14 1.413 Br73
06220078-0619351 6981 86 4.33 0.22 -0.34 0.08 3.31 0.14 1.413 Br73
06220190-0617091 6496 105 4.25 0.34 0.36 0.08 2.45 0.00 1.413 Br73
06220291-0618284 6993 83 4.38 0.22 -0.64 0.08 2.35 0.00 1.413 Br73
06220372-0617500 6398 65 4.22 0.17 -0.79 0.05 2.85 0.05 1.413 Br73
06220561-0619010 5014 65 2.85 0.17 -0.29 0.05 1.20 0.09 1.413 Br73
06220617-0618234 6705 66 4.06 0.17 -0.20 0.05 2.71 0.11 1.413 Br73
06220690-0617244 6997 71 4.43 0.21 0.02 0.05 3.00 0.20 1.413 Br73
06220891-0620097 6365 65 4.40 0.17 -0.30 0.05 2.68 0.23 1.413 Br73
06220976-0619560 6209 103 4.96 0.30 -0.83 0.10 3.01 0.20 1.413 Br73
06215766-0616555 4528 32 2.26 0.05 -0.47 0.05 -0.61 0.00 1.413 Br73
06220115-0619167 5090 31 2.61 0.05 -0.24 0.05 -0.18 0.00 1.413 Br73
06220200-0619214 4956 31 2.86 0.05 -0.22 0.05 1.24 0.05 1.413 Br73
06220503-0618494 4457 30 2.01 0.05 -0.31 0.05 -0.05 0.09 1.413 Br73
06221045-0619294 4825 30 2.69 0.05 -0.26 0.05 0.10 0.17 1.413 Br73
06221093-0618006 5754 34 4.05 0.05 -0.34 0.04 2.24 0.05 1.413 Br73
