OBJECT TEFF E_TEFF LOGG E_LOGG FEH E_FEH LI1 E_LI1 "AGE (Gyr)" GES_FLD MEM3D
06485198-2402166 6207 82 4.09 0.22 -0.6 0.07 2.62 0.18 1.738 Br75 0.9992
06485348-2359082 6057 83 4.96 0.22 -0.5 0.08 2.64 0.19 1.738 Br75 0.9992
06485387-2358246 6134 82 4.56 0.22 -0.72 0.08 2.25 0.0 1.738 Br75 0.9692
06485434-2359015 6266 82 2.89 0.21 -0.85 0.08 2.25 0.0 1.738 Br75 0.9997
06485478-2401202 6652 83 4.14 0.21 -0.44 0.08 2.36 0.0 1.738 Br75 0.9998
06485504-2359272 4405 65 1.9 0.18 -0.48 0.06 -0.16 0.13 1.738 Br75 1
06485597-2357575 6411 82 4.46 0.22 -0.38 0.08 2.71 0.16 1.738 Br75 0.9964
06485831-2357498 6474 83 3.47 0.22 -0.9 0.08 2.71 0.23 1.738 Br75 0.9959
06485879-2400123 6565 82 4.87 0.22 0.04 0.08 3.48 0.14 1.738 Br75 0.9998
06490061-2358116 6359 80 4.14 0.22 -0.5 0.08 2.81 0.15 1.738 Br75 0.9998
06490172-2400091 6058 82 3.68 0.22 -0.54 0.07 2.84 0.13 1.738 Br75 0.9988
06490231-2402106 6234 82 3.94 0.23 -0.67 0.07 2.37 0.0 1.738 Br75 0.9999
06490243-2359512 6122 83 4.56 0.22 -0.52 0.08 2.58 0.21 1.738 Br75 0.9811
06490252-2401176 6341 81 4.11 0.22 -0.72 0.08 2.97 0.16 1.738 Br75 0.9997
06490278-2400186 6648 83 3.79 0.22 -0.19 0.08 3.16 0.25 1.738 Br75 0.9994
06490492-2358095 6112 66 4.09 0.18 -0.62 0.05 2.25 0.17 1.738 Br75 1
06490504-2400254 6121 65 3.94 0.18 -0.71 0.05 2.29 0.26 1.738 Br75 0.9997
06490541-2400379 6275 81 4.37 0.22 -0.4 0.08 2.68 0.17 1.738 Br75 0.9619
06485207-2358389 6171 82 4.32 0.21 -0.59 0.08 2.64 0.21 1.738 Br75 0.999
06485269-2359288 6265 81 4.04 0.22 -0.73 0.08 2.92 0.17 1.738 Br75 1
06485518-2401595 6012 65 4.12 0.18 -0.46 0.05 2.12 0.15 1.738 Br75 1
06485647-2401059 6360 64 4.09 0.17 -0.6 0.05 2.61 0.15 1.738 Br75 0.9998
06485849-2359148 6381 66 4.06 0.17 -0.63 0.06 2.49 0.17 1.738 Br75 0.9999
06485964-2400269 6267 65 4.18 0.18 -0.68 0.06 2.2 0.28 1.738 Br75 0.9999
06490039-2359468 6205 64 4.27 0.18 -0.64 0.06 2.69 0.12 1.738 Br75 0.9998
06490115-2359440 5916 80 3.28 0.22 -0.92 0.08 1.91 0.0 1.738 Br75 0.968
06490125-2359231 5712 65 3.8 0.18 -0.56 0.05 1.7 0.0 1.738 Br75 0.9999
06490380-2358410 5926 64 3.79 0.17 -0.69 0.06 2.05 0.15 1.738 Br75 0.9999
06490433-2359001 6257 67 4.42 0.17 -0.53 0.05 2.42 0.0 1.738 Br75 0.9999
06490553-2400456 6630 82 4.06 0.22 -0.74 0.08 2.54 0.0 1.738 Br75 0.9999
06485365-2359414 6180 83 3 0.23 -0.81 0.08 2.23 0.0 1.738 Br75 0.9998
06485613-2401400 6241 82 3.06 0.21 -0.9 0.08 2.23 0.0 1.738 Br75 0.9996
06485652-2359317 6502 71 4.04 0.21 -0.49 0.05 2.56 0.19 1.738 Br75 0.9999
06485659-2401076 6328 65 3.88 0.17 -0.69 0.06 2.06 0.0 1.738 Br75 0.9999
06485713-2359500 6338 64 4.4 0.18 -0.81 0.06 2.61 0.16 1.738 Br75 0.9741
06485947-2359555 5760 66 3.79 0.17 -0.6 0.05 1.3 0.0 1.738 Br75 1
06485987-2359333 6142 65 4.34 0.17 -0.57 0.06 2.47 0.18 1.738 Br75 0.9994
06490040-2400214 6319 67 4.04 0.17 -0.61 0.06 2.41 0.16 1.738 Br75 0.9997
06490149-2400099 6104 65 3.78 0.17 -0.86 0.06 2.29 0.17 1.738 Br75 1
06490295-2358332 6238 81 4.48 0.22 -0.64 0.08 2.49 0.0 1.738 Br75 0.9995
06485812-2400323 5146 49 3.19 0.07 -0.38 0.05 1.26 0.08 1.738 Br75 1
06490297-2359294 4920 30 2.48 0.05 -0.39 0.05 0.37 0.0 1.738 Br75 0.9999
06490693-2401164 5174 49 3.32 0.07 -0.27 0.04 1.36 0.09 1.738 Br75 1
