OBJECT TEFF E_TEFF LOGG E_LOGG FEH E_FEH LI1 E_LI1 "AGE (Gyr)" GES_FLD MEM3D
19014498-0027496 4647 33 2.62 0.05 0.09 0.05 1.4 0.05 1.148 Br81 1
19013240-0023593 6836 72 3.8 0.21 0.06 0.06 3.39 0.11 1.148 Br81 0.9998
19013886-0026309 6453 96 4.67 0.26 0.13 0.15 2.5 0.25 1.148 Br81 0.9952
19014648-0027210 6981 74 4.03 0.21 -0.02 0.05 3.09 0.12 1.148 Br81 0.9963
19014982-0028078 6642 82 3.98 0.22 -0.12 0.07 2.26 0.0 1.148 Br81 0.9986
19020173-0025579 7111.1 750 2.25 1.2 0.25 0.2 2.92 0.64 1.148 Br81 0.9982
19013631-0027447 4720 31 2.66 0.05 0.25 0.05 0.22 0.0 1.148 Br81 1
19013910-0027114 4857 33 2.86 0.05 0.16 0.04 0.46 0.09 1.148 Br81 1
19014004-0028129 4766 33 2.66 0.05 0.29 0.04 0.51 0.08 1.148 Br81 1
19014525-0023580 4799 33 2.74 0.05 0.27 0.04 0.84 0.05 1.148 Br81 0.9999
19014769-0025108 4705 31 2.54 0.05 0.19 0.05 0.6 0.07 1.148 Br81 1
19013633-0024141 6236 65 4.28 0.17 -0.25 0.06 2.92 0.1 1.148 Br81 0.9959
19013809-0027105 6449 72 4.1 0.21 0.17 0.06 2.62 0.2 1.148 Br81 0.9936
19014200-0026438 6863 73 3.99 0.21 0.08 0.06 2.9 0.0 1.148 Br81 0.9999
19014212-0025400 6728 84 4.4 0.22 0.35 0.07 2.61 0.22 1.148 Br81 0.9999
19014443-0026202 6498 64 4.29 0.17 0.17 0.05 3.1 0.08 1.148 Br81 0.9999
19014447-0024227 6951 71 4.06 0.21 0.12 0.05 2.57 0.0 1.148 Br81 0.9773
19014728-0025559 6526 65 4.2 0.17 0.06 0.05 3.19 0.13 1.148 Br81 0.9999
19014772-0027550 6331 66 4.25 0.18 0.12 0.05 2.72 0.17 1.148 Br81 0.9906
