OBJECT TEFF E_TEFF LOGG E_LOGG FEH E_FEH LI1 E_LI1 "AGE (Gyr)" GES_FLD
11182702-7625206 4631 82 2.46 0.21 -0.24 0.08 0.53 0.00 0.001 Cha_I
11200309-7615231 4577 83 2.46 0.15 -0.09 0.07 0.12 0.15 0.001 Cha_I
11202496-7619262 4726 83 2.60 0.11 -0.28 0.06 0.14 0.16 0.001 Cha_I
11213578-7614179 4355.95 73.19 2.02 0.14 -0.29 0.08 0.13 0.00 0.001 Cha_I
11215361-7635140 4390.53 84.01 2.04 0.19 -0.30 0.09 0.00 0.22 0.001 Cha_I
11220810-7618365 4184.53 66.35 4.76 0.07 0.04 0.01 -0.23 0.31 0.001 Cha_I
11223400-7630315 4521 83 2.40 0.14 -0.06 0.07 0.64 0.00 0.001 Cha_I
11231005-7615239 4553 81 2.60 0.08 0.12 0.05 0.46 0.12 0.001 Cha_I
11235979-7624004 6192 81 4.13 0.09 0.14 0.05 2.27 0.07 0.001 Cha_I
11213017-7616098 4706 31 2.53 0.05 -0.03 0.05 -1.00 0.00 0.001 Cha_I
11090651-7711246 5705 79 4.43 0.19 0.11 0.07 2.41 0.11 0.001 Cha_I
11092068-7713591 4672 81 2.56 0.17 -0.04 0.06 0.58 0.00 0.001 Cha_I
11105215-7709286 4573.16 79.51 2.51 0.12 -0.08 0.08 -0.10 0.30 0.001 Cha_I
11110383-7706261 4738 81 2.65 0.15 -0.09 0.07 0.93 0.00 0.001 Cha_I
11110714-7722056 4602 83 2.55 0.14 -0.08 0.08 -0.54 0.52 0.001 Cha_I
11111069-7721118 4744 83 2.76 0.17 0.01 0.06 0.85 0.00 0.001 Cha_I
11112997-7718253 4641 80 2.80 0.11 -0.09 0.07 0.39 0.16 0.001 Cha_I
11115367-7712411 4624 83 2.72 0.26 -0.11 0.10 0.71 0.24 0.001 Cha_I
11131526-7721210 5124 96 1.91 0.23 -1.55 0.16 0.87 0.22 0.001 Cha_I
11162439-7712299 4671 79 2.73 0.15 -0.21 0.08 0.23 0.26 0.001 Cha_I
11124268-7722230 5111 31 4.19 0.05 0.24 0.17 3.72 0.04 0.001 Cha_I
11140941-7714492 4152 35 1.34 0.08 -0.35 0.17 -0.89 0.17 0.001 Cha_I
11142964-7707063 5916 32 4.24 0.05 0.02 0.17 2.05 0.04 0.001 Cha_I
10582244-7744094 4468.2 82.52 2.54 0.12 0.12 0.06 0.41 0.18 0.001 Cha_I
10585795-7734183 6522 80 3.99 0.15 0.04 0.09 2.80 0.09 0.001 Cha_I
10591513-7741087 4838 81 2.95 0.19 -0.01 0.04 0.62 0.14 0.001 Cha_I
10592015-7757388 4587.79 92.49 2.62 0.14 0.11 0.06 0.34 0.26 0.001 Cha_I
10592098-7745025 4586 80 2.59 0.08 0.04 0.06 0.43 0.12 0.001 Cha_I
10592441-7742221 4533 83 2.49 0.17 -0.05 0.07 -0.01 0.25 0.001 Cha_I
11001129-7756318 4611 83 2.58 0.13 0.02 0.06 0.78 0.00 0.001 Cha_I
11013177-7742095 4418.24 85.86 2.00 0.19 -0.41 0.09 -0.54 0.46 0.001 Cha_I
11020137-7748096 4499.8 230.57 2.85 0.84 -0.47 0.23 0.45 0.00 0.001 Cha_I
11033587-7743146 4878 94 2.74 0.59 -0.02 0.14 1.00 0.52 0.001 Cha_I
10564115-7744292 4239 28 1.69 0.06 -0.37 0.05 0.65 0.05 0.001 Cha_I
11010007-7738516 3948 45 1.11 0.09 -0.59 0.05 1.36 0.07 0.001 Cha_I
11054308-7754348 6494 93 4.05 0.12 0.05 0.08 2.72 0.00 0.001 Cha_I
11054702-7743278 5807 97 3.30 0.59 -0.75 0.23 2.05 0.00 0.001 Cha_I
11060737-7755027 5219 95 2.33 1.03 -0.67 0.37 1.59 0.00 0.001 Cha_I
11064435-7748178 4572.26 244.63 2.50 0.86 -0.53 0.24 1.01 0.43 0.001 Cha_I
11064634-7750338 4469.31 105.73 1.97 0.24 -0.42 0.10 0.57 0.00 0.001 Cha_I
11071445-7750266 5030 82 3.64 0.29 -0.11 0.08 1.21 0.20 0.001 Cha_I
11071530-7754060 6298 82 4.25 0.10 0.26 0.05 1.88 0.13 0.001 Cha_I
11074962-7755197 4496 82 2.27 0.21 -0.21 0.09 0.62 0.00 0.001 Cha_I
11075699-7741558 4106.35 83.42 1.64 0.26 0.40 0.06 -1.00 0.00 0.001 Cha_I
11075792-7738449 4573 93 3.80 0.47 -0.08 0.09 3.02 0.26 0.001 Cha_I
11082131-7737040 4498 82 2.42 0.25 -0.11 0.09 0.32 0.25 0.001 Cha_I
11082854-7753272 4657 85 2.73 0.13 0.05 0.06 0.62 0.00 0.001 Cha_I
11083651-7759535 4639 85 2.64 0.14 -0.14 0.08 0.23 0.31 0.001 Cha_I
11084830-7753001 4305.67 114.13 2.04 0.30 -0.39 0.12 0.01 0.39 0.001 Cha_I
11092756-7736513 6359 98 4.03 0.41 -0.99 0.21 2.53 0.14 0.001 Cha_I
11100523-7756292 4448.62 115.92 2.20 0.28 -0.30 0.12 0.01 0.68 0.001 Cha_I
11101596-7757556 4493.08 76.49 2.22 0.16 -0.17 0.08 -0.53 0.44 0.001 Cha_I
11103416-7750203 4547.75 79.01 2.55 0.10 0.11 0.06 0.12 0.20 0.001 Cha_I
11115799-7746379 4560.27 78.18 2.43 0.12 -0.15 0.07 0.16 0.16 0.001 Cha_I
11092582-7726243 4298.25 154.8 1.73 0.54 -0.31 0.16 -0.06 0.70 0.001 Cha_I
11130285-7736078 4778 82 3.38 0.32 -0.01 0.09 0.88 0.00 0.001 Cha_I
11132427-7734468 7137 97 4.20 0.10 -0.16 0.10 2.73 0.16 0.001 Cha_I
11133759-7740154 4656 83 2.62 0.13 0.00 0.06 0.63 0.17 0.001 Cha_I
11142120-7733403 6796 84 4.06 0.09 0.08 0.06 2.06 0.00 0.001 Cha_I
11153096-7729089 4103.32 70.58 1.69 0.14 -0.07 0.04 -1.00 0.00 0.001 Cha_I
11111333-7731178 4642 30 2.80 0.05 0.24 0.05 -1.00 0.00 0.001 Cha_I
11064110-7652598 4258.44 84.82 1.97 0.21 -0.33 0.09 0.33 0.17 0.001 Cha_I
11072586-7701531 4398.26 81 1.97 0.17 -0.37 0.08 0.21 0.00 0.001 Cha_I
11075241-7659279 5985 95 3.88 0.37 -0.17 0.12 3.01 0.11 0.001 Cha_I
11075845-7653442 5740 82 4.29 0.19 -0.08 0.09 1.36 0.00 0.001 Cha_I
11085373-7649301 5330 83 4.18 0.21 0.08 0.07 1.15 0.00 0.001 Cha_I
11090369-7701533 4862 96 2.49 0.71 -0.25 0.19 1.08 0.00 0.001 Cha_I
11092482-7642073 4552 82 2.34 0.25 -0.11 0.10 0.63 0.20 0.001 Cha_I
11095146-7645452 4753 82 2.80 0.30 -0.06 0.11 0.59 0.97 0.001 Cha_I
11111062-7657205 4516.9 84.43 2.41 0.15 -0.10 0.08 0.22 0.20 0.001 Cha_I
11112305-7701048 5516 98 4.89 0.61 0.47 0.12 2.23 0.19 0.001 Cha_I
11121096-7658073 6922 97 4.18 0.13 -0.03 0.07 2.85 0.17 0.001 Cha_I
11121167-7644595 4142.82 165.03 1.52 0.64 -0.17 0.19 -1.00 0.00 0.001 Cha_I
11121923-7656280 5096 94 2.97 0.66 0.30 0.14 1.26 0.00 0.001 Cha_I
11122100-7655556 4525.26 285.55 1.89 1.03 -0.64 0.32 0.85 0.00 0.001 Cha_I
11082577-7648315 4365 27 1.93 0.06 -0.06 0.06 -1.00 0.00 0.001 Cha_I
11095119-7658568 5641 31 4.15 0.05 0.50 0.05 1.30 0.10 0.001 Cha_I
11100369-7633291 3836.22 70.99 4.56 0.13 -0.07 0.19 2.64 0.10 0.001 Cha_I
11110549-7638285 4546 82 2.57 0.12 0.01 0.06 -0.28 0.54 0.001 Cha_I
11042375-7724239 6702 96 3.92 0.44 0.20 0.18 2.76 0.00 0.001 Cha_I
11040993-7716402 5083 81 3.39 0.20 -0.10 0.07 0.84 0.40 0.001 Cha_I
11041689-7717385 4547.79 82.76 2.23 0.18 -0.31 0.10 0.16 0.20 0.001 Cha_I
11060917-7715111 6201 94 3.01 0.55 -0.62 0.25 2.59 0.16 0.001 Cha_I
11082047-7705249 4527.89 101.59 2.49 0.17 0.03 0.08 0.53 0.00 0.001 Cha_I
11084887-7715174 4699 81 2.81 0.25 -0.05 0.08 0.82 0.25 0.001 Cha_I
11090367-7707456 4591 82 2.52 0.18 0.04 0.06 0.78 0.00 0.001 Cha_I
11044460-7706240 4251 42 1.46 0.08 -0.40 0.05 -0.41 0.00 0.001 Cha_I
11053303-7700120 4354 42 4.66 0.07 -0.22 0.05 0.13 0.00 0.001 Cha_I
11084302-7627468 4469 82 2.16 0.28 -0.30 0.12 0.76 0.17 0.001 Cha_I
11132246-7625568 5031 94 2.58 0.48 -1.03 0.17 1.62 0.15 0.001 Cha_I
11132747-7620175 5392 83 4.01 0.13 0.02 0.06 1.05 0.12 0.001 Cha_I
11140335-7621573 5992 81 4.18 0.11 -0.04 0.06 2.50 0.07 0.001 Cha_I
11050373-7722359 5677 97 3.27 0.56 -0.49 0.19 2.53 0.14 0.001 Cha_I
11064383-7728228 5209 94 4.09 0.21 0.14 0.08 1.45 0.00 0.001 Cha_I
11064543-7718317 4377.45 72.42 4.63 0.08 0.12 0.04 -0.12 0.24 0.001 Cha_I
10500113-7719550 4697 83 2.55 0.16 -0.08 0.06 0.81 0.00 0.001 Cha_I
10501991-7713482 5726 83 4.25 0.17 -0.01 0.08 2.49 0.09 0.001 Cha_I
10515793-7711491 4853 83 2.71 0.25 -0.08 0.08 1.05 0.00 0.001 Cha_I
10532373-7721256 3985.7 87.66 1.48 0.26 0.24 0.08 -1.00 0.00 0.001 Cha_I
10533569-7714420 5645 81 4.28 0.26 0.07 0.09 2.24 0.14 0.001 Cha_I
10534929-7718110 5721 82 4.35 0.14 0.12 0.06 2.24 0.09 0.001 Cha_I
10543976-7720513 6702 84 4.09 0.10 0.04 0.06 2.23 0.00 0.001 Cha_I
10555930-7718207 4457.85 84.36 2.24 0.18 -0.11 0.09 0.54 0.00 0.001 Cha_I
10550312-7620073 4549 84 2.51 0.11 -0.12 0.07 0.15 0.15 0.001 Cha_I
10562715-7632348 4707 83 2.64 0.13 -0.18 0.06 0.75 0.00 0.001 Cha_I
10564871-7619133 5395 95 3.94 0.80 -0.46 0.23 1.46 0.00 0.001 Cha_I
10565981-7617043 4617 81 2.58 0.13 -0.07 0.05 0.64 0.00 0.001 Cha_I
10572460-7621289 4507 83 2.24 0.17 -0.35 0.08 -0.01 0.27 0.001 Cha_I
10573004-7620097 4594.72 76.34 2.52 0.08 0.00 0.05 1.39 0.11 0.001 Cha_I
10574416-7638073 4302.19 69.41 2.02 0.13 -0.21 0.07 -1.00 0.00 0.001 Cha_I
10581736-7629397 4652 81 2.62 0.12 -0.04 0.05 0.74 0.00 0.001 Cha_I
11002857-7629164 6662 83 4.16 0.10 0.05 0.06 3.34 0.06 0.001 Cha_I
11012040-7627398 4490 80 2.28 0.19 -0.19 0.09 0.00 0.37 0.001 Cha_I
10574797-7617429 4949 30 2.82 0.05 0.16 0.05 0.74 0.07 0.001 Cha_I
10563672-7652520 4718 83 2.70 0.13 -0.03 0.06 0.91 0.00 0.001 Cha_I
10570085-7644110 6526 81 3.92 0.09 0.03 0.06 3.24 0.06 0.001 Cha_I
10570623-7653321 4693 84 2.78 0.11 0.04 0.05 0.91 0.00 0.001 Cha_I
10581962-7647562 4145.78 65.62 1.94 0.16 -0.05 0.01 -0.16 0.17 0.001 Cha_I
10582075-7643457 4595 82 2.54 0.14 0.00 0.06 0.81 0.00 0.001 Cha_I
10582134-7641231 4889 83 2.78 0.24 -0.08 0.05 0.92 0.00 0.001 Cha_I
10591813-7702316 4311.2 80.1 2.20 0.20 -0.12 0.09 -0.31 0.36 0.001 Cha_I
10593676-7654230 4778 83 2.72 0.16 0.00 0.06 0.89 0.14 0.001 Cha_I
10594801-7644496 4475.27 81.93 2.48 0.15 0.14 0.06 0.41 0.17 0.001 Cha_I
11005526-7655476 4499.01 113.11 2.38 0.26 -0.22 0.10 0.71 0.22 0.001 Cha_I
11010798-7658326 4598.9 83.7 2.50 0.14 -0.11 0.08 0.38 0.17 0.001 Cha_I
11012813-7725552 6025 83 4.14 0.15 -0.62 0.11 1.88 0.14 0.001 Cha_I
11031160-7721042 5484 83 3.80 0.12 0.14 0.04 2.63 0.09 0.001 Cha_I
11005794-7545151 4841 83 2.69 0.18 -0.04 0.04 -0.17 0.52 0.001 Cha_I
11011846-7527366 4485.15 76.57 2.25 0.14 -0.20 0.08 0.50 0.00 0.001 Cha_I
11013493-7538118 4578.76 76.66 2.55 0.10 0.06 0.06 -0.08 0.19 0.001 Cha_I
11015081-7543551 4580.59 75.76 2.38 0.13 -0.11 0.06 -0.98 0.26 0.001 Cha_I
11030712-7524472 4555.11 74.83 2.37 0.13 -0.06 0.07 1.36 0.11 0.001 Cha_I
11043417-7536599 4534.76 76.98 2.48 0.12 0.02 0.06 0.08 0.17 0.001 Cha_I
11020524-7525093 4188 34 1.41 0.08 -0.37 0.05 -1.00 0.00 0.001 Cha_I
11003216-7811239 4570.6 103.82 2.50 0.17 -0.07 0.10 0.29 0.35 0.001 Cha_I
11004342-7808403 4213.41 194.41 2.12 0.77 -0.07 0.21 -1.00 0.00 0.001 Cha_I
11005455-7823327 6364 81 4.02 0.10 0.23 0.06 2.27 0.09 0.001 Cha_I
11011884-7809462 4548 81 2.54 0.13 0.09 0.06 0.83 0.00 0.001 Cha_I
11013437-7817558 4684 77 2.68 0.12 -0.09 0.06 0.64 0.00 0.001 Cha_I
11021315-7812133 4481.85 84.34 2.16 0.17 -0.19 0.08 0.51 0.00 0.001 Cha_I
11031416-7811298 4620 82 4.52 0.10 0.03 0.05 -0.04 0.24 0.001 Cha_I
11031996-7811348 4711 82 2.62 0.13 -0.19 0.07 0.74 0.00 0.001 Cha_I
11034805-7823570 4883 80 3.13 0.18 -0.03 0.05 0.03 0.71 0.001 Cha_I
11045366-7819351 4020.65 63.38 1.57 0.19 0.27 0.02 -1.00 0.00 0.001 Cha_I
11050290-7811362 4571.53 91.44 2.77 0.15 0.14 0.06 0.54 0.18 0.001 Cha_I
11050573-7823472 4398.34 72.58 4.79 0.08 0.04 0.04 -0.05 0.20 0.001 Cha_I
10593816-7822421 4367 31 2.04 0.06 -0.07 0.05 -1.00 0.00 0.001 Cha_I
11025797-7633127 4606 81 2.64 0.13 0.02 0.06 0.53 0.15 0.001 Cha_I
11034263-7633122 4776 84 4.57 0.15 0.02 0.05 0.41 0.29 0.001 Cha_I
11043528-7627399 4626 84 2.63 0.10 0.02 0.06 -0.08 0.25 0.001 Cha_I
11044101-7640133 4610 82 2.65 0.13 -0.03 0.06 0.00 0.31 0.001 Cha_I
11052851-7639489 4902 82 2.82 0.19 -0.04 0.04 1.48 0.12 0.001 Cha_I
11060581-7641289 4593 81 2.60 0.17 0.04 0.07 0.85 0.00 0.001 Cha_I
11064235-7632450 4107.55 77.14 1.85 0.28 0.13 0.05 -0.35 0.30 0.001 Cha_I
11070305-7622179 4495.89 81.98 2.58 0.12 0.08 0.05 0.28 0.20 0.001 Cha_I
11070380-7635440 6240 83 4.10 0.10 -0.02 0.06 1.99 0.10 0.001 Cha_I
11074352-7635002 4834 84 2.82 0.14 -0.11 0.05 0.33 0.39 0.001 Cha_I
11081069-7637425 4668 84 2.68 0.16 -0.02 0.06 0.71 0.00 0.001 Cha_I
11033599-7628242 4156 29 1.57 0.06 -0.18 0.06 0.01 0.06 0.001 Cha_I
11051849-7607205 4679 83 2.54 0.16 -0.08 0.05 0.65 0.00 0.001 Cha_I
11052456-7558428 4497.88 86.86 2.30 0.19 -0.13 0.09 0.45 0.00 0.001 Cha_I
11052879-7604365 4561.67 79.66 2.52 0.10 0.09 0.06 -0.37 0.50 0.001 Cha_I
11053871-7607036 4609 83 2.61 0.10 0.01 0.06 0.81 0.00 0.001 Cha_I
11070718-7559353 4479.46 78.75 2.50 0.11 0.10 0.05 0.34 0.16 0.001 Cha_I
11082270-7604369 4157.83 66.27 1.96 0.17 0.08 0.01 -0.23 0.18 0.001 Cha_I
11090976-7609132 4594.43 156.19 2.39 0.40 -0.41 0.13 0.28 0.00 0.001 Cha_I
11054690-7522435 4466.55 77.98 2.12 0.16 -0.25 0.08 0.37 0.00 0.001 Cha_I
11074726-7516029 4527 76.02 2.61 0.08 0.11 0.05 0.37 0.13 0.001 Cha_I
11080394-7508458 4948 82 2.86 0.18 -0.07 0.04 -0.07 0.65 0.001 Cha_I
11090154-7509594 4588 81 2.63 0.09 0.03 0.05 -0.25 0.31 0.001 Cha_I
11060511-7511454 4829 27 2.30 0.06 -0.54 0.05 0.02 0.00 0.001 Cha_I
11080412-7513273 4294 29 2.00 0.06 -0.17 0.06 0.19 0.04 0.001 Cha_I
11110238-7613327 4941 83 2.91 0.26 -0.04 0.06 4.32 0.15 0.001 Cha_I
11113327-7607399 6237 82 3.90 0.15 0.04 0.09 2.15 0.00 0.001 Cha_I
11113337-7608402 4558.49 88 2.52 0.13 0.16 0.06 0.88 0.00 0.001 Cha_I
11115590-7608299 6765 85 4.20 0.12 -0.05 0.06 3.18 0.06 0.001 Cha_I
11122501-7559376 4178.23 67.25 1.90 0.21 0.08 0.02 0.37 0.14 0.001 Cha_I
11131728-7559520 4503.8 74.82 2.25 0.13 -0.15 0.07 -0.14 0.20 0.001 Cha_I
11132627-7619233 6122 82 4.19 0.10 0.06 0.05 2.66 0.06 0.001 Cha_I
11133423-7559461 4472.04 81.58 2.26 0.18 -0.17 0.09 0.48 0.00 0.001 Cha_I
11140162-7608594 4504.55 76.75 2.55 0.10 0.01 0.05 -0.34 0.39 0.001 Cha_I
11120721-7821392 4579.98 78.4 2.26 0.15 -0.25 0.08 -0.20 0.29 0.001 Cha_I
11121150-7826439 5880 80 4.31 0.08 0.06 0.05 2.23 0.07 0.001 Cha_I
11132420-7808469 4863 83 2.82 0.12 -0.04 0.05 0.92 0.00 0.001 Cha_I
11140220-7811445 4568 81 2.65 0.08 0.07 0.05 -0.32 0.35 0.001 Cha_I
11144093-7828094 4480.28 79.48 2.05 0.16 -0.44 0.07 0.37 0.00 0.001 Cha_I
11144757-7806332 4570 83 4.67 0.12 0.05 0.05 0.46 0.14 0.001 Cha_I
11152815-7806272 4376.72 76.77 2.15 0.16 -0.21 0.08 0.21 0.00 0.001 Cha_I
11161131-7813050 4450.9 76.12 2.20 0.14 -0.24 0.07 -0.24 0.25 0.001 Cha_I
11164757-7820038 4655 82 2.67 0.12 -0.01 0.04 -0.18 0.35 0.001 Cha_I
11143515-7539288 4275 28 1.74 0.06 -0.32 0.05 -0.94 0.00 0.001 Cha_I
11170509-7538518 4659 30 2.52 0.06 0.12 0.06 0.23 0.06 0.001 Cha_I
11120829-7540038 4547 81 2.51 0.14 -0.05 0.04 0.61 0.00 0.001 Cha_I
11121400-7546194 4062.29 74.03 1.79 0.26 0.03 0.05 -0.89 0.37 0.001 Cha_I
11131652-7531491 4586 83 2.66 0.08 0.01 0.06 0.06 0.15 0.001 Cha_I
11141044-7549438 4538 81 2.44 0.12 -0.03 0.07 -0.08 0.14 0.001 Cha_I
11154883-7530482 4568 82 2.45 0.13 -0.05 0.05 -1.00 0.00 0.001 Cha_I
11171177-7532156 4606 82 2.57 0.10 -0.01 0.05 0.70 0.00 0.001 Cha_I
11174601-7534220 4422.32 72.36 2.37 0.12 0.09 0.06 0.32 0.13 0.001 Cha_I
11175053-7536579 4710 81 2.89 0.09 0.00 0.04 -0.21 0.37 0.001 Cha_I
11175236-7542593 4696 82 2.68 0.09 -0.03 0.05 -1.00 0.00 0.001 Cha_I
11233269-7546306 4544 81 2.29 0.12 -0.18 0.07 0.60 0.00 0.001 Cha_I
11235458-7535480 4709 80 2.74 0.11 0.02 0.04 -0.08 0.20 0.001 Cha_I
11243521-7550357 4589.59 76.57 2.52 0.08 0.03 0.06 -1.00 0.00 0.001 Cha_I
11264490-7542323 4643 82 2.65 0.09 -0.02 0.05 -1.00 0.00 0.001 Cha_I
11270345-7552047 4578.48 80.65 2.51 0.13 0.11 0.06 -0.02 0.30 0.001 Cha_I
11274126-7552017 4577 82 2.52 0.10 0.02 0.05 0.65 0.00 0.001 Cha_I
11274909-7547065 3970.26 61.75 1.53 0.19 0.06 0.02 -1.00 0.00 0.001 Cha_I
11252677-7553273 6509 60 3.88 0.09 -0.09 0.08 1.27 0.00 0.001 Cha_I
