OBJECT TEFF E_TEFF LOGG E_LOGG FEH E_FEH LI1 E_LI1 "AGE (Gyr)" GES_FLD
08435587-4122160 6103 98 3.60 0.74 -0.44 0.29 2.80 0.17 0.014 Col197
08435910-4113052 6403 93 4.31 0.53 -0.01 0.19 2.55 0.00 0.014 Col197
08440540-4121357 6902 97 3.94 0.43 0.33 0.20 3.43 0.13 0.014 Col197
08440643-4121562 6032 95 3.27 0.45 -0.14 0.16 2.70 0.16 0.014 Col197
08440771-4126285 5142 81 3.06 0.41 -0.01 0.10 1.30 0.00 0.014 Col197
08441578-4125210 4664 82 2.91 0.34 -0.01 0.10 0.43 0.00 0.014 Col197
08441634-4124179 4974 83 3.32 0.24 -0.08 0.08 0.87 0.30 0.014 Col197
08441721-4116052 4073.68 85.47 2.96 0.19 -0.07 0.12 1.85 0.14 0.014 Col197
08441895-4122192 4422.28 132.32 2.60 0.28 -0.05 0.11 0.56 0.00 0.014 Col197
08442084-4110592 4974 93 3.42 0.90 -0.42 0.24 1.65 0.23 0.014 Col197
08442084-4120082 6485 99 3.84 0.83 -0.66 0.41 3.29 0.22 0.014 Col197
08442578-4111056 6016 95 4.02 0.12 -0.17 0.09 2.90 0.10 0.014 Col197
08442643-4110042 6376 95 3.77 0.54 0.48 0.18 2.64 0.32 0.014 Col197
08442787-4117104 4572.33 143.88 4.68 0.28 0.06 0.09 3.45 0.24 0.014 Col197
08442893-4112254 6164 96 4.15 0.14 -0.01 0.09 3.00 0.10 0.014 Col197
08442975-4124327 6986 99 4.53 0.90 -0.53 0.45 2.75 0.00 0.014 Col197
08443027-4125486 5590 82 4.40 0.14 -0.07 0.08 2.35 0.09 0.014 Col197
08443136-4114246 4419.6 115.08 2.16 0.29 -0.25 0.11 0.26 0.30 0.014 Col197
08443539-4128369 4015.85 77.61 4.53 0.15 0.05 0.11 0.26 0.22 0.014 Col197
08444232-4114568 6858 98 3.79 0.45 0.46 0.21 2.61 0.00 0.014 Col197
08444517-4112003 6529 99 3.24 2.13 -2.44 1.33 2.67 0.18 0.014 Col197
08444797-4124416 3936.72 87.99 4.39 0.29 0.08 0.20 -1.00 0.00 0.014 Col197
08445214-4127535 4800 81 4.62 0.12 0.00 0.05 0.24 0.29 0.014 Col197
08445349-4110187 4284.4 151.89 3.31 0.47 -0.07 0.23 0.50 0.42 0.014 Col197
08445452-4117245 6886 84 4.08 0.17 0.11 0.09 3.22 0.10 0.014 Col197
08450073-4114280 4084.33 90.26 4.79 0.18 -0.15 0.14 3.05 0.09 0.014 Col197
08450540-4127312 5938 82 4.44 0.21 -0.06 0.10 2.49 0.12 0.014 Col197
08450902-4125301 4682 81 2.55 0.33 -0.20 0.11 0.77 0.00 0.014 Col197
08451811-4125551 6487 84 4.10 0.13 -0.19 0.07 1.98 0.00 0.014 Col197
08451854-4127004 6965 83 4.03 0.13 0.01 0.08 2.53 0.17 0.014 Col197
08452052-4124427 5568 82 4.31 0.17 -0.02 0.08 2.41 0.09 0.014 Col197
08452804-4123290 6146 82 4.05 0.18 -0.07 0.08 2.20 0.22 0.014 Col197
08453273-4121212 4384.35 162.88 2.70 0.62 -0.01 0.15 0.61 0.35 0.014 Col197
08453392-4123473 6478 100 3.49 0.35 -0.33 0.16 2.61 0.00 0.014 Col197
08435101-4111301 6239 81 4.21 0.10 0.07 0.05 1.74 0.13 0.014 Col197
08441846-4118536 6803 83 4.12 0.09 -0.01 0.06 2.44 0.10 0.014 Col197
08442609-4105153 5292 31 4.56 0.06 0.06 0.05 1.41 0.00 0.014 Col197
08442647-4114538 6106 81 4.28 0.09 0.01 0.05 2.63 0.06 0.014 Col197
08442999-4118029 5944 82 4.44 0.08 0.23 0.05 2.43 0.07 0.014 Col197
08443476-4108028 6565 82 4.07 0.10 -0.07 0.05 2.08 0.14 0.014 Col197
08444362-4123573 4422.72 75.52 4.55 0.10 0.06 0.05 -0.29 0.41 0.014 Col197
08444571-4111342 5875 84 4.32 0.15 0.10 0.07 2.87 0.08 0.014 Col197
08444769-4126436 6190 83 4.15 0.10 -0.09 0.07 2.24 0.07 0.014 Col197
08445092-4123480 4543.83 75.84 2.35 0.14 -0.09 0.08 -1.00 0.00 0.014 Col197
08450356-4118370 5155 32 4.52 0.06 -0.07 0.04 2.59 0.04 0.014 Col197
08451197-4117551 5175 32 3.79 0.05 0.02 0.05 3.64 0.05 0.014 Col197
08451363-4111223 4844 81 4.48 0.09 -0.01 0.04 0.78 0.00 0.014 Col197
08452200-4119051 6818 82 4.16 0.11 0.10 0.07 3.37 0.08 0.014 Col197
08440335-4117277 4031.05 101.39 3.20 0.30 0.10 0.17 3.41 0.16 0.014 Col197
08440355-4123166 4545.27 98.19 2.46 0.21 -0.09 0.10 0.21 0.33 0.014 Col197
08440945-4124308 6239 79 4.13 0.26 -0.33 0.12 2.44 0.14 0.014 Col197
08440966-4122255 4889 83 4.72 0.13 0.01 0.05 0.63 0.23 0.014 Col197
08441021-4114012 5724 94 3.31 0.73 0.28 0.19 2.06 0.59 0.014 Col197
08441246-4123125 5360 84 4.61 0.34 -0.05 0.12 1.50 0.40 0.014 Col197
08442187-4128105 6303 79 4.10 0.16 -0.05 0.08 2.24 0.17 0.014 Col197
08442337-4123430 5761 97 3.30 0.60 -0.47 0.21 2.48 0.16 0.014 Col197
08442727-4120320 4471.91 193.89 3.65 0.58 -0.11 0.20 0.62 0.51 0.014 Col197
08442827-4116219 5247 95 4.17 0.75 -0.70 0.23 1.80 0.20 0.014 Col197
08443033-4116574 4765 83 2.67 0.27 0.00 0.09 0.68 0.00 0.014 Col197
08443505-4128452 4286.39 160.35 2.00 0.63 -0.20 0.17 0.35 0.00 0.014 Col197
08443537-4125305 3819.45 66.71 4.03 0.22 0.29 0.19 3.49 0.36 0.014 Col197
08443662-4121170 6673 98 4.10 0.45 0.05 0.18 3.18 0.16 0.014 Col197
08443668-4116136 6111 96 4.48 0.41 0.08 0.12 2.48 0.21 0.014 Col197
08443798-4123267 6807 83 4.08 0.22 0.10 0.11 2.54 0.00 0.014 Col197
08444067-4119429 4704 94 3.43 0.61 -0.01 0.14 0.63 0.00 0.014 Col197
08444714-4127272 6101 99 3.40 0.52 -0.29 0.20 2.92 0.14 0.014 Col197
08445044-4124036 6104 83 4.04 0.27 0.03 0.11 2.31 0.23 0.014 Col197
08445559-4121226 4384.96 94.75 2.20 0.22 -0.10 0.10 0.15 0.25 0.014 Col197
08445945-4119456 4580.3 103.55 2.49 0.21 0.04 0.08 0.94 0.17 0.014 Col197
08450034-4124595 4639 81 2.74 0.18 -0.03 0.07 0.84 0.00 0.014 Col197
08450524-4124216 6313 83 4.16 0.24 -0.17 0.12 2.75 0.10 0.014 Col197
08450802-4128291 6833 83 4.13 0.21 0.01 0.11 2.82 0.16 0.014 Col197
08452447-4125195 4876 81 2.78 0.28 0.01 0.09 0.67 1.01 0.014 Col197
08453712-4125041 5326 94 3.24 0.62 0.33 0.14 1.55 0.73 0.014 Col197
08441510-4108213 5651 94 3.68 0.66 -0.95 0.26 2.29 0.17 0.014 Col197
08442180-4114019 5021 84 4.56 0.14 -0.27 0.08 0.64 0.00 0.014 Col197
08442216-4107157 4514.41 180.37 3.40 0.78 -0.49 0.22 0.56 0.00 0.014 Col197
08442400-4115479 4528.38 124.28 2.26 0.28 -0.15 0.10 0.58 0.00 0.014 Col197
08442911-4114347 4891 82 2.88 0.18 0.09 0.06 0.83 0.25 0.014 Col197
08443685-4115175 6949 100 4.23 0.69 -0.13 0.32 3.02 0.00 0.014 Col197
08445032-4109359 3880.56 67.96 4.76 0.14 0.04 0.14 0.12 0.00 0.014 Col197
08445256-4123345 3931.44 77.7 4.79 0.17 0.22 0.14 3.25 0.14 0.014 Col197
08445401-4104369 6236 98 2.74 1.02 -1.06 0.55 2.31 0.00 0.014 Col197
08445489-4108388 4434.42 95.05 4.72 0.17 -0.02 0.07 0.76 0.17 0.014 Col197
08445714-4107341 4642 82 2.43 0.23 -0.15 0.10 0.02 0.70 0.014 Col197
08445909-4117196 6880 84 4.24 0.19 0.03 0.10 3.08 0.14 0.014 Col197
08450308-4104517 5984 96 4.34 0.59 -0.29 0.20 2.01 0.00 0.014 Col197
08450310-4111036 4756 97 2.55 0.68 -0.03 0.20 1.82 0.21 0.014 Col197
08450631-4118059 4932 81 3.37 0.21 -0.04 0.05 0.66 0.21 0.014 Col197
08450937-4122026 6711 95 4.37 0.89 -0.50 0.43 2.73 0.00 0.014 Col197
08451035-4118025 5881 82 4.25 0.23 -0.14 0.09 2.14 0.15 0.014 Col197
08451169-4105219 5636 95 5.46 0.55 0.12 0.12 1.75 0.00 0.014 Col197
08451559-4121082 6814 98 3.93 0.50 -0.20 0.24 3.25 0.20 0.014 Col197
08451702-4112278 3984.55 83.9 4.63 0.18 -0.93 0.35 2.94 0.18 0.014 Col197
08451740-4113537 4026.89 90.08 4.67 0.28 -0.55 0.25 2.99 0.12 0.014 Col197
08451762-4114308 5976 97 4.16 0.14 -0.09 0.09 3.28 0.10 0.014 Col197
08451958-4107487 4630 82 4.65 0.14 -0.02 0.06 0.94 0.12 0.014 Col197
08452312-4118186 4521 83 2.23 0.36 -0.17 0.13 1.23 0.16 0.014 Col197
08452665-4119113 6608 96 3.82 0.63 -0.72 0.33 2.93 0.17 0.014 Col197
08440907-4114360 4443.43 114.19 4.57 0.20 0.01 0.09 3.47 0.18 0.014 Col197
08443020-4117051 6488 94 4.02 0.13 -0.01 0.08 3.06 0.12 0.014 Col197
08443222-4109066 6489 96 4.24 0.37 0.03 0.14 3.09 0.11 0.014 Col197
08443767-4113189 6452 97 4.35 0.51 0.00 0.19 2.86 0.18 0.014 Col197
08444070-4113057 4978 95 4.34 0.18 -0.21 0.11 1.26 0.24 0.014 Col197
08444697-4109208 3812.69 67.42 3.41 0.22 -0.15 0.28 2.87 0.18 0.014 Col197
08445003-4117540 4666 94 3.51 0.63 0.25 0.13 1.22 0.21 0.014 Col197
08445197-4111593 3922.02 116.1 3.47 0.36 0.39 0.23 3.97 0.34 0.014 Col197
08445717-4108381 5247 81 3.20 0.33 0.11 0.09 1.65 0.22 0.014 Col197
08445851-4118269 6589 99 3.74 0.60 0.20 0.24 3.20 0.25 0.014 Col197
08445988-4109300 6802 98 3.63 0.86 -0.24 0.44 2.65 0.00 0.014 Col197
08450018-4118399 4607 84 2.56 0.24 -0.11 0.10 0.58 0.26 0.014 Col197
08450070-4109047 6482 83 3.96 0.20 -0.05 0.10 2.92 0.10 0.014 Col197
08450381-4122505 5199 83 3.03 0.43 0.05 0.10 1.62 0.00 0.014 Col197
08450529-4112031 4105.5 102.45 4.63 0.20 0.07 0.15 3.07 0.11 0.014 Col197
08450591-4113046 4647 95 2.43 0.35 -0.02 0.09 0.82 0.00 0.014 Col197
08450610-4106027 5183 95 2.56 0.81 -0.83 0.29 1.86 0.19 0.014 Col197
08450790-4122209 6410 84 4.13 0.21 -0.10 0.11 3.49 0.09 0.014 Col197
08450888-4110175 4194.17 117.58 4.88 0.38 -0.41 0.21 3.21 0.13 0.014 Col197
08450958-4107129 6033 82 4.09 0.14 0.15 0.07 3.57 0.08 0.014 Col197
08451001-4108142 4551.47 184.46 3.28 0.62 -0.02 0.14 3.60 0.32 0.014 Col197
08451067-4116162 6251 97 3.67 0.41 0.08 0.14 2.94 0.17 0.014 Col197
08451673-4122532 6270 84 4.03 0.24 0.01 0.12 2.92 0.11 0.014 Col197
08451681-4115574 4873 94 3.23 0.54 0.06 0.12 1.27 0.25 0.014 Col197
08451756-4114006 4730 83 2.84 0.25 -0.22 0.11 0.81 0.00 0.014 Col197
08451867-4118315 4157.57 94.42 4.54 0.18 -0.14 0.13 3.08 0.09 0.014 Col197
08451982-4109350 3983.08 68.07 4.77 0.12 0.23 0.07 0.22 0.26 0.014 Col197
08452135-4114536 3851.89 76.15 3.31 0.26 -0.64 0.45 3.16 0.20 0.014 Col197
08452472-4110104 6920 99 3.94 0.32 0.25 0.14 2.77 0.22 0.014 Col197
08452751-4119101 4445.21 205.65 1.93 0.87 -0.85 0.29 0.60 0.39 0.014 Col197
08453448-4116229 4032.16 70.46 4.69 0.12 -0.22 0.09 -0.23 0.38 0.014 Col197
08454855-4119320 6390 97 3.46 0.81 -0.39 0.36 3.17 0.27 0.014 Col197
08455097-4113086 5869 98 4.83 0.80 -0.61 0.29 1.83 0.00 0.014 Col197
