OBJECT TEFF E_TEFF LOGG E_LOGG FEH E_FEH LI1 E_LI1 "AGE (Gyr)" GES_FLD MEM3D
05551148+2053580 4933 68 2.75 0.18 -0.13 0.05 0.5 0.17 2.692 Cz24 0.9996
05551293+2051397 6746 66 4.43 0.18 -0.15 0.05 3.08 0.14 2.692 Cz24 0.9983
05551338+2054472 6531 66 4.1 0.18 -0.44 0.06 3 0.09 2.692 Cz24 0.9979
05551844+2051052 6453 65 4.26 0.17 -0.29 0.06 3.06 0.07 2.692 Cz24 0.9967
05551926+2054557 6361 64 4.24 0.17 -0.08 0.05 3 0.08 2.692 Cz24 0.9973
05552185+2052338 4574 66 2.12 0.17 -0.38 0.05 0.39 0.09 2.692 Cz24 0.9989
05552219+2052225 6681 72 4.01 0.21 -0.24 0.06 3.11 0.12 2.692 Cz24 0.9964
05552348+2049008 6628 67 4.37 0.17 0.02 0.05 2.41 0.23 2.692 Cz24 0.9981
05552676+2054507 6392 82 4.46 0.22 -0.11 0.08 3.06 0.09 2.692 Cz24 0.9986
05552938+2052580 6837 66 4.06 0.17 -0.39 0.05 2.94 0.12 2.692 Cz24 0.9846
05552943+2050460 6605 82 3.78 0.21 -0.5 0.08 3.21 0.11 2.692 Cz24 0.9988
05552988+2049233 6648 66 4.03 0.17 -0.33 0.05 2.92 0.1 2.692 Cz24 0.9979
05553084+2054332 4573 65 2.13 0.18 -0.39 0.05 0.4 0.09 2.692 Cz24 0.9998
05553472+2055182 6197 82 4.06 0.22 -0.12 0.07 2.88 0.11 2.692 Cz24 0.9989
05553636+2051570 5540 66 4.11 0.17 -0.16 0.06 2.54 0.07 2.692 Cz24 0.9991
05545858+2050122 6700 84 4.33 0.21 0.24 0.08 2.97 0.21 2.692 Cz24 0.9933
05551109+2050155 6491 65 4.16 0.18 -0.14 0.05 2.38 0.17 2.692 Cz24 0.9994
05551333+2051135 6796 73 4.14 0.21 -0.36 0.06 3.34 0.13 2.692 Cz24 0.9976
05551537+2052460 6764 71 4.34 0.22 -0.21 0.06 2.8 0.0 2.692 Cz24 0.9966
05551957+2053143 6595 104 4.08 0.25 -0.26 0.09 3.07 0.11 2.692 Cz24 0.9971
05552056+2054067 6222 63 4.01 0.18 -0.3 0.06 2.32 0.0 2.692 Cz24 0.9977
05552254+2050491 6326 95 4.27 0.26 -0.62 0.16 2.76 0.15 2.692 Cz24 0.9972
05552411+2053009 6375 84 4.28 0.22 0.08 0.08 2.99 0.15 2.692 Cz24 0.9788
05552456+2055024 6762 106 4.35 0.32 -0.29 0.09 2.76 0.22 2.692 Cz24 0.9932
05552458+2050346 6751 67 4.32 0.17 0.02 0.05 2.67 0.22 2.692 Cz24 0.9989
05552552+2053182 6734 66 4.31 0.18 -0.29 0.05 3.18 0.1 2.692 Cz24 0.9968
05552601+2052538 6728 66 3.85 0.18 -0.39 0.06 3.11 0.11 2.692 Cz24 0.9935
05552816+2049065 6785 66 4.17 0.18 -0.17 0.05 3.02 0.13 2.692 Cz24 0.9987
05553282+2055059 6919 84 4.41 0.22 -0.33 0.08 2.59 0.0 2.692 Cz24 0.9898
05553347+2049399 6680 66 4.24 0.17 -0.13 0.05 2.96 0.15 2.692 Cz24 0.9987
05553596+2050575 6758 66 4.48 0.17 -0.38 0.06 3.12 0.17 2.692 Cz24 0.9963
05550908+2050282 6395 64 4.2 0.17 -0.04 0.06 2.61 0.22 2.692 Cz24 0.9989
05550926+2054462 5675 63 4.29 0.18 -0.63 0.05 2.61 0.09 2.692 Cz24 0.986
05551415+2055195 6461 65 3.98 0.17 -0.19 0.05 2.96 0.1 2.692 Cz24 0.9951
05551416+2053305 6456 65 4.26 0.17 -0.94 0.05 3.03 0.1 2.692 Cz24 0.9514
05551428+2050498 6388 65 3.98 0.18 -0.23 0.05 3.03 0.09 2.692 Cz24 0.9993
05551543+2053130 6279 65 4.43 0.17 -0.25 0.05 2.65 0.17 2.692 Cz24 0.996
05552118+2051068 6611 66 4.25 0.18 -0.14 0.05 3.24 0.08 2.692 Cz24 0.9989
05552230+2055007 6818 86 3.81 0.22 -0.28 0.08 2.67 0.0 2.692 Cz24 0.9877
05552355+2053587 6751 104 4.38 0.34 0.13 0.09 3.35 0.15 2.692 Cz24 0.9951
05552430+2052516 6745 66 4.31 0.18 -0.08 0.05 2.94 0.18 2.692 Cz24 0.999
05552434+2051399 6628 67 4.04 0.17 -0.12 0.05 2.74 0.12 2.692 Cz24 0.9985
05552584+2052445 4929 64 3.15 0.17 -0.14 0.05 1.25 0.1 2.692 Cz24 0.9902
05553995+2053468 6434 65 4.02 0.18 -0.01 0.06 2.66 0.15 2.692 Cz24 0.9987
05554095+2058385 6713 83 3.63 0.22 -0.33 0.08 3.04 0.18 2.692 Cz24 0.9884
05554484+2054006 6671 66 4.05 0.17 -0.05 0.05 2.99 0.15 2.692 Cz24 0.9976
05555226+2054293 6640 67 4.36 0.18 -0.22 0.05 2.37 0.0 2.692 Cz24 0.9888
05552306+2052396 4977 31 2.76 0.05 -0.12 0.05 0.79 0.08 2.692 Cz24 0.9994
05552611+2054581 4775 31 2.58 0.05 -0.17 0.05 1.29 0.04 2.692 Cz24 0.9996
05552626+2052342 4969 31 2.75 0.05 -0.1 0.05 0.36 0.0 2.692 Cz24 0.9631
05552710+2052163 5034 31 2.82 0.05 -0.08 0.05 0.75 0.0 2.692 Cz24 0.9797
05553437+2051191 5003 33 2.76 0.05 -0.08 0.04 0.37 0.0 2.692 Cz24 0.9997
