OBJECT TEFF E_TEFF LOGG E_LOGG FEH E_FEH LI1 E_LI1 "AGE (Gyr)" GES_FLD
07305082-0956141 6145 64 3.79 0.18 -0.49 0.05 2.42 0.11 2.884 Cz30
07305084-0957019 5840 65 4.46 0.17 -0.19 0.05 2.37 0.08 2.884 Cz30
07305350-0957191 5941 66 4.43 0.17 0.12 0.05 2.54 0.09 2.884 Cz30
07305448-0957176 6997 66 4.19 0.18 -0.36 0.06 2.72 0.21 2.884 Cz30
07305475-0956102 6488 67 4.12 0.18 -0.11 0.06 2.88 0.10 2.884 Cz30
07305650-0955353 5481 64 4.17 0.17 -0.52 0.05 2.16 0.13 2.884 Cz30
07305673-0958580 6619 66 4.29 0.18 -0.24 0.05 3.19 0.09 2.884 Cz30
07305675-0957410 6477 103 4.63 0.33 -0.37 0.09 2.78 0.15 2.884 Cz30
07305765-0955276 5932 65 3.97 0.18 -0.65 0.05 2.76 0.10 2.884 Cz30
07305767-0959446 6414 66 4.14 0.17 -0.69 0.05 2.81 0.11 2.884 Cz30
07305798-0952519 6298 84 3.88 0.22 -0.54 0.08 2.44 0.23 2.884 Cz30
07305842-1000211 5555 64 4.51 0.17 -0.59 0.05 1.97 0.20 2.884 Cz30
07305865-0956527 6184 80 3.65 0.22 -0.58 0.08 2.79 0.17 2.884 Cz30
07305999-0958145 6394 65 4.17 0.18 -0.13 0.06 2.35 0.25 2.884 Cz30
07310046-0959181 6165 66 4.50 0.18 -0.01 0.05 2.78 0.08 2.884 Cz30
07310129-1000073 6267 66 4.28 0.18 -0.35 0.05 2.61 0.11 2.884 Cz30
07310130-0953595 6466 81 3.82 0.22 -0.44 0.08 2.88 0.11 2.884 Cz30
07310133-1000488 6423 64 4.10 0.17 -0.14 0.05 2.38 0.18 2.884 Cz30
07310156-0956187 6487 65 4.13 0.18 -0.54 0.06 2.51 0.17 2.884 Cz30
07310190-0955503 5775 64 4.13 0.17 -0.31 0.05 2.20 0.16 2.884 Cz30
07310248-0957267 6099 104 4.51 0.33 -0.56 0.10 2.06 0.00 2.884 Cz30
07310265-0958475 6176 66 4.12 0.17 -0.37 0.06 2.42 0.20 2.884 Cz30
07310313-0957188 6071 65 3.81 0.17 -0.80 0.06 2.19 0.00 2.884 Cz30
07310351-0958508 5848 63 4.24 0.18 -0.33 0.05 2.48 0.07 2.884 Cz30
07310411-0954370 6104 65 4.21 0.17 -1.03 0.05 2.34 0.17 2.884 Cz30
07310432-0958110 6559 82 4.38 0.22 -0.09 0.07 2.84 0.18 2.884 Cz30
07310485-0953115 5900 81 4.09 0.22 -0.11 0.08 2.65 0.20 2.884 Cz30
07310485-0953545 5713 66 4.17 0.18 -0.15 0.05 1.49 0.23 2.884 Cz30
07310537-0958248 5740 66 4.29 0.17 0.12 0.05 1.91 0.18 2.884 Cz30
07310542-0955162 6218 83 4.58 0.22 -1.06 0.07 1.91 0.00 2.884 Cz30
07310598-0959383 5893 66 4.07 0.17 -0.63 0.06 2.38 0.14 2.884 Cz30
07310605-0954510 5955 65 4.24 0.17 -0.20 0.06 2.76 0.09 2.884 Cz30
07310725-0958110 6241 103 4.17 0.34 -0.36 0.10 2.47 0.24 2.884 Cz30
07310729-0956194 6776 67 4.39 0.18 -0.14 0.06 2.40 0.00 2.884 Cz30
07310731-0956369 6433 67 3.97 0.17 -0.33 0.05 2.16 0.00 2.884 Cz30
07310759-1001176 5991 64 4.39 0.17 -0.28 0.05 2.55 0.09 2.884 Cz30
07310805-1000255 6487 65 3.83 0.17 -0.65 0.06 2.95 0.10 2.884 Cz30
07310827-0957350 6511 67 4.12 0.18 -0.37 0.05 2.38 0.27 2.884 Cz30
07310898-0957057 6630 66 4.10 0.17 -0.40 0.06 3.22 0.10 2.884 Cz30
07310992-0956439 6368 64 3.88 0.17 -0.77 0.06 2.82 0.12 2.884 Cz30
07311174-0957118 5865 65 3.99 0.17 -0.54 0.05 2.18 0.12 2.884 Cz30
07311279-0959528 5397 63 3.74 0.17 0.15 0.05 1.45 0.14 2.884 Cz30
07311287-0951503 6008 65 4.35 0.17 -0.24 0.05 2.65 0.09 2.884 Cz30
07311297-0956237 6040 65 3.52 0.17 -0.48 0.05 2.98 0.11 2.884 Cz30
07311343-0952020 5095 65 4.50 0.18 -0.25 0.05 0.92 0.33 2.884 Cz30
07311350-0957119 5763 64 4.08 0.17 -0.65 0.05 1.98 0.00 2.884 Cz30
07311382-0956065 5546 65 3.86 0.17 -0.52 0.06 2.67 0.12 2.884 Cz30
07311421-0955410 5660 85 2.60 0.21 -0.77 0.08 2.19 0.22 2.884 Cz30
07311421-1000492 5980 65 4.02 0.17 -0.36 0.05 2.78 0.08 2.884 Cz30
07311479-0959470 5838 65 4.42 0.18 -0.37 0.06 2.49 0.09 2.884 Cz30
07311489-0953444 6089 84 4.06 0.22 -0.59 0.07 2.32 0.20 2.884 Cz30
07311528-0952385 6467 83 3.35 0.22 -0.67 0.08 2.74 0.00 2.884 Cz30
07311589-0953384 6255 66 4.15 0.18 -0.13 0.05 2.83 0.09 2.884 Cz30
07311616-0957187 6754 83 3.70 0.22 -0.43 0.07 2.30 0.00 2.884 Cz30
07311634-0958149 6510 81 4.61 0.23 -0.30 0.08 2.79 0.16 2.884 Cz30
07311670-0956061 6230 82 3.74 0.21 -0.63 0.08 2.95 0.12 2.884 Cz30
07311737-0954568 4685 65 4.71 0.18 -0.19 0.05 0.69 0.20 2.884 Cz30
07311745-0952009 5547 66 4.18 0.18 -0.50 0.05 2.01 0.11 2.884 Cz30
07311837-0952133 6190 65 4.41 0.17 -0.48 0.05 2.43 0.00 2.884 Cz30
07311920-0956274 5191 65 3.25 0.17 -0.31 0.06 1.03 0.29 2.884 Cz30
07311933-0958052 5091 65 3.23 0.17 -0.19 0.05 1.45 0.10 2.884 Cz30
07311976-0952217 6241 64 4.08 0.17 0.09 0.06 2.76 0.15 2.884 Cz30
07312043-0955191 6299 82 3.56 0.22 -0.69 0.07 2.11 0.00 2.884 Cz30
07312052-0954437 6178 64 3.96 0.18 -0.33 0.05 1.72 0.00 2.884 Cz30
07312057-0958155 5979 66 3.99 0.17 -0.63 0.05 2.63 0.08 2.884 Cz30
07312108-0957437 6230 80 4.37 0.22 0.29 0.08 3.40 0.15 2.884 Cz30
07312193-0953507 6710 65 3.89 0.17 -0.24 0.05 3.06 0.15 2.884 Cz30
07312251-0957424 6135 65 4.52 0.17 0.11 0.05 2.84 0.14 2.884 Cz30
07312288-0959223 6104 65 4.46 0.17 0.02 0.05 2.16 0.15 2.884 Cz30
07312296-0958106 6368 82 4.19 0.22 -0.39 0.08 2.51 0.00 2.884 Cz30
07312388-0959428 5757 65 4.29 0.17 -0.18 0.05 1.85 0.00 2.884 Cz30
07312459-1000199 5001 64 3.04 0.18 -0.66 0.05 1.65 0.08 2.884 Cz30
07312585-0959435 6537 66 3.85 0.18 -0.33 0.05 2.57 0.20 2.884 Cz30
07312799-0955047 5737 82 3.92 0.22 -0.02 0.08 2.00 0.47 2.884 Cz30
07312896-0954320 6198 64 4.57 0.17 -0.26 0.06 2.80 0.09 2.884 Cz30
07305350-0955191 6134 85 3.98 0.22 -0.71 0.08 2.59 0.14 2.884 Cz30
07305557-0955011 6171 66 4.05 0.18 -0.79 0.05 2.26 0.21 2.884 Cz30
07305658-0955032 5883 81 3.10 0.21 -0.83 0.08 1.90 0.00 2.884 Cz30
07305739-0954227 5861 84 4.22 0.22 -0.69 0.08 2.59 0.15 2.884 Cz30
07305798-0955054 5201 63 4.86 0.17 -0.21 0.05 0.89 0.31 2.884 Cz30
07305798-0956241 6723 83 3.94 0.22 -0.70 0.08 2.73 0.19 2.884 Cz30
07305813-0954438 5125 64 3.66 0.17 -0.55 0.06 1.39 0.11 2.884 Cz30
07305825-0959335 5880 67 4.54 0.18 -0.47 0.05 2.80 0.13 2.884 Cz30
07305886-0959104 6304 68 4.21 0.17 -0.31 0.05 3.18 0.08 2.884 Cz30
07305906-0959214 6237 65 3.77 0.18 -0.64 0.05 2.37 0.17 2.884 Cz30
07310005-0952561 6116 82 4.71 0.22 -0.42 0.08 2.29 0.24 2.884 Cz30
07310054-0955235 6518 83 4.27 0.22 -0.49 0.08 2.75 0.23 2.884 Cz30
07310082-0959359 6095 64 4.06 0.17 -0.63 0.06 1.92 0.00 2.884 Cz30
07310106-0956198 6323 67 4.12 0.17 -0.58 0.05 2.05 0.00 2.884 Cz30
07310158-1000167 6099 65 4.30 0.18 -0.87 0.05 1.55 0.00 2.884 Cz30
07310171-0956141 5981 65 4.30 0.17 -0.21 0.05 2.59 0.09 2.884 Cz30
07310173-1000515 6275 65 4.39 0.18 -0.11 0.05 2.80 0.11 2.884 Cz30
07310552-0955317 6400 66 4.02 0.18 -0.72 0.06 2.46 0.00 2.884 Cz30
07310573-0959222 6095 65 4.23 0.17 -0.38 0.06 2.60 0.11 2.884 Cz30
07310700-0958209 6640 82 3.94 0.22 -0.74 0.07 2.29 0.00 2.884 Cz30
07310801-0958076 4925 66 4.39 0.17 0.01 0.05 0.72 0.32 2.884 Cz30
07310814-0956390 6619 83 4.00 0.22 -0.11 0.08 3.03 0.18 2.884 Cz30
07310824-0954558 6439 66 4.06 0.18 -0.40 0.05 2.70 0.13 2.884 Cz30
07310828-0957560 6115 79 3.64 0.22 -0.76 0.08 2.17 0.00 2.884 Cz30
07310889-0954226 5843 64 4.30 0.18 0.24 0.06 1.77 0.28 2.884 Cz30
07310914-0959402 6218 84 4.38 0.22 -0.55 0.08 2.82 0.14 2.884 Cz30
07310969-0956525 6028 65 4.12 0.18 -0.34 0.05 3.04 0.06 2.884 Cz30
07310981-0957451 6078 64 3.76 0.18 -0.64 0.05 2.45 0.16 2.884 Cz30
07310996-1000267 6436 64 3.95 0.18 -0.44 0.05 2.63 0.16 2.884 Cz30
07311040-0959224 6570 67 4.10 0.17 -0.39 0.05 2.86 0.09 2.884 Cz30
07311066-0956028 5219 66 3.69 0.17 -0.37 0.05 1.37 0.14 2.884 Cz30
07311107-0956569 6414 80 4.43 0.22 -0.35 0.07 2.36 0.00 2.884 Cz30
07311111-1000393 6007 63 3.98 0.17 -0.46 0.06 2.82 0.10 2.884 Cz30
07311191-1000333 5625 82 3.83 0.22 -0.41 0.08 2.02 0.26 2.884 Cz30
07311223-1001193 5967 65 3.86 0.17 -0.46 0.05 2.41 0.11 2.884 Cz30
07311234-0956146 6556 65 4.10 0.17 -0.54 0.05 3.03 0.08 2.884 Cz30
07311291-0956588 5868 64 3.84 0.17 -0.42 0.05 3.01 0.07 2.884 Cz30
07311395-0956540 5144 64 3.56 0.17 -0.35 0.05 1.47 0.09 2.884 Cz30
07311462-1001145 6164 81 4.48 0.22 -0.30 0.08 2.61 0.21 2.884 Cz30
07311688-0955539 6260 82 3.80 0.22 -0.26 0.08 2.41 0.28 2.884 Cz30
07311821-0956022 6478 84 4.21 0.22 -0.60 0.08 2.53 0.23 2.884 Cz30
07311860-1000498 6602 65 4.18 0.17 -0.15 0.05 2.68 0.12 2.884 Cz30
07311903-0958251 5479 65 4.37 0.18 -0.41 0.05 2.19 0.16 2.884 Cz30
07311904-0955502 6396 67 3.79 0.17 -0.21 0.06 3.19 0.08 2.884 Cz30
07311906-0957226 6442 66 4.11 0.17 -0.64 0.05 2.74 0.15 2.884 Cz30
07311977-0957474 6196 64 4.42 0.18 -0.14 0.05 2.83 0.08 2.884 Cz30
07312023-0953426 6807 83 3.94 0.22 -0.66 0.08 2.87 0.00 2.884 Cz30
07312111-0957359 6310 66 4.35 0.17 -0.33 0.05 2.73 0.12 2.884 Cz30
07312171-0954328 5569 64 3.74 0.17 -0.65 0.05 2.01 0.09 2.884 Cz30
07312188-0959429 5358 65 4.63 0.17 -0.40 0.05 1.97 0.09 2.884 Cz30
07312220-0959016 6727 85 3.81 0.22 -0.28 0.08 3.30 0.10 2.884 Cz30
07312310-0953206 6495 83 4.18 0.21 -0.42 0.08 3.08 0.10 2.884 Cz30
07312360-0958570 6059 67 4.31 0.17 -0.66 0.05 2.89 0.10 2.884 Cz30
07312440-0957335 6879 70 4.33 0.21 -0.36 0.05 3.13 0.11 2.884 Cz30
07312449-0958368 6719 107 4.12 0.33 -0.27 0.09 2.56 0.00 2.884 Cz30
07312523-0958293 6424 66 3.95 0.17 -0.42 0.06 2.67 0.14 2.884 Cz30
07312559-0953249 6290 71 4.19 0.21 0.03 0.05 2.83 0.15 2.884 Cz30
07312614-0954264 6174 64 4.08 0.18 -0.86 0.05 2.60 0.13 2.884 Cz30
07312666-0959307 5476 65 4.61 0.17 -0.16 0.06 1.66 0.11 2.884 Cz30
07312702-0956238 6299 81 3.16 0.21 -0.58 0.08 2.86 0.20 2.884 Cz30
07312859-0957401 6373 63 4.37 0.18 -0.66 0.06 2.49 0.14 2.884 Cz30
07305342-0957171 6982 66 3.84 0.18 -0.41 0.06 2.90 0.11 2.884 Cz30
07305407-0958318 5069 66 4.61 0.17 0.18 0.06 0.91 0.24 2.884 Cz30
07305436-0955368 5864 65 3.57 0.17 -0.78 0.05 2.34 0.12 2.884 Cz30
07305579-0953505 6342 64 4.30 0.18 -0.40 0.05 2.25 0.00 2.884 Cz30
07305700-0953279 5653 65 3.42 0.18 -0.43 0.05 2.08 0.22 2.884 Cz30
07305813-0958505 6110 69 3.83 0.21 -0.52 0.05 2.63 0.11 2.884 Cz30
07305841-0955115 6190 84 3.65 0.22 -1.71 0.08 2.71 0.09 2.884 Cz30
07305922-0958430 6319 84 3.78 0.22 -0.36 0.08 2.44 0.00 2.884 Cz30
07305987-0955272 5621 66 4.49 0.17 -0.23 0.06 1.58 0.20 2.884 Cz30
07305990-0953197 6343 81 4.68 0.22 -0.28 0.08 3.09 0.14 2.884 Cz30
07310004-0953357 6295 63 4.35 0.17 0.10 0.05 2.98 0.07 2.884 Cz30
07310015-0955566 6024 68 4.29 0.20 -0.63 0.05 2.76 0.11 2.884 Cz30
07310186-1000119 5643 82 3.14 0.22 -0.86 0.08 2.74 0.16 2.884 Cz30
07310205-0959484 6238 83 4.20 0.22 -0.77 0.08 2.27 0.00 2.884 Cz30
07310232-1000227 6420 66 3.55 0.17 -0.61 0.05 2.24 0.00 2.884 Cz30
07310257-0952304 5875 66 4.38 0.17 -0.63 0.05 2.68 0.09 2.884 Cz30
07310334-0956137 6513 65 4.11 0.17 -0.52 0.05 2.65 0.16 2.884 Cz30
07310496-0956418 6362 64 3.77 0.18 -0.55 0.05 3.05 0.07 2.884 Cz30
07310533-0955267 5795 103 4.45 0.32 -0.57 0.10 2.42 0.24 2.884 Cz30
07310542-1000561 6169 65 4.15 0.17 -0.12 0.05 3.07 0.08 2.884 Cz30
07310547-0957469 6197 66 4.25 0.17 -0.60 0.06 2.70 0.13 2.884 Cz30
07310680-0958191 5885 65 4.53 0.18 -0.34 0.05 2.57 0.09 2.884 Cz30
07310682-1000074 6058 64 4.55 0.17 -0.73 0.05 2.52 0.10 2.884 Cz30
07310712-0957444 5682 65 4.17 0.17 -0.33 0.06 1.84 0.19 2.884 Cz30
07310745-0956099 5709 65 4.36 0.18 -0.06 0.05 1.97 0.13 2.884 Cz30
07310757-0956360 6617 84 3.65 0.22 -0.34 0.08 3.15 0.12 2.884 Cz30
07310810-1001258 5893 65 4.28 0.18 -0.29 0.06 2.45 0.08 2.884 Cz30
07310857-0958129 6153 63 4.26 0.17 -0.07 0.05 2.51 0.10 2.884 Cz30
07310862-0953512 6212 64 3.81 0.17 -0.18 0.05 2.12 0.00 2.884 Cz30
07310895-1000198 6202 63 4.18 0.17 -0.28 0.05 3.04 0.07 2.884 Cz30
07310951-0956305 6192 84 3.74 0.22 -0.64 0.08 2.22 0.00 2.884 Cz30
07311060-0958211 6737 66 4.15 0.18 -0.33 0.05 3.03 0.10 2.884 Cz30
07311096-0952349 5854 65 3.96 0.17 -0.54 0.05 2.33 0.11 2.884 Cz30
07311115-0959526 5949 70 4.11 0.21 -0.31 0.05 2.66 0.08 2.884 Cz30
07311145-0957094 6284 84 4.27 0.22 -0.37 0.07 2.70 0.18 2.884 Cz30
07311183-1000357 6358 82 4.05 0.21 -0.52 0.07 2.65 0.00 2.884 Cz30
07311253-1000222 5922 70 4.23 0.20 -0.30 0.06 2.77 0.11 2.884 Cz30
07311268-0956140 5907 66 4.38 0.17 -0.61 0.06 1.97 0.00 2.884 Cz30
07311303-0959471 6791 82 4.03 0.23 -0.48 0.08 2.67 0.00 2.884 Cz30
07311311-0952103 5809 81 3.63 0.22 -0.94 0.08 2.40 0.14 2.884 Cz30
07311352-0957445 6827 66 3.92 0.17 -0.38 0.05 3.29 0.08 2.884 Cz30
07311697-0956152 6237 65 3.72 0.17 -0.24 0.05 2.69 0.08 2.884 Cz30
07311739-0958385 5653 82 3.94 0.21 -0.02 0.08 2.23 0.00 2.884 Cz30
07311781-0956076 6294 104 2.94 0.33 -0.60 0.10 2.14 0.00 2.884 Cz30
07311790-0953116 5631 64 4.19 0.18 -0.02 0.06 1.42 0.31 2.884 Cz30
07311825-0957110 6575 64 4.22 0.17 -0.61 0.06 2.66 0.13 2.884 Cz30
07311849-0956015 5877 63 4.38 0.17 -0.41 0.05 1.81 0.00 2.884 Cz30
07311940-0959465 6317 66 4.15 0.17 -0.67 0.05 2.23 0.12 2.884 Cz30
07311975-0958304 6383 65 4.27 0.17 -0.27 0.05 3.05 0.09 2.884 Cz30
07312052-0958537 5811 83 2.85 0.22 -0.47 0.08 2.54 0.17 2.884 Cz30
07312125-0959413 6266 66 4.24 0.17 -0.22 0.05 3.01 0.07 2.884 Cz30
07312145-0956416 6707 102 4.41 0.26 -0.23 0.15 3.25 0.14 2.884 Cz30
07312146-0959019 5775 65 4.58 0.17 0.02 0.05 1.84 0.00 2.884 Cz30
07312164-0954354 5984 103 4.15 0.33 -0.32 0.09 2.97 0.16 2.884 Cz30
07312180-0956008 6070 83 4.10 0.21 -0.40 0.08 2.54 0.20 2.884 Cz30
07312195-0954089 6466 65 4.27 0.18 -0.16 0.05 3.12 0.09 2.884 Cz30
07312233-0956443 5999 65 4.33 0.17 0.00 0.05 2.49 0.08 2.884 Cz30
07312237-0959509 6234 66 4.23 0.17 -0.45 0.05 2.22 0.00 2.884 Cz30
07312314-0957498 6072 65 3.81 0.17 -0.44 0.05 2.90 0.12 2.884 Cz30
07312393-0953154 6207 66 4.27 0.17 -0.10 0.05 2.91 0.08 2.884 Cz30
07312432-0953599 6332 65 4.35 0.18 -0.25 0.05 3.01 0.10 2.884 Cz30
07312614-0959352 6129 65 3.89 0.17 -0.58 0.05 2.45 0.15 2.884 Cz30
07312758-0956077 5377 67 4.27 0.17 -0.41 0.05 1.46 0.19 2.884 Cz30
07312927-0956217 6632 85 3.75 0.22 -0.17 0.08 2.94 0.19 2.884 Cz30
07310059-0957221 5003 31 2.48 0.05 -0.33 0.05 0.15 0.00 2.884 Cz30
07310653-0956001 4872 30 2.62 0.05 -0.32 0.05 -0.40 0.00 2.884 Cz30
07310684-1000232 4964 31 2.60 0.05 -0.31 0.05 0.23 0.00 2.884 Cz30
07310726-0955033 4997 31 2.56 0.05 -0.34 0.06 0.32 0.00 2.884 Cz30
07310746-0955511 4951 31 2.55 0.05 -0.32 0.05 -0.06 0.00 2.884 Cz30
07310960-0957183 4864 30 2.67 0.05 -0.31 0.05 1.23 0.04 2.884 Cz30
07311072-0956335 5020 31 2.42 0.05 -0.37 0.05 0.40 0.00 2.884 Cz30
