OBJECT TEFF E_TEFF LOGG E_LOGG FEH E_FEH LI1 E_LI1 "AGE (Gyr)" GES_FLD
10021028-6445340 4416 76 4.60 0.19 0.06 0.09 1.20 0.11 4.467 ESO92_05
10021499-6447367 4852 64 4.86 0.18 0.10 0.05 0.79 0.20 4.467 ESO92_05
10021520-6447583 4970 67 2.90 0.18 -0.21 0.05 1.06 0.00 4.467 ESO92_05
10022143-6451539 4361 67 2.25 0.17 0.43 0.04 -0.38 0.36 4.467 ESO92_05
10022277-6444447 4947 64 3.17 0.18 -0.22 0.06 0.92 0.16 4.467 ESO92_05
10022892-6443543 4313 63 1.71 0.17 -0.47 0.05 0.11 0.12 4.467 ESO92_05
10023541-6445379 4427 63 2.24 0.17 0.15 0.05 0.28 0.14 4.467 ESO92_05
10024405-6446231 5061 65 2.99 0.17 -0.18 0.05 1.06 0.00 4.467 ESO92_05
10024562-6444258 4647 64 2.57 0.17 0.15 0.05 0.85 0.00 4.467 ESO92_05
10024620-6450492 4831 64 2.82 0.18 -0.50 0.06 0.66 0.00 4.467 ESO92_05
10024942-6449569 4736 64 4.87 0.17 0.09 0.05 0.88 0.12 4.467 ESO92_05
10025026-6444244 5037 82 3.06 0.22 -1.09 0.08 1.69 0.19 4.467 ESO92_05
10025050-6445409 4920 63 4.53 0.17 -0.24 0.05 1.02 0.29 4.467 ESO92_05
10025238-6448328 5150 65 4.65 0.17 0.12 0.05 0.78 0.48 4.467 ESO92_05
10025477-6442484 4871 63 2.97 0.18 -0.23 0.06 0.80 0.00 4.467 ESO92_05
10025511-6450433 4307 63 1.99 0.17 -0.01 0.06 -1.00 0.00 4.467 ESO92_05
10025552-6444009 5006 84 2.94 0.22 -0.94 0.08 1.29 0.00 4.467 ESO92_05
10030140-6443046 4996 62 3.21 0.18 -0.15 0.06 1.35 0.12 4.467 ESO92_05
10030379-6446430 5076 64 3.10 0.17 -0.58 0.05 0.81 0.30 4.467 ESO92_05
10030610-6446415 4898 82 3.55 0.22 -0.79 0.07 0.92 0.00 4.467 ESO92_05
10030651-6445460 5071 64 3.00 0.18 -0.39 0.05 0.72 0.46 4.467 ESO92_05
10030768-6445266 4928 62 3.19 0.18 -0.45 0.05 1.81 0.12 4.467 ESO92_05
10030969-6444066 4939 66 3.06 0.18 -0.77 0.05 1.06 0.00 4.467 ESO92_05
10031135-6442220 5311 83 2.88 0.21 -0.41 0.07 1.73 0.00 4.467 ESO92_05
10031261-6444416 5071 81 4.40 0.22 -0.42 0.07 1.41 0.00 4.467 ESO92_05
10031326-6447249 4626 63 2.26 0.17 -0.55 0.05 0.27 0.22 4.467 ESO92_05
10031427-6444317 4841 65 3.02 0.17 -0.84 0.05 1.15 0.18 4.467 ESO92_05
10031777-6445059 4930 65 3.12 0.18 -0.47 0.06 1.08 0.25 4.467 ESO92_05
10032014-6447154 4806 65 4.43 0.17 -0.47 0.05 1.08 0.22 4.467 ESO92_05
10032169-6448550 4973 67 3.22 0.17 -0.44 0.05 0.93 0.18 4.467 ESO92_05
10032261-6443559 5185 82 3.27 0.33 -1.04 0.09 2.23 0.19 4.467 ESO92_05
10032507-6447527 5629 104 4.67 0.33 0.43 0.06 2.15 0.28 4.467 ESO92_05
10032773-6444483 5075 64 3.27 0.17 0.02 0.05 1.55 0.14 4.467 ESO92_05
10033076-6449484 4412 66 2.00 0.17 0.16 0.05 0.09 0.16 4.467 ESO92_05
10033203-6445560 5000 80 4.03 0.22 -0.38 0.08 1.13 0.00 4.467 ESO92_05
10033302-6439433 4699 65 2.64 0.17 -0.37 0.05 0.37 0.32 4.467 ESO92_05
10033548-6441409 4461 65 4.80 0.17 0.26 0.05 0.02 0.35 4.467 ESO92_05
10033563-6450588 4870 65 2.39 0.17 -0.25 0.05 0.85 0.14 4.467 ESO92_05
10033650-6444361 4779 63 2.74 0.17 -0.41 0.05 0.64 0.00 4.467 ESO92_05
10033654-6444514 5113 64 4.43 0.18 -0.05 0.05 1.36 0.00 4.467 ESO92_05
10033679-6443409 4913 64 4.60 0.17 -0.37 0.05 1.34 0.20 4.467 ESO92_05
10034094-6448068 5047 65 2.80 0.17 -0.33 0.05 1.10 0.16 4.467 ESO92_05
10034570-6440402 4819 64 2.73 0.17 -0.08 0.06 0.14 0.75 4.467 ESO92_05
10034687-6446163 4913 65 3.21 0.17 -0.09 0.05 0.75 0.23 4.467 ESO92_05
10034987-6444265 4942 64 3.29 0.18 0.02 0.05 0.75 0.35 4.467 ESO92_05
10035037-6446152 4914 63 2.99 0.17 -0.44 0.06 1.03 0.20 4.467 ESO92_05
10040184-6439521 4937 64 3.11 0.17 -0.13 0.05 0.91 0.19 4.467 ESO92_05
10040580-6440426 5145 66 3.22 0.17 -0.40 0.05 1.33 0.13 4.467 ESO92_05
10025849-6445254 4920 32 2.80 0.06 -0.21 0.05 0.70 0.00 4.467 ESO92_05
10030045-6446216 4999 33 2.54 0.05 -0.27 0.05 0.57 0.00 4.467 ESO92_05
10030382-6445264 4702 32 3.02 0.06 0.07 0.04 -0.32 0.00 4.467 ESO92_05
10032438-6444308 4927 31 3.62 0.05 0.41 0.06 1.25 0.00 4.467 ESO92_05
10032565-6446376 4975 34 2.43 0.05 -0.30 0.05 1.02 0.00 4.467 ESO92_05
10024073-6447487 5073 65 3.54 0.18 -0.46 0.05 1.22 0.12 4.467 ESO92_05
10030258-6446182 4944 64 2.93 0.17 -0.38 0.06 0.51 0.92 4.467 ESO92_05
10030553-6443550 5004 63 3.47 0.17 -0.30 0.06 1.01 0.28 4.467 ESO92_05
10030701-6443221 5536 107 3.96 0.34 -0.50 0.10 1.97 0.00 4.467 ESO92_05
10030789-6447089 5019 80 3.18 0.21 -0.47 0.08 1.16 0.00 4.467 ESO92_05
10031049-6443194 5269 82 3.77 0.23 -0.04 0.08 1.54 0.00 4.467 ESO92_05
10031420-6446186 5339 82 4.32 0.22 0.05 0.08 1.80 0.00 4.467 ESO92_05
10031452-6447155 5071 82 4.66 0.22 -0.06 0.08 1.07 0.00 4.467 ESO92_05
10031599-6441480 5032 64 3.56 0.17 -0.01 0.06 0.88 0.19 4.467 ESO92_05
10031642-6445408 5122 105 4.22 0.34 -0.20 0.10 1.45 0.00 4.467 ESO92_05
10025233-6445101 5555 81 4.89 0.21 -0.39 0.08 1.90 0.00 4.467 ESO92_05
10030000-6444018 5911 83 3.33 0.22 -0.29 0.08 2.82 0.19 4.467 ESO92_05
10030100-6447047 5113 82 3.25 0.22 -0.57 0.08 1.40 0.31 4.467 ESO92_05
10030402-6443390 5148 64 3.81 0.17 0.19 0.06 1.40 0.00 4.467 ESO92_05
10030537-6445418 5095 81 3.37 0.21 -0.56 0.08 1.08 0.00 4.467 ESO92_05
10030774-6443317 5060 64 4.03 0.17 -0.48 0.05 1.51 0.20 4.467 ESO92_05
10030824-6446594 4845 81 3.40 0.22 -0.29 0.08 1.09 0.34 4.467 ESO92_05
10030993-6444093 5015 63 3.70 0.17 -0.42 0.05 1.56 0.16 4.467 ESO92_05
10031710-6444488 5925 82 4.12 0.22 -0.59 0.08 2.39 0.28 4.467 ESO92_05
10031807-6446536 5303 81 2.91 0.21 -0.06 0.08 1.55 0.47 4.467 ESO92_05
10031975-6446315 5173 81 3.31 0.21 -0.31 0.08 1.58 0.00 4.467 ESO92_05
10032008-6446592 4963 64 2.75 0.17 -0.30 0.05 0.92 0.00 4.467 ESO92_05
10032671-6447158 5963 85 4.19 0.22 0.16 0.08 2.64 0.24 4.467 ESO92_05
10032917-6444154 5002 84 2.95 0.21 -0.71 0.08 1.31 0.34 4.467 ESO92_05
10033064-6443115 4828 65 2.51 0.18 -0.18 0.06 0.67 0.00 4.467 ESO92_05
10033145-6443481 4922 65 4.59 0.17 -0.44 0.05 1.08 0.23 4.467 ESO92_05
10034010-6442472 4635 66 2.38 0.17 -0.12 0.05 0.78 0.00 4.467 ESO92_05
10030857-6442198 4535 34 2.18 0.06 -0.39 0.05 0.22 0.00 4.467 ESO92_05
10025482-6444151 5151 64 4.47 0.17 0.15 0.05 1.05 0.65 4.467 ESO92_05
10025687-6446081 5160 82 4.91 0.22 -0.22 0.08 1.23 0.00 4.467 ESO92_05
10025724-6444299 4908 64 3.29 0.18 -0.43 0.05 1.44 0.16 4.467 ESO92_05
10030407-6444369 5387 81 2.64 0.21 -1.08 0.08 2.02 0.25 4.467 ESO92_05
10030451-6444244 4995 80 3.85 0.21 -0.88 0.08 1.31 0.00 4.467 ESO92_05
10031966-6446277 6336 109 4.01 0.33 -0.31 0.09 3.28 0.19 4.467 ESO92_05
10032083-6443465 4841 64 3.01 0.18 -0.42 0.05 0.99 0.30 4.467 ESO92_05
