recno Teff e_Teff ALi e_ALi Age pe_Age ne_Age
1 3309.8 55.4 2.61 0.18 21.0e+006 3.5e+006 -3.0e+006 
2 3288.8 51.4 1.32 0.12 21.0e+006 3.5e+006 -3.0e+006 
3 3323.6 48.5 2.39 0.08 21.0e+006 3.5e+006 -3.0e+006 
4 3172.6 45.3 2.72 0.06 21.0e+006 3.5e+006 -3.0e+006 
5 3678.9 54.4 2.12 0.06 21.0e+006 3.5e+006 -3.0e+006 
6 3283.8 47.5 -0.27 0.17 21.0e+006 3.5e+006 -3.0e+006 
7 3327.1 48.1 -0.46 0.22 21.0e+006 3.5e+006 -3.0e+006 
8 3629.6 53.1 2.88 0.02 21.0e+006 3.5e+006 -3.0e+006 
9 3282.2 47.1 2.72 0.08 21.0e+006 3.5e+006 -3.0e+006 
10 4556.6 75.3 3.27 0.11 21.0e+006 3.5e+006 -3.0e+006 
11 3111.8 43.2 2.61 0.08 21.0e+006 3.5e+006 -3.0e+006 
12 4086.4 64.5 3.13 0.05 21.0e+006 3.5e+006 -3.0e+006 
14 3277.8 50.5 2.25 0.13 21.0e+006 3.5e+006 -3.0e+006 
15 3764.5 56.2 2.92 0.02 21.0e+006 3.5e+006 -3.0e+006 
16 4374.9 73.3 3.13 0.1 21.0e+006 3.5e+006 -3.0e+006 
17 4287.0 71.3 3.22 0.08 21.0e+006 3.5e+006 -3.0e+006 
18 3185.7 46.6 2.64 0.08 21.0e+006 3.5e+006 -3.0e+006 
19 3124.6 45.0 2.08 0.18 21.0e+006 3.5e+006 -3.0e+006 
20 3111.0 43.8 2.95 0.16 21.0e+006 3.5e+006 -3.0e+006 
22 3432.1 50.3 1.73 0.08 21.0e+006 3.5e+006 -3.0e+006 
23 3548.0 51.6 2.82 0.05 21.0e+006 3.5e+006 -3.0e+006 
24 3366.3 50.1 1.86 0.09 21.0e+006 3.5e+006 -3.0e+006 
25 3253.8 47.2 -0.68 0.31 21.0e+006 3.5e+006 -3.0e+006 
26 3692.4 54.6 2.65 0.03 21.0e+006 3.5e+006 -3.0e+006 
27 3194.5 47.2 1.12 0.12 21.0e+006 3.5e+006 -3.0e+006 
28 3218.4 47.6 2.68 0.14 21.0e+006 3.5e+006 -3.0e+006 
29 3365.1 49.9 2.67 0.08 21.0e+006 3.5e+006 -3.0e+006 
31 3412.2 49.7 2.02 0.08 21.0e+006 3.5e+006 -3.0e+006 
32 3134.3 44.2 2.62 0.14 21.0e+006 3.5e+006 -3.0e+006 
33 3153.8 45.9 2.58 0.08 21.0e+006 3.5e+006 -3.0e+006 
34 3498.4 50.7 2.19 0.07 21.0e+006 3.5e+006 -3.0e+006 
35 3942.4 60.5 3.28 0.18 21.0e+006 3.5e+006 -3.0e+006 
36 3239.7 48.1 2.5 0.08 21.0e+006 3.5e+006 -3.0e+006 
37 5837.0 34.0 3.77 0.03 21.0e+006 3.5e+006 -3.0e+006 
38 3704.6 55.4 2.6 0.04 21.0e+006 3.5e+006 -3.0e+006 
39 3666.6 54.0 2.73 0.03 21.0e+006 3.5e+006 -3.0e+006 
40 3157.1 45.4 2.57 0.07 21.0e+006 3.5e+006 -3.0e+006 
41 3854.9 58.5 2.76 0.04 21.0e+006 3.5e+006 -3.0e+006 
42 3355.8 50.5 3.05 0.23 21.0e+006 3.5e+006 -3.0e+006 
44 3958.2 60.9 3.15 0.02 21.0e+006 3.5e+006 -3.0e+006 
