recno Teff e_Teff ALi e_ALi Age pe_Age ne_Age
1 3380.6 50.9 0.45 0.11 19.0e+006 1.5e+006 -4.0e+006 
2 3108.0 43.8 3.13 0.17 19.0e+006 1.5e+006 -4.0e+006 
3 3228.0 48.3 2.06 0.1 19.0e+006 1.5e+006 -4.0e+006 
4 4130.4 65.9 3.04 0.06 19.0e+006 1.5e+006 -4.0e+006 
5 3830.3 57.7 2.92 0.03 19.0e+006 1.5e+006 -4.0e+006 
6 3126.6 43.2 2.79 0.06 19.0e+006 1.5e+006 -4.0e+006 
7 4156.2 66.7 3.0 0.06 19.0e+006 1.5e+006 -4.0e+006 
8 3384.0 49.4 1.37 0.1 19.0e+006 1.5e+006 -4.0e+006 
9 3190.0 47.0 2.29 0.13 19.0e+006 1.5e+006 -4.0e+006 
10 3616.4 53.0 2.78 0.04 19.0e+006 1.5e+006 -4.0e+006 
11 3156.6 44.9 2.96 0.07 19.0e+006 1.5e+006 -4.0e+006 
12 3641.6 53.5 2.63 0.03 19.0e+006 1.5e+006 -4.0e+006 
14 3152.5 47.1 2.82 0.17 19.0e+006 1.5e+006 -4.0e+006 
15 4312.4 72.0 3.07 0.08 19.0e+006 1.5e+006 -4.0e+006 
16 3171.6 49.4 2.61 0.2 19.0e+006 1.5e+006 -4.0e+006 
17 3223.1 48.7 2.57 0.14 19.0e+006 1.5e+006 -4.0e+006 
19 3203.9 48.6 2.6 0.09 19.0e+006 1.5e+006 -4.0e+006 
20 3553.8 51.6 2.65 0.05 19.0e+006 1.5e+006 -4.0e+006 
21 3353.8 48.1 -0.35 0.09 19.0e+006 1.5e+006 -4.0e+006 
22 3659.5 53.8 2.63 0.03 19.0e+006 1.5e+006 -4.0e+006 
23 4010.3 62.0 2.93 0.04 19.0e+006 1.5e+006 -4.0e+006 
24 3994.7 61.6 2.81 0.04 19.0e+006 1.5e+006 -4.0e+006 
25 3189.8 46.9 2.69 0.07 19.0e+006 1.5e+006 -4.0e+006 
26 3757.3 56.0 2.82 0.02 19.0e+006 1.5e+006 -4.0e+006 
27 3939.0 60.7 2.83 0.03 19.0e+006 1.5e+006 -4.0e+006 
28 3422.7 54.5 -1.0 0 19.0e+006 1.5e+006 -4.0e+006 
29 3142.0 44.6 1.39 0.11 19.0e+006 1.5e+006 -4.0e+006 
30 3123.0 43.5 2.24 0.12 19.0e+006 1.5e+006 -4.0e+006 
31 3667.9 54.0 2.85 0.03 19.0e+006 1.5e+006 -4.0e+006 
32 3157.9 46.3 2.81 0.08 19.0e+006 1.5e+006 -4.0e+006 
36 3162.6 44.2 1.66 0.09 19.0e+006 1.5e+006 -4.0e+006 
37 3270.3 47.3 1.41 0.09 19.0e+006 1.5e+006 -4.0e+006 
38 3680.1 54.2 2.9 0.02 19.0e+006 1.5e+006 -4.0e+006 
39 3145.0 44.6 2.73 0.07 19.0e+006 1.5e+006 -4.0e+006 
40 3461.0 50.0 1.06 0.08 19.0e+006 1.5e+006 -4.0e+006 
41 3469.7 49.8 2.94 0.19 19.0e+006 1.5e+006 -4.0e+006 
42 3422.7 48.9 0.79 0.07 19.0e+006 1.5e+006 -4.0e+006 
43 3341.4 48.5 0.48 0.09 19.0e+006 1.5e+006 -4.0e+006 
44 3453.9 49.9 0.32 0.09 19.0e+006 1.5e+006 -4.0e+006 
45 3206.8 46.5 2.56 0.08 19.0e+006 1.5e+006 -4.0e+006 
46 3249.3 47.0 2.19 0.09 19.0e+006 1.5e+006 -4.0e+006 
47 4328.8 71.4 3.12 0.09 19.0e+006 1.5e+006 -4.0e+006 
48 3286.6 47.9 1.29 0.1 19.0e+006 1.5e+006 -4.0e+006 
49 3902.2 60.2 2.21 0.05 19.0e+006 1.5e+006 -4.0e+006 
50 3316.1 48.2 1.72 0.11 19.0e+006 1.5e+006 -4.0e+006 
51 3297.6 47.8 -0.52 0.2 19.0e+006 1.5e+006 -4.0e+006 
52 3159.0 45.9 2.54 0.15 19.0e+006 1.5e+006 -4.0e+006 
53 3442.2 49.8 0.05 0.13 19.0e+006 1.5e+006 -4.0e+006 
54 3774.9 56.4 0.13 0.13 19.0e+006 1.5e+006 -4.0e+006 
55 3971.9 61.7 2.93 0.03 19.0e+006 1.5e+006 -4.0e+006 
56 5357.0 81.0 3.63 0.1 19.0e+006 1.5e+006 -4.0e+006 
58 3545.6 51.6 0.03 0.14 19.0e+006 1.5e+006 -4.0e+006 
59 3131.4 45.9 3.28 0.21 19.0e+006 1.5e+006 -4.0e+006 
60 3807.5 57.2 2.87 0.03 19.0e+006 1.5e+006 -4.0e+006 
61 3136.8 45.1 1.9 0.15 19.0e+006 1.5e+006 -4.0e+006 
62 3126.4 43.2 2.78 0.06 19.0e+006 1.5e+006 -4.0e+006 
63 3531.0 51.0 1.58 0.08 19.0e+006 1.5e+006 -4.0e+006 
64 3422.0 49.1 2.31 0.06 19.0e+006 1.5e+006 -4.0e+006 
65 4510.6 75.0 3.24 0.11 19.0e+006 1.5e+006 -4.0e+006 
66 3432.3 49.9 -0.49 0.27 19.0e+006 1.5e+006 -4.0e+006 
67 3562.9 51.5 2.36 0.05 19.0e+006 1.5e+006 -4.0e+006 
68 3200.8 45.7 2.47 0.07 19.0e+006 1.5e+006 -4.0e+006 
69 3452.6 50.1 -0.25 0.17 19.0e+006 1.5e+006 -4.0e+006 
70 3132.1 45.5 2.0 0.11 19.0e+006 1.5e+006 -4.0e+006 
71 3518.6 50.8 2.24 0.07 19.0e+006 1.5e+006 -4.0e+006 
72 3066.5 46.0 2.87 0.2 19.0e+006 1.5e+006 -4.0e+006 
73 3740.1 55.6 2.62 0.03 19.0e+006 1.5e+006 -4.0e+006 
74 3660.8 53.8 2.27 0.05 19.0e+006 1.5e+006 -4.0e+006 
75 3895.1 59.4 2.74 0.04 19.0e+006 1.5e+006 -4.0e+006 
76 3127.9 44.8 2.41 0.19 19.0e+006 1.5e+006 -4.0e+006 
77 3534.9 51.1 2.72 0.05 19.0e+006 1.5e+006 -4.0e+006 
78 3429.4 49.7 1.75 0.08 19.0e+006 1.5e+006 -4.0e+006 
79 3256.6 47.3 2.48 0.07 19.0e+006 1.5e+006 -4.0e+006 
80 3443.8 49.4 2.14 0.07 19.0e+006 1.5e+006 -4.0e+006 
81 3711.1 54.9 2.85 0.02 19.0e+006 1.5e+006 -4.0e+006 
82 4481.7 73.6 3.23 0.1 19.0e+006 1.5e+006 -4.0e+006 
83 3091.0 44.1 2.88 0.07 19.0e+006 1.5e+006 -4.0e+006 
84 4971.0 94.0 3.6 0.15 19.0e+006 1.5e+006 -4.0e+006 
86 3342.2 48.2 1.01 0.08 19.0e+006 1.5e+006 -4.0e+006 
87 3659.9 53.8 2.67 0.03 19.0e+006 1.5e+006 -4.0e+006 
88 4090.7 64.2 2.93 0.06 19.0e+006 1.5e+006 -4.0e+006 
89 3340.6 47.7 0.13 0.12 19.0e+006 1.5e+006 -4.0e+006 
90 3193.4 45.0 2.05 0.09 19.0e+006 1.5e+006 -4.0e+006 
91 3171.8 45.2 2.52 0.12 19.0e+006 1.5e+006 -4.0e+006 
92 3157.2 45.0 2.75 0.07 19.0e+006 1.5e+006 -4.0e+006 
93 3968.3 62.4 2.46 0.04 19.0e+006 1.5e+006 -4.0e+006 
94 3108.4 43.0 1.63 0.11 19.0e+006 1.5e+006 -4.0e+006 
95 3228.2 48.6 2.61 0.08 19.0e+006 1.5e+006 -4.0e+006 
96 3399.0 48.3 1.59 0.06 19.0e+006 1.5e+006 -4.0e+006 
97 3160.7 44.2 2.87 0.12 19.0e+006 1.5e+006 -4.0e+006 
98 3370.6 48.9 1.44 0.08 19.0e+006 1.5e+006 -4.0e+006 
99 3542.1 51.8 2.65 0.08 19.0e+006 1.5e+006 -4.0e+006 
100 3432.7 49.8 -0.84 0.3 19.0e+006 1.5e+006 -4.0e+006 
101 3184.7 46.2 2.43 0.07 19.0e+006 1.5e+006 -4.0e+006 
102 3090.4 43.0 2.62 0.12 19.0e+006 1.5e+006 -4.0e+006 
103 3167.9 46.4 1.21 0.12 19.0e+006 1.5e+006 -4.0e+006 
105 3341.5 48.0 1.3 0.09 19.0e+006 1.5e+006 -4.0e+006 
107 3745.9 55.8 2.73 0.03 19.0e+006 1.5e+006 -4.0e+006 
108 3092.6 43.6 2.57 0.18 19.0e+006 1.5e+006 -4.0e+006 
109 5388.0 84.0 3.66 0.1 19.0e+006 1.5e+006 -4.0e+006 
110 3681.7 54.4 2.62 0.03 19.0e+006 1.5e+006 -4.0e+006 
111 3261.9 47.7 -0.14 0.17 19.0e+006 1.5e+006 -4.0e+006 
112 3577.5 52.4 2.24 0.07 19.0e+006 1.5e+006 -4.0e+006 
113 3117.5 44.0 2.85 0.18 19.0e+006 1.5e+006 -4.0e+006 
114 3091.0 42.1 2.98 0.05 19.0e+006 1.5e+006 -4.0e+006 
115 3337.3 49.8 -1.0 0 19.0e+006 1.5e+006 -4.0e+006 
116 3259.8 48.9 2.4 0.08 19.0e+006 1.5e+006 -4.0e+006 
117 3352.7 49.6 1.64 0.11 19.0e+006 1.5e+006 -4.0e+006 
118 3305.3 48.6 -0.51 0.25 19.0e+006 1.5e+006 -4.0e+006 
