OBJECT TEFF E_TEFF LOGG E_LOGG FEH E_FEH LI1 E_LI1 "AGE (Gyr)" GES_FLD
08100355-4656113 4598.12 78.7 2.48 0.17 -0.06 0.13 0.00 0.21 0.02 gamma2_Vel
08101508-4656074 4506 86.13 2.43 0.24 -0.15 0.11 0.06 0.32 0.02 gamma2_Vel
08104751-4706259 4591 82 2.61 0.26 -0.24 0.12 0.81 0.12 0.02 gamma2_Vel
08105574-4704580 4784 81 2.66 0.16 -0.20 0.09 0.73 0.00 0.02 gamma2_Vel
08105703-4655092 5117 83 3.54 0.16 -0.11 0.09 1.09 0.00 0.02 gamma2_Vel
08110319-4652394 3914.02 62.38 4.70 0.11 0.19 0.06 -1.00 0.00 0.02 gamma2_Vel
08110403-4658057 4716 82 2.69 0.17 -0.18 0.10 0.94 0.14 0.02 gamma2_Vel
08111105-4703509 4722 81 2.77 0.18 -0.16 0.11 -0.06 0.66 0.02 gamma2_Vel
08111345-4709172 4401.25 75.37 4.64 0.10 -0.04 0.07 0.04 0.00 0.02 gamma2_Vel
08112037-4652100 4587 80 2.56 0.23 -0.20 0.13 0.56 0.00 0.02 gamma2_Vel
08112114-4654523 4533.77 90.67 2.36 0.24 -0.22 0.12 0.55 0.00 0.02 gamma2_Vel
08112836-4708259 4444.33 79.39 2.42 0.19 -0.14 0.12 0.06 0.22 0.02 gamma2_Vel
08112875-4709475 4037.23 64.35 4.65 0.10 0.08 0.03 -1.00 0.00 0.02 gamma2_Vel
08113602-4656299 4519.88 78.46 2.42 0.19 -0.03 0.09 0.62 0.00 0.02 gamma2_Vel
08114059-4653451 4778 81 3.07 0.28 -0.10 0.10 0.33 0.32 0.02 gamma2_Vel
08114064-4708453 4558 83 2.59 0.22 -0.07 0.12 0.31 0.22 0.02 gamma2_Vel
08114788-4704551 4263.6 72.35 4.72 0.10 0.05 0.07 -0.40 0.00 0.02 gamma2_Vel
08115050-4659395 4590 82 2.49 0.25 -0.21 0.12 0.60 0.16 0.02 gamma2_Vel
08115737-4705283 4090.26 66.99 4.71 0.11 -0.04 0.04 0.19 0.16 0.02 gamma2_Vel
08103648-4659502 4836 27 2.66 0.05 -0.05 0.05 -0.34 0.00 0.02 gamma2_Vel
08103782-4702584 4631 29 2.48 0.05 -0.01 0.05 0.62 0.04 0.02 gamma2_Vel
08111853-4704187 4960 30 3.26 0.05 -0.15 0.05 0.41 0.08 0.02 gamma2_Vel
08112119-4654274 6065 32 4.27 0.05 0.17 0.05 2.52 0.03 0.02 gamma2_Vel
08114979-4700130 4665 33 2.70 0.05 0.11 0.04 -0.43 0.24 0.02 gamma2_Vel
08081445-4701498 5953 33 3.95 0.05 -0.22 0.05 2.75 0.04 0.02 gamma2_Vel
08085306-4704067 6105 31 4.27 0.05 0.08 0.05 2.73 0.03 0.02 gamma2_Vel
08091875-4708534 6218 60 3.94 0.10 0.17 0.12 3.28 0.05 0.02 gamma2_Vel
08095429-4710344 4931 28 2.63 0.06 -0.29 0.05 0.23 0.00 0.02 gamma2_Vel
08095783-4701385 4936 31 2.59 0.05 -0.28 0.05 3.70 0.05 0.02 gamma2_Vel
08081215-4703592 4776 82 2.70 0.13 -0.08 0.09 -1.00 0.00 0.02 gamma2_Vel
08082948-4656598 4511 82 2.39 0.26 -0.24 0.13 0.60 0.18 0.02 gamma2_Vel
08085219-4711004 4779 82 2.68 0.21 -0.14 0.11 0.50 0.16 0.02 gamma2_Vel
08085509-4708362 4069.49 64.73 1.79 0.26 -0.07 0.02 -0.29 0.14 0.02 gamma2_Vel
08090039-4709300 4625 86 2.60 0.22 -0.30 0.11 0.41 0.00 0.02 gamma2_Vel
08090679-4652105 4519 81 2.46 0.20 -0.18 0.11 -0.17 0.34 0.02 gamma2_Vel
08091107-4654060 4484 83 2.30 0.22 -0.27 0.09 -0.22 0.45 0.02 gamma2_Vel
08092139-4657095 3926.91 60.24 4.63 0.08 -0.19 0.03 0.21 0.13 0.02 gamma2_Vel
08092630-4703410 4702 81 2.66 0.31 -0.21 0.13 0.82 0.20 0.02 gamma2_Vel
08093782-4704373 4670 84 2.58 0.22 -0.21 0.11 0.66 0.00 0.02 gamma2_Vel
08093832-4702312 4497.8 80.84 2.31 0.21 -0.24 0.10 0.50 0.16 0.02 gamma2_Vel
08094687-4708478 4607 81 2.53 0.17 -0.07 0.09 0.17 0.16 0.02 gamma2_Vel
08095155-4657029 4446.88 86.53 1.89 0.21 -0.40 0.12 0.16 0.22 0.02 gamma2_Vel
08095284-4659518 4875 81 2.93 0.25 -0.09 0.08 0.22 0.79 0.02 gamma2_Vel
08095355-4707554 4716 82 2.63 0.21 -0.18 0.10 -0.16 0.48 0.02 gamma2_Vel
08095823-4658198 4571.41 83.97 2.28 0.39 -0.26 0.16 0.61 0.00 0.02 gamma2_Vel
08100341-4706041 4431.57 74.46 2.32 0.18 -0.19 0.10 -0.19 0.21 0.02 gamma2_Vel
08101786-4703188 4438.27 80.97 2.33 0.22 -0.26 0.11 -0.01 0.24 0.02 gamma2_Vel
08064265-4703190 4450.84 75.92 2.21 0.20 -0.24 0.10 -0.36 0.33 0.02 gamma2_Vel
08065376-4658294 4595 81 2.62 0.17 -0.02 0.07 0.22 0.15 0.02 gamma2_Vel
08070164-4703343 4048.3 66.78 4.68 0.11 -0.21 0.06 -0.42 0.46 0.02 gamma2_Vel
08070184-4652549 4123.22 67.24 4.76 0.10 0.11 0.03 -0.42 0.54 0.02 gamma2_Vel
08070309-4705198 4070.21 65.89 4.57 0.10 0.07 0.04 -1.00 0.00 0.02 gamma2_Vel
08070943-4702194 4567.83 85.08 1.97 0.19 -0.41 0.11 0.28 0.19 0.02 gamma2_Vel
08070988-4707448 4595 81 2.54 0.20 -0.11 0.11 0.39 0.14 0.02 gamma2_Vel
08071142-4657325 4611 82 2.72 0.20 -0.02 0.09 0.79 0.00 0.02 gamma2_Vel
08071233-4659264 3966.05 61.66 4.49 0.09 -0.03 0.03 0.71 0.09 0.02 gamma2_Vel
08071603-4700080 4475.79 77.15 1.93 0.17 -0.39 0.10 0.29 0.00 0.02 gamma2_Vel
08071682-4655235 3854.94 59.87 4.74 0.11 -0.45 0.11 0.26 0.14 0.02 gamma2_Vel
08072292-4655555 4008.92 62.2 4.67 0.11 0.03 0.02 3.16 0.05 0.02 gamma2_Vel
08072582-4654462 4597.67 81.45 2.16 0.31 -0.38 0.13 0.22 0.17 0.02 gamma2_Vel
08072777-4657433 4321.62 70.76 4.64 0.08 0.07 0.06 -0.56 0.47 0.02 gamma2_Vel
08073161-4708016 4657 85 2.56 0.20 -0.22 0.10 -0.17 0.29 0.02 gamma2_Vel
08075141-4658394 4535.83 77.2 2.26 0.19 -0.35 0.10 0.43 0.00 0.02 gamma2_Vel
08075561-4655059 4673 81 2.65 0.11 -0.07 0.09 0.06 0.22 0.02 gamma2_Vel
08075956-4657304 4579.68 79.93 2.48 0.19 -0.03 0.09 0.27 0.16 0.02 gamma2_Vel
08081010-4658053 4627 85 2.84 0.11 0.03 0.08 -1.00 0.00 0.02 gamma2_Vel
08081027-4705319 4445.69 77.52 2.34 0.21 -0.19 0.12 0.09 0.19 0.02 gamma2_Vel
08082138-4701422 4201.17 67.27 1.77 0.15 -0.25 0.12 0.38 0.15 0.02 gamma2_Vel
08082619-4658483 4567 82 2.45 0.19 -0.35 0.11 -0.34 0.45 0.02 gamma2_Vel
08083192-4704002 4847 83 2.86 0.13 -0.07 0.07 0.35 0.22 0.02 gamma2_Vel
08083414-4703445 3990.28 62.3 4.57 0.09 -0.02 0.03 -0.90 0.35 0.02 gamma2_Vel
08064772-4659492 5714 30 4.17 0.05 -0.02 0.05 1.02 0.00 0.02 gamma2_Vel
08065592-4704528 4470 31 2.50 0.05 0.10 0.05 -0.30 0.11 0.02 gamma2_Vel
08071937-4710143 4503 30 2.39 0.06 -0.03 0.05 -0.22 0.10 0.02 gamma2_Vel
08075167-4706085 4544 30 2.65 0.05 0.14 0.05 -0.34 0.12 0.02 gamma2_Vel
08080053-4702145 5700 31 4.46 0.05 -0.04 0.05 2.18 0.04 0.02 gamma2_Vel
08102707-4656221 4523 83 2.32 0.27 -0.18 0.16 0.54 0.00 0.02 gamma2_Vel
08102899-4654434 4445.94 74.65 1.93 0.16 -0.35 0.10 0.21 0.00 0.02 gamma2_Vel
08103101-4704056 4662 86 2.56 0.20 -0.18 0.10 -0.76 0.46 0.02 gamma2_Vel
08103171-4704161 4841 81 2.76 0.13 -0.02 0.07 0.30 0.21 0.02 gamma2_Vel
08103328-4656196 4792 81 2.69 0.14 -0.12 0.09 0.75 0.00 0.02 gamma2_Vel
08103379-4656471 5915 82 4.21 0.11 -0.06 0.10 2.57 0.08 0.02 gamma2_Vel
08103890-4707124 4228.71 69.31 1.81 0.17 -0.23 0.12 0.07 0.22 0.02 gamma2_Vel
08104067-4655470 6108 82 4.28 0.11 0.04 0.07 3.41 0.07 0.02 gamma2_Vel
08104261-4653382 5692 82 4.08 0.15 0.02 0.10 1.88 0.09 0.02 gamma2_Vel
08104620-4705396 4789 83 2.64 0.24 -0.15 0.11 0.75 0.00 0.02 gamma2_Vel
08105647-4656329 6405 80 4.17 0.10 0.18 0.08 1.46 0.42 0.02 gamma2_Vel
08110241-4712555 4556 82 2.48 0.18 -0.09 0.12 0.85 0.12 0.02 gamma2_Vel
08110504-4652299 4800 80 2.72 0.14 -0.08 0.09 0.01 0.44 0.02 gamma2_Vel
08110843-4703243 4402.29 75.1 1.99 0.23 -0.26 0.12 0.69 0.13 0.02 gamma2_Vel
08110849-4658146 7247 94 4.15 0.13 -0.02 0.11 3.32 0.07 0.02 gamma2_Vel
08111135-4655454 4462.91 76.4 2.06 0.24 -0.32 0.10 0.48 0.14 0.02 gamma2_Vel
08111198-4700100 4711 81 2.70 0.16 -0.15 0.11 0.82 0.00 0.02 gamma2_Vel
08111362-4653542 5943 82 4.10 0.14 -0.25 0.08 2.45 0.07 0.02 gamma2_Vel
08111467-4659062 4837 82 2.89 0.14 -0.08 0.09 0.47 0.16 0.02 gamma2_Vel
08111666-4659318 4571 81 2.49 0.18 -0.04 0.08 0.27 0.15 0.02 gamma2_Vel
08111877-4710195 4718 83 2.65 0.15 -0.06 0.10 0.70 0.00 0.02 gamma2_Vel
08112006-4709209 4541.12 76.62 2.10 0.21 -0.31 0.10 -0.43 0.43 0.02 gamma2_Vel
08112193-4653343 4678 83 2.65 0.13 -0.07 0.10 1.17 0.14 0.02 gamma2_Vel
08112210-4659299 4781 82 4.41 0.20 0.09 0.06 0.56 0.12 0.02 gamma2_Vel
08112238-4652168 6262 83 4.03 0.12 -0.04 0.08 2.92 0.07 0.02 gamma2_Vel
08112431-4711176 4654 84 4.31 0.31 0.17 0.07 0.30 0.15 0.02 gamma2_Vel
08112485-4652181 4650 82 2.58 0.16 -0.06 0.09 0.80 0.00 0.02 gamma2_Vel
08112702-4657438 4642 81 2.54 0.18 -0.03 0.08 0.18 0.19 0.02 gamma2_Vel
08113128-4652297 5808 81 4.42 0.12 0.22 0.06 1.68 0.10 0.02 gamma2_Vel
08113254-4711333 5727 83 4.17 0.14 -0.48 0.08 1.36 0.20 0.02 gamma2_Vel
08113270-4701132 4522 78 2.45 0.19 -0.06 0.11 -0.78 0.48 0.02 gamma2_Vel
08113606-4705323 6364 84 4.13 0.10 0.07 0.08 2.01 0.11 0.02 gamma2_Vel
08113963-4702371 4509.19 78.31 2.27 0.33 -0.38 0.13 0.38 0.14 0.02 gamma2_Vel
08114058-4655574 6314 77 4.00 0.10 -0.11 0.09 2.90 0.06 0.02 gamma2_Vel
08114373-4705023 4587.61 85.21 2.56 0.22 -0.02 0.10 0.75 0.00 0.02 gamma2_Vel
08114595-4702353 4245.89 69.2 4.64 0.09 0.06 0.07 0.13 0.19 0.02 gamma2_Vel
08114909-4705100 4553 82 2.49 0.20 -0.22 0.10 0.09 0.19 0.02 gamma2_Vel
08115098-4651540 4682 81 2.54 0.18 0.02 0.07 0.66 0.15 0.02 gamma2_Vel
08115105-4707386 5772 83 4.37 0.13 0.21 0.06 2.24 0.08 0.02 gamma2_Vel
08115447-4700164 5677 81 4.25 0.14 -0.13 0.09 1.27 0.17 0.02 gamma2_Vel
08115484-4702217 4501 81 4.79 0.10 -0.09 0.08 -0.31 0.41 0.02 gamma2_Vel
08115562-4701388 4592 83 2.53 0.17 -0.11 0.11 0.67 0.00 0.02 gamma2_Vel
08115586-4657472 4175.43 66.21 1.81 0.15 -0.09 0.01 -0.35 0.16 0.02 gamma2_Vel
08115704-4659426 4623 83 2.55 0.19 -0.04 0.09 0.51 0.14 0.02 gamma2_Vel
08115781-4702205 4788 83 2.90 0.21 -0.03 0.07 0.98 0.12 0.02 gamma2_Vel
08120116-4702107 4778 83 2.65 0.23 -0.07 0.10 0.91 0.00 0.02 gamma2_Vel
08120127-4654045 6210 81 4.08 0.13 -0.06 0.08 2.34 0.08 0.02 gamma2_Vel
08120128-4653030 4641 81 2.61 0.11 -0.08 0.10 0.73 0.00 0.02 gamma2_Vel
08120474-4706108 4569.68 83.09 2.49 0.19 -0.13 0.13 0.51 0.00 0.02 gamma2_Vel
08111229-4704491 4723 31 2.63 0.05 -0.38 0.05 0.11 0.09 0.02 gamma2_Vel
08115451-4655430 6525 39 3.99 0.07 -0.04 0.05 1.93 0.05 0.02 gamma2_Vel
08095964-4714441 4851 81 2.93 0.16 -0.13 0.09 0.79 0.13 0.02 gamma2_Vel
08100408-4722341 4590.22 78.47 2.45 0.18 -0.25 0.12 -0.18 0.28 0.02 gamma2_Vel
08100979-4723379 4601 80 2.50 0.17 -0.12 0.12 0.68 0.00 0.02 gamma2_Vel
08101859-4719367 4555.67 79.43 2.36 0.20 -0.26 0.09 0.64 0.12 0.02 gamma2_Vel
08102429-4715177 6975 98 3.55 0.67 -0.91 0.44 3.33 0.14 0.02 gamma2_Vel
08103297-4715175 4759 84 2.67 0.13 -0.18 0.11 0.09 0.25 0.02 gamma2_Vel
08104090-4713015 4643 83 2.55 0.24 -0.31 0.11 0.22 0.00 0.02 gamma2_Vel
08104135-4719047 4587 81 2.59 0.12 -0.08 0.09 -0.11 0.23 0.02 gamma2_Vel
08104172-4711481 4635 82 2.59 0.20 -0.13 0.12 0.50 0.16 0.02 gamma2_Vel
08104268-4714349 4525.78 84.63 2.24 0.27 -0.31 0.10 0.18 0.00 0.02 gamma2_Vel
08105380-4722425 4154.14 66.12 1.76 0.15 -0.21 0.02 -0.73 0.28 0.02 gamma2_Vel
08105597-4714184 4793 81 2.71 0.26 -0.18 0.12 0.81 0.16 0.02 gamma2_Vel
08105996-4717226 4692 81 2.56 0.21 -0.15 0.12 0.68 0.15 0.02 gamma2_Vel
08110519-4728308 4491.03 74.69 2.60 0.09 0.12 0.07 0.21 0.14 0.02 gamma2_Vel
08111700-4716338 4031.9 65.96 4.62 0.10 -0.15 0.06 -0.40 0.44 0.02 gamma2_Vel
08112790-4717291 4862 83 2.76 0.23 -0.12 0.07 0.94 0.00 0.02 gamma2_Vel
08112900-4720271 4435.08 74.22 2.14 0.19 -0.22 0.12 -0.31 0.25 0.02 gamma2_Vel
08113585-4722573 4584 85 2.57 0.13 0.01 0.08 0.13 0.20 0.02 gamma2_Vel
08114056-4722239 4635 82 2.57 0.18 -0.10 0.12 0.75 0.00 0.02 gamma2_Vel
08114538-4726422 4575 83 2.52 0.23 -0.19 0.13 0.46 0.17 0.02 gamma2_Vel
08104495-4723015 4773 30 2.57 0.05 -0.10 0.17 -0.47 0.00 0.02 gamma2_Vel
08090493-4717425 4500.09 80.08 2.04 0.24 -0.37 0.11 0.16 0.19 0.02 gamma2_Vel
08090819-4721081 4521.52 76.43 1.99 0.15 -0.35 0.10 -0.79 0.38 0.02 gamma2_Vel
08092015-4717309 3932.16 61.31 4.68 0.10 -0.03 0.04 -0.08 0.25 0.02 gamma2_Vel
08092546-4725396 4154.17 65.79 4.77 0.07 0.22 0.01 -0.72 0.50 0.02 gamma2_Vel
08093186-4728542 4466.73 79.36 1.90 0.18 -0.41 0.11 0.56 0.14 0.02 gamma2_Vel
08093675-4714276 4623 83 2.48 0.21 -0.32 0.11 1.01 0.13 0.02 gamma2_Vel
08093894-4717051 4492.6 85.04 2.31 0.23 -0.20 0.14 -0.14 0.48 0.02 gamma2_Vel
08094345-4714196 4663 83 2.57 0.26 -0.31 0.12 0.62 0.00 0.02 gamma2_Vel
08095203-4715417 3837.02 59.22 4.59 0.10 -0.31 0.10 0.32 0.13 0.02 gamma2_Vel
08095396-4729589 4565 85 2.51 0.15 -0.09 0.09 -1.00 0.00 0.02 gamma2_Vel
08104301-4722363 4534 83 2.71 0.13 0.01 0.11 0.26 0.19 0.02 gamma2_Vel
08091397-4722030 4514 30 2.20 0.05 -0.07 0.05 1.13 0.04 0.02 gamma2_Vel
08101201-4720464 6319 31 3.99 0.06 -0.51 0.05 0.93 0.00 0.02 gamma2_Vel
08064509-4719414 4568.62 79.34 2.33 0.21 -0.29 0.09 -0.35 0.47 0.02 gamma2_Vel
08064972-4716144 4575 83 2.32 0.38 -0.43 0.15 0.19 0.26 0.02 gamma2_Vel
08065411-4719194 4522 81 2.47 0.18 -0.12 0.10 0.22 0.15 0.02 gamma2_Vel
08070215-4716156 3837.99 60.43 4.70 0.12 -0.34 0.13 0.15 0.17 0.02 gamma2_Vel
08070328-4722546 4499.35 79.17 2.63 0.12 0.06 0.09 -0.05 0.28 0.02 gamma2_Vel
08070846-4725464 4542 82 2.44 0.22 -0.30 0.11 0.33 0.15 0.02 gamma2_Vel
08071617-4715126 4550 82 2.46 0.19 -0.15 0.11 -0.08 0.22 0.02 gamma2_Vel
08071788-4724040 4762 81 2.75 0.19 -0.23 0.10 0.66 0.00 0.02 gamma2_Vel
08073178-4724258 3991.3 62.01 4.60 0.08 0.02 0.02 -0.19 0.29 0.02 gamma2_Vel
08073978-4714129 4602 81 2.51 0.19 -0.12 0.09 0.21 0.15 0.02 gamma2_Vel
08074266-4715386 3886.87 59.39 4.48 0.09 0.10 0.03 -0.06 0.23 0.02 gamma2_Vel
08074900-4719027 4562.7 84.48 2.20 0.33 -0.44 0.12 0.21 0.20 0.02 gamma2_Vel
08081029-4718178 4503 81 2.45 0.20 -0.12 0.12 -0.17 0.31 0.02 gamma2_Vel
08081302-4722228 4426.3 77.61 1.91 0.23 -0.41 0.11 0.06 0.19 0.02 gamma2_Vel
08081544-4726285 4322.15 71.1 4.71 0.09 0.08 0.06 -1.00 0.00 0.02 gamma2_Vel
08081920-4716505 4590 81 2.40 0.34 -0.37 0.14 0.57 0.13 0.02 gamma2_Vel
08082641-4728511 4585 84 2.50 0.18 -0.18 0.12 -0.23 0.27 0.02 gamma2_Vel
08083966-4717093 4584 82 2.42 0.19 -0.38 0.11 0.35 0.13 0.02 gamma2_Vel
08084223-4726299 4920 83 3.18 0.29 0.05 0.07 0.89 0.14 0.02 gamma2_Vel
08085400-4717236 3938.95 60.67 4.42 0.08 -0.03 0.03 2.83 0.03 0.02 gamma2_Vel
08085439-4725176 4586 82 2.47 0.21 -0.24 0.11 0.63 0.12 0.02 gamma2_Vel
08085702-4720151 3873.52 63.44 1.67 0.45 -0.14 0.04 0.25 0.13 0.02 gamma2_Vel
08070717-4721463 5087 31 2.76 0.05 0.13 0.17 1.60 0.04 0.02 gamma2_Vel
08071363-4725156 5799 32 4.34 0.05 -0.06 0.17 2.16 0.03 0.02 gamma2_Vel
08073447-4716569 5916 31 4.27 0.05 0.14 0.17 2.51 0.03 0.02 gamma2_Vel
08074019-4730403 5035 30 3.61 0.05 -0.12 0.17 1.04 0.03 0.02 gamma2_Vel
08080431-4716272 5186 30 4.50 0.05 -0.07 0.17 0.45 0.00 0.02 gamma2_Vel
08083232-4722553 4571 32 2.52 0.05 0.23 0.17 -1.00 0.00 0.02 gamma2_Vel
08081645-4702264 6547 84 4.12 0.10 -0.05 0.10 1.77 0.18 0.02 gamma2_Vel
08082394-4709166 5732 83 4.37 0.13 0.10 0.06 3.32 0.08 0.02 gamma2_Vel
08082803-4656008 6463 84 4.18 0.14 -0.22 0.13 1.81 0.00 0.02 gamma2_Vel
08082819-4706243 5596 83 4.24 0.15 -0.04 0.12 2.16 0.08 0.02 gamma2_Vel
08083772-4703454 4766 82 2.73 0.15 -0.14 0.11 0.86 0.00 0.02 gamma2_Vel
08084304-4654513 6039 82 4.37 0.11 0.30 0.06 1.46 0.22 0.02 gamma2_Vel
08084464-4707197 4374.98 73.64 4.61 0.10 -0.01 0.07 -0.58 0.50 0.02 gamma2_Vel
08085000-4658374 6284 82 4.00 0.13 -0.23 0.09 2.02 0.13 0.02 gamma2_Vel
08085128-4701428 4748 81 2.61 0.20 -0.04 0.07 0.88 0.00 0.02 gamma2_Vel
08085245-4655441 4496.34 74.47 2.58 0.10 0.13 0.06 0.34 0.13 0.02 gamma2_Vel
08085268-4710381 7022 97 3.96 0.11 0.08 0.08 2.51 0.13 0.02 gamma2_Vel
08085856-4704343 4867 83 4.60 0.16 0.02 0.07 0.17 0.75 0.02 gamma2_Vel
08085946-4709571 4005.87 63.27 0.97 0.21 0.11 0.02 -0.52 0.26 0.02 gamma2_Vel
08093367-4652265 4642 83 2.61 0.21 -0.16 0.12 0.71 0.00 0.02 gamma2_Vel
08094028-4654111 3892.41 62.17 1.37 0.27 -0.10 0.03 -1.00 0.00 0.02 gamma2_Vel
08094182-4703145 4477.14 77.29 2.04 0.16 -0.28 0.14 0.48 0.00 0.02 gamma2_Vel
08094884-4703530 4020.55 63.41 1.54 0.20 0.07 0.02 -0.34 0.15 0.02 gamma2_Vel
08101610-4658333 5367 80 4.29 0.15 0.04 0.09 0.96 0.69 0.02 gamma2_Vel
08101745-4705411 4445.3 82.53 4.73 0.13 -0.03 0.08 -0.14 0.51 0.02 gamma2_Vel
08102135-4701381 4770 82 2.61 0.22 -0.12 0.11 0.10 0.39 0.02 gamma2_Vel
08085455-4700053 4834 30 2.39 0.05 -0.48 0.05 -1.00 0.00 0.02 gamma2_Vel
08085599-4659333 5010 30 2.78 0.05 0.03 0.05 -1.00 0.00 0.02 gamma2_Vel
08101782-4741494 4828 83 2.69 0.21 -0.28 0.08 0.62 0.00 0.02 gamma2_Vel
08101923-4734111 4430.63 73.41 4.74 0.08 -0.08 0.08 -0.12 0.00 0.02 gamma2_Vel
08102438-4735264 4949 81 3.02 0.27 -0.06 0.07 0.79 0.16 0.02 gamma2_Vel
08103670-4745404 4645 82 2.65 0.19 -0.10 0.10 0.69 0.00 0.02 gamma2_Vel
08103912-4744052 4463 79 2.38 0.20 -0.29 0.09 0.80 0.13 0.02 gamma2_Vel
08104510-4741432 3812.84 59.22 4.56 0.10 -0.07 0.11 -0.28 0.33 0.02 gamma2_Vel
08105785-4732051 4610 82 2.58 0.17 -0.12 0.09 0.41 0.14 0.02 gamma2_Vel
08110335-4742214 4230.26 70.09 1.78 0.17 -0.34 0.11 -0.33 0.28 0.02 gamma2_Vel
08110799-4734217 4110.55 64.89 4.63 0.07 0.04 0.02 0.04 0.07 0.02 gamma2_Vel
08110963-4738540 4693 82 2.47 0.34 -0.24 0.16 0.31 0.19 0.02 gamma2_Vel
08111383-4732503 4953 83 3.07 0.27 -0.02 0.08 0.63 0.19 0.02 gamma2_Vel
08111743-4743014 4884 83 2.94 0.30 -0.22 0.11 0.32 0.31 0.02 gamma2_Vel
08112383-4739074 4614 83 2.46 0.22 -0.14 0.10 2.38 0.14 0.02 gamma2_Vel
08112543-4735057 4650 81 2.65 0.16 -0.21 0.10 0.30 0.20 0.02 gamma2_Vel
08112821-4747057 4925 81 2.95 0.31 -0.19 0.13 0.99 0.00 0.02 gamma2_Vel
08113092-4742285 4541 82 2.43 0.34 -0.31 0.14 0.05 0.21 0.02 gamma2_Vel
08113205-4747213 4528.47 80.65 2.42 0.21 -0.01 0.11 0.65 0.00 0.02 gamma2_Vel
08114831-4736476 3833.88 58.63 4.55 0.10 -0.29 0.08 0.12 0.16 0.02 gamma2_Vel
08115175-4744118 4515.32 94.57 2.44 0.25 -0.08 0.12 0.71 0.00 0.02 gamma2_Vel
08115363-4734096 4839 82 2.63 0.43 -0.06 0.13 0.80 0.00 0.02 gamma2_Vel
08120059-4730425 4414.16 74.48 1.88 0.16 -0.40 0.11 -0.29 0.22 0.02 gamma2_Vel
08101160-4737555 4320 29 1.66 0.06 -0.36 0.17 -0.74 0.19 0.02 gamma2_Vel
08105180-4746394 4902 29 2.71 0.05 -0.20 0.05 -1.00 0.00 0.02 gamma2_Vel
08112306-4733019 4589 27 2.53 0.06 0.09 0.05 -0.23 0.11 0.02 gamma2_Vel
08112313-4737105 4921 30 4.45 0.05 0.11 0.05 0.99 0.05 0.02 gamma2_Vel
08082282-4732033 3939.94 60.91 4.58 0.08 -0.14 0.04 0.25 0.14 0.02 gamma2_Vel
08084142-4730035 4531.13 77.25 1.96 0.16 -0.41 0.10 -0.17 0.23 0.02 gamma2_Vel
08084651-4734447 4609 81 2.62 0.18 -0.23 0.12 -0.05 0.22 0.02 gamma2_Vel
08084996-4736435 4586 84 2.34 0.33 -0.44 0.13 0.44 0.00 0.02 gamma2_Vel
08085810-4732507 4611 83 2.54 0.17 -0.14 0.10 -0.25 0.46 0.02 gamma2_Vel
08090208-4734554 4705 81 2.59 0.22 -0.23 0.11 -0.01 0.39 0.02 gamma2_Vel
08090909-4744540 3894.42 60.98 4.53 0.10 -0.17 0.08 -0.03 0.22 0.02 gamma2_Vel
08090983-4727549 4389.86 73.05 4.76 0.09 0.09 0.07 -0.05 0.00 0.02 gamma2_Vel
08091746-4741422 3864.93 59.19 4.69 0.09 0.10 0.04 -0.92 0.41 0.02 gamma2_Vel
08092751-4747219 4541 81 2.60 0.12 0.04 0.08 0.59 0.14 0.02 gamma2_Vel
08093874-4742045 4721 80 2.66 0.27 -0.12 0.10 3.35 0.14 0.02 gamma2_Vel
08093983-4737212 4057.54 64.26 1.68 0.15 -0.04 0.02 -0.20 0.12 0.02 gamma2_Vel
08083759-4736060 6048 31 3.79 0.05 -0.28 0.17 2.46 0.02 0.02 gamma2_Vel
08083990-4741513 5682 31 4.22 0.05 -0.34 0.17 1.64 0.04 0.02 gamma2_Vel
08090542-4740261 5067 53 2.72 0.09 0.14 0.17 0.07 0.00 0.02 gamma2_Vel
08093304-4737066 5616 32 4.26 0.05 -0.15 0.17 3.61 0.04 0.02 gamma2_Vel
08064098-4731259 4490.84 77.23 2.64 0.14 0.00 0.08 -0.32 0.40 0.02 gamma2_Vel
08065420-4735127 4576 83 2.34 0.36 -0.44 0.14 0.44 0.00 0.02 gamma2_Vel
08070243-4737589 4558.2 80.07 2.57 0.13 0.02 0.08 0.60 0.13 0.02 gamma2_Vel
08071377-4735166 4754 81 2.60 0.20 -0.14 0.10 -0.38 0.60 0.02 gamma2_Vel
08072340-4741482 4597.47 80.99 2.35 0.20 -0.23 0.11 0.60 0.12 0.02 gamma2_Vel
08074342-4737517 4593.52 78.79 2.51 0.11 0.05 0.07 0.46 0.13 0.02 gamma2_Vel
08070521-4734401 5586 32 4.22 0.05 0.25 0.05 0.84 0.00 0.02 gamma2_Vel
08071383-4736156 4344 30 1.82 0.06 -0.07 0.05 -0.13 0.05 0.02 gamma2_Vel
08073209-4746433 6070 32 4.19 0.05 0.03 0.05 2.46 0.02 0.02 gamma2_Vel
08074671-4658173 4637 31 2.53 0.05 0.24 0.17 0.17 0.11 0.02 gamma2_Vel
08064498-4706095 4546 83 2.45 0.21 -0.13 0.11 -0.12 0.23 0.02 gamma2_Vel
08065422-4708484 4693 80 2.51 0.35 -0.14 0.16 -0.12 0.65 0.02 gamma2_Vel
08065968-4712149 6168 81 4.21 0.14 -0.12 0.08 2.56 0.07 0.02 gamma2_Vel
08070165-4655570 6075 80 4.06 0.16 -0.03 0.08 2.68 0.06 0.02 gamma2_Vel
08070240-4704300 5854 83 4.20 0.19 -0.11 0.11 2.37 0.08 0.02 gamma2_Vel
08070844-4712290 6067 84 4.19 0.11 0.28 0.06 1.61 0.15 0.02 gamma2_Vel
08071240-4705115 4609 80 2.41 0.35 -0.37 0.14 0.33 0.00 0.02 gamma2_Vel
08071271-4708276 4626 82 2.61 0.09 0.01 0.07 0.01 0.15 0.02 gamma2_Vel
08071405-4656309 4505.1 80.22 2.36 0.20 -0.01 0.11 -0.48 0.50 0.02 gamma2_Vel
08071427-4706532 3958.97 62.4 1.49 0.27 0.14 0.02 -1.00 0.00 0.02 gamma2_Vel
08072123-4655177 4269.96 75.2 1.77 0.19 -0.32 0.13 -0.25 0.22 0.02 gamma2_Vel
08072225-4706599 4728 81 2.69 0.15 0.01 0.08 0.97 0.00 0.02 gamma2_Vel
08072565-4656260 4008.19 64.9 1.66 0.31 0.15 0.03 -1.00 0.00 0.02 gamma2_Vel
08072639-4655181 4504 81 2.38 0.22 -0.17 0.11 0.94 0.13 0.02 gamma2_Vel
08073093-4659051 4293.15 69.55 1.94 0.15 -0.15 0.15 -0.44 0.19 0.02 gamma2_Vel
08073409-4700411 4422.3 77.41 2.40 0.19 0.12 0.07 0.19 0.18 0.02 gamma2_Vel
08073487-4658279 5258 83 4.23 0.26 0.03 0.08 2.06 0.10 0.02 gamma2_Vel
08073674-4707347 4595 83 2.42 0.32 -0.27 0.15 0.45 0.00 0.02 gamma2_Vel
08073697-4711044 4738 82 2.76 0.15 -0.15 0.09 -0.70 0.57 0.02 gamma2_Vel
08074449-4659298 4259.94 71.9 1.83 0.18 -0.24 0.11 -0.64 0.38 0.02 gamma2_Vel
08074754-4707321 4578.35 78.55 2.48 0.18 -0.10 0.12 0.22 0.15 0.02 gamma2_Vel
08074838-4702588 4471.55 76.12 2.29 0.20 -0.22 0.12 0.42 0.14 0.02 gamma2_Vel
08074992-4710580 5875 81 4.23 0.13 -0.03 0.09 2.46 0.07 0.02 gamma2_Vel
08075290-4656036 6749 81 4.17 0.13 -0.11 0.12 1.81 0.00 0.02 gamma2_Vel
08075927-4702559 4179.62 70.54 1.78 0.18 -0.25 0.03 -0.67 0.39 0.02 gamma2_Vel
08075969-4657162 4556 83 2.32 0.32 -0.37 0.12 -0.34 0.50 0.02 gamma2_Vel
08080021-4702491 5112 83 3.53 0.13 -0.14 0.09 1.32 0.10 0.02 gamma2_Vel
08080228-4709227 4605 82 2.58 0.13 -0.01 0.07 0.75 0.00 0.02 gamma2_Vel
08080673-4703323 3937.84 61.37 4.74 0.09 -0.02 0.04 -0.06 0.24 0.02 gamma2_Vel
08105895-4725009 4708 84 2.77 0.14 0.02 0.07 0.84 0.00 0.02 gamma2_Vel
08110042-4732281 4598 82 2.61 0.14 -0.06 0.09 0.72 0.00 0.02 gamma2_Vel
08111130-4722129 4511.26 74.61 2.40 0.18 -0.01 0.09 2.06 0.12 0.02 gamma2_Vel
08111277-4729236 4465.3 77.78 2.13 0.24 -0.34 0.09 0.71 0.14 0.02 gamma2_Vel
08112077-4719208 4537 83 2.45 0.18 -0.21 0.10 -0.18 0.22 0.02 gamma2_Vel
08112514-4720330 7036 99 4.10 0.16 -0.04 0.14 2.53 0.10 0.02 gamma2_Vel
08113046-4715554 4701 82 2.59 0.18 -0.09 0.10 0.84 0.14 0.02 gamma2_Vel
08113284-4721004 4849 83 2.69 0.42 -0.15 0.16 -0.59 0.64 0.02 gamma2_Vel
08113304-4723186 6246 82 4.23 0.13 -0.03 0.08 1.89 0.11 0.02 gamma2_Vel
08114296-4717582 5771 82 3.82 0.11 -0.32 0.09 1.12 0.17 0.02 gamma2_Vel
08114426-4723223 3929.15 60.61 1.48 0.17 -0.05 0.02 0.28 0.11 0.02 gamma2_Vel
08114510-4718487 6245 81 4.21 0.14 0.02 0.08 1.84 0.00 0.02 gamma2_Vel
08114705-4721543 6683 83 4.27 0.16 0.03 0.11 2.52 0.15 0.02 gamma2_Vel
08120368-4730364 4542.02 83.43 2.53 0.15 0.06 0.09 0.78 0.00 0.02 gamma2_Vel
08120840-4717374 5968 81 4.34 0.10 0.02 0.09 1.36 0.18 0.02 gamma2_Vel
08114116-4720345 4923 31 2.67 0.05 0.12 0.05 0.08 0.00 0.02 gamma2_Vel
08085160-4720529 4804 82 2.64 0.24 -0.16 0.12 0.86 0.00 0.02 gamma2_Vel
08085239-4727170 4908 79 4.60 0.13 -0.07 0.07 0.74 0.00 0.02 gamma2_Vel
08085678-4719079 4712 84 2.59 0.17 -0.06 0.10 0.82 0.00 0.02 gamma2_Vel
08085966-4718298 4777 81 2.76 0.16 -0.18 0.10 0.07 0.50 0.02 gamma2_Vel
08090495-4717512 4457.79 73.44 2.15 0.15 -0.24 0.13 -0.06 0.16 0.02 gamma2_Vel
08090509-4721490 6690 82 4.12 0.10 -0.03 0.09 3.36 0.06 0.02 gamma2_Vel
08091375-4727388 4738 81 2.59 0.18 -0.11 0.11 0.68 0.14 0.02 gamma2_Vel
08091973-4718118 4752 82 2.64 0.17 -0.12 0.10 -0.57 0.62 0.02 gamma2_Vel
08092052-4730344 6149 81 4.28 0.12 -0.08 0.11 2.32 0.08 0.02 gamma2_Vel
08092665-4720398 4774 83 2.83 0.17 -0.05 0.09 -0.02 0.70 0.02 gamma2_Vel
08093920-4721387 5357 81 4.05 0.20 0.09 0.08 3.63 0.10 0.02 gamma2_Vel
08094939-4725072 6106 83 4.06 0.14 -0.17 0.12 2.49 0.07 0.02 gamma2_Vel
08095750-4715287 4734 83 2.69 0.21 -0.08 0.10 1.19 0.13 0.02 gamma2_Vel
08100002-4713309 4796 81 2.66 0.18 -0.12 0.10 0.89 0.11 0.02 gamma2_Vel
08100311-4713178 4576.27 81.18 2.53 0.14 0.06 0.08 0.23 0.19 0.02 gamma2_Vel
08100589-4715074 4763 83 2.68 0.14 -0.11 0.09 0.89 0.00 0.02 gamma2_Vel
08100600-4713273 4520.82 83.57 2.50 0.22 -0.15 0.11 0.63 0.00 0.02 gamma2_Vel
08100813-4717566 4666 82 2.64 0.15 0.03 0.08 -0.05 0.37 0.02 gamma2_Vel
08100833-4712458 6726 83 4.13 0.12 0.00 0.10 2.35 0.13 0.02 gamma2_Vel
08101337-4727547 4139.67 64.99 1.95 0.36 0.06 0.01 0.07 0.17 0.02 gamma2_Vel
08101652-4711333 4181.47 73.02 4.54 0.11 0.15 0.04 -0.01 0.35 0.02 gamma2_Vel
08101751-4730320 4525.24 74.23 2.38 0.15 -0.08 0.11 -0.50 0.29 0.02 gamma2_Vel
08101890-4713018 4655 82 2.59 0.28 -0.21 0.11 0.52 0.23 0.02 gamma2_Vel
08103274-4722479 4560.5 78.43 2.43 0.18 -0.12 0.10 1.42 0.12 0.02 gamma2_Vel
08103511-4729559 5931 78 4.30 0.12 0.14 0.08 1.29 0.16 0.02 gamma2_Vel
08103733-4728518 6281 83 4.29 0.12 0.01 0.07 1.37 0.24 0.02 gamma2_Vel
08104602-4721380 5619 83 4.51 0.13 -0.07 0.08 1.77 0.10 0.02 gamma2_Vel
08095427-4721419 5837 34 4.39 0.05 -0.02 0.05 3.77 0.03 0.02 gamma2_Vel
08101211-4718398 4701 34 2.64 0.06 -0.06 0.04 -0.66 0.00 0.02 gamma2_Vel
08101307-4722227 4570 32 2.49 0.06 0.19 0.04 -1.00 0.00 0.02 gamma2_Vel
08064166-4723463 4643 81 2.55 0.21 -0.12 0.12 0.54 0.15 0.02 gamma2_Vel
08065119-4716538 6010 84 3.93 0.16 -0.25 0.08 2.58 0.07 0.02 gamma2_Vel
08070008-4720258 4546 84 2.47 0.22 -0.34 0.11 0.45 0.15 0.02 gamma2_Vel
08070652-4719207 4479 82 2.14 0.31 -0.40 0.12 -0.07 0.43 0.02 gamma2_Vel
08070678-4710137 4201.42 83.87 2.59 0.18 0.03 0.10 0.09 0.22 0.02 gamma2_Vel
08071165-4716106 4585.22 81.43 2.45 0.20 -0.12 0.11 -0.55 0.50 0.02 gamma2_Vel
08072237-4719444 6595 84 4.09 0.10 0.04 0.07 1.59 0.41 0.02 gamma2_Vel
08072714-4726452 4593.84 80.33 2.26 0.35 -0.33 0.16 0.82 0.11 0.02 gamma2_Vel
08073103-4720559 4572 84 2.55 0.23 -0.25 0.11 0.54 0.00 0.02 gamma2_Vel
08073685-4730159 4531.94 84.39 2.49 0.21 -0.12 0.11 -0.41 0.53 0.02 gamma2_Vel
08074035-4717452 5174 82 3.65 0.22 -0.07 0.13 1.50 0.12 0.02 gamma2_Vel
08074501-4726527 4822 81 2.60 0.22 -0.19 0.10 1.29 0.10 0.02 gamma2_Vel
08075349-4715517 4874 81 2.93 0.27 -0.15 0.09 0.50 0.21 0.02 gamma2_Vel
08075432-4716081 5822 85 4.40 0.15 0.09 0.09 3.32 0.08 0.02 gamma2_Vel
08080519-4725405 4715 84 2.74 0.18 0.00 0.07 -0.41 0.55 0.02 gamma2_Vel
08080586-4706536 5687 81 4.47 0.17 -0.10 0.14 1.13 0.38 0.02 gamma2_Vel
08080856-4708003 4582 81 2.66 0.17 0.06 0.09 0.41 0.20 0.02 gamma2_Vel
08081726-4721353 4938 82 2.90 0.26 -0.20 0.10 0.93 0.00 0.02 gamma2_Vel
08082450-4714200 4850 81 2.73 0.20 -0.04 0.08 0.43 0.17 0.02 gamma2_Vel
08082556-4721377 4716 84 2.62 0.18 -0.08 0.10 0.26 0.19 0.02 gamma2_Vel
08100798-4745268 4759 80 2.63 0.21 -0.01 0.06 0.42 0.24 0.02 gamma2_Vel
08100905-4738100 4607 82 2.51 0.16 -0.04 0.08 0.42 0.13 0.02 gamma2_Vel
08101706-4744165 4758 83 2.64 0.21 -0.10 0.12 0.94 0.00 0.02 gamma2_Vel
08102116-4740125 4551.83 76.67 2.36 0.16 -0.16 0.10 3.75 0.12 0.02 gamma2_Vel
08102502-4739351 4577 81 2.45 0.17 -0.05 0.07 -0.46 0.44 0.02 gamma2_Vel
08103686-4730257 4595.96 76.91 2.44 0.16 -0.02 0.09 0.74 0.00 0.02 gamma2_Vel
08104382-4747548 4761 84 2.73 0.21 -0.04 0.11 0.65 0.18 0.02 gamma2_Vel
08104600-4736516 4722 80 4.53 0.37 -0.01 0.10 1.54 0.11 0.02 gamma2_Vel
08105364-4743233 5116 83 4.39 0.16 0.01 0.07 2.98 0.11 0.02 gamma2_Vel
08105418-4730347 4796 80 2.64 0.17 -0.08 0.09 -0.44 0.51 0.02 gamma2_Vel
08105511-4731510 4728 82 2.68 0.12 0.00 0.07 0.28 0.16 0.02 gamma2_Vel
08105821-4739576 4703 81 2.64 0.14 -0.05 0.08 -0.99 0.44 0.02 gamma2_Vel
08110392-4729259 4584 79 2.59 0.19 -0.15 0.11 -0.24 0.31 0.02 gamma2_Vel
08110441-4733029 4589 82 2.66 0.17 -0.13 0.10 0.09 0.19 0.02 gamma2_Vel
08110659-4746173 5068 81 4.42 0.28 0.07 0.08 2.68 0.11 0.02 gamma2_Vel
08111144-4727377 5388 84 3.90 0.19 0.06 0.08 3.66 0.10 0.02 gamma2_Vel
08111267-4725139 4470.34 73.99 2.31 0.20 0.03 0.10 0.67 0.00 0.02 gamma2_Vel
08111295-4733374 6847 86 4.31 0.11 0.03 0.07 3.32 0.06 0.02 gamma2_Vel
08111406-4729045 4678 83 2.59 0.20 -0.16 0.11 0.14 0.22 0.02 gamma2_Vel
08112255-4730288 4641 81 2.59 0.11 0.02 0.08 -0.11 0.25 0.02 gamma2_Vel
08112544-4738220 6690 83 4.21 0.13 -0.05 0.09 2.05 0.15 0.02 gamma2_Vel
08112733-4739305 5975 80 4.24 0.14 -0.02 0.09 1.67 0.00 0.02 gamma2_Vel
08112894-4747050 4806 81 2.68 0.21 -0.07 0.12 0.96 0.00 0.02 gamma2_Vel
08112966-4727457 4755 84 2.67 0.15 -0.10 0.09 1.18 0.12 0.02 gamma2_Vel
08113770-4727236 4618 81 2.58 0.20 -0.31 0.10 -0.22 0.19 0.02 gamma2_Vel
08114135-4746051 6126 83 3.82 0.11 -0.39 0.10 2.17 0.08 0.02 gamma2_Vel
08114332-4730000 4302.51 72.13 4.57 0.10 0.05 0.07 0.06 0.19 0.02 gamma2_Vel
08115144-4736575 4774 86 2.54 0.34 -0.19 0.16 0.61 0.00 0.02 gamma2_Vel
08115872-4735093 4357.89 73.49 2.34 0.18 0.21 0.07 0.10 0.14 0.02 gamma2_Vel
08082583-4736406 4547 82 2.48 0.18 -0.08 0.11 0.42 0.13 0.02 gamma2_Vel
08082652-4730435 5845 81 4.20 0.13 0.11 0.09 2.07 0.07 0.02 gamma2_Vel
08082904-4730262 5725 80 4.26 0.10 -0.21 0.09 1.34 0.13 0.02 gamma2_Vel
08083324-4734505 6007 81 4.43 0.10 0.16 0.08 2.12 0.08 0.02 gamma2_Vel
08083656-4731392 4660 81 2.43 0.35 -0.19 0.16 0.61 0.00 0.02 gamma2_Vel
08084197-4738293 4678 79 2.67 0.20 -0.05 0.11 -0.49 0.58 0.02 gamma2_Vel
08084784-4729598 6412 85 4.18 0.10 0.20 0.09 2.89 0.07 0.02 gamma2_Vel
08085276-4745146 4891 83 2.83 0.20 -0.01 0.07 0.42 0.22 0.02 gamma2_Vel
08085418-4740417 4523.98 79.71 2.12 0.30 -0.39 0.12 0.41 0.00 0.02 gamma2_Vel
08085439-4734352 4558 84 2.24 0.32 -0.46 0.14 -0.51 0.46 0.02 gamma2_Vel
08085468-4745256 6717 83 4.03 0.11 -0.02 0.09 2.22 0.00 0.02 gamma2_Vel
08090060-4725023 4588.46 104.35 2.30 0.28 -0.32 0.15 0.42 0.25 0.02 gamma2_Vel
08090351-4733270 5560 81 4.17 0.19 0.11 0.09 2.07 0.08 0.02 gamma2_Vel
08090662-4746249 6757 85 4.14 0.15 -0.02 0.12 3.20 0.06 0.02 gamma2_Vel
08090754-4740499 4774 83 2.92 0.22 -0.02 0.07 0.96 0.00 0.02 gamma2_Vel
08090943-4732585 4682 83 2.68 0.11 0.07 0.07 0.90 0.00 0.02 gamma2_Vel
08091415-4747417 4925 83 4.35 0.27 -0.22 0.11 0.21 0.41 0.02 gamma2_Vel
08091486-4735390 4754 81 2.68 0.21 -0.08 0.11 0.26 0.28 0.02 gamma2_Vel
08092021-4742080 4524.35 79.61 2.33 0.20 -0.23 0.11 -0.13 0.31 0.02 gamma2_Vel
08092677-4734519 4219.93 68.75 1.82 0.16 -0.29 0.11 -0.86 0.39 0.02 gamma2_Vel
08092747-4741193 4715 84 2.86 0.13 -0.12 0.10 0.41 0.19 0.02 gamma2_Vel
08093020-4737525 5061 82 4.33 0.21 0.06 0.07 0.20 0.56 0.02 gamma2_Vel
08093188-4742203 4749 83 2.53 0.34 -0.20 0.16 -0.03 0.44 0.02 gamma2_Vel
08093499-4743294 6748 84 4.16 0.10 -0.01 0.08 3.27 0.06 0.02 gamma2_Vel
08093564-4735144 4652 79 2.58 0.13 -0.05 0.07 0.78 0.00 0.02 gamma2_Vel
08095470-4734543 4702 85 2.86 0.14 0.03 0.08 0.86 0.00 0.02 gamma2_Vel
08100438-4745317 4630 84 2.63 0.16 -0.04 0.09 1.61 0.13 0.02 gamma2_Vel
08102379-4735091 6629 81 4.32 0.09 0.07 0.07 1.99 0.23 0.02 gamma2_Vel
08102926-4737566 4851 82 2.93 0.30 -0.10 0.12 0.93 0.17 0.02 gamma2_Vel
08094711-4740038 4713 28 2.70 0.06 0.11 0.05 -0.46 0.00 0.02 gamma2_Vel
08063889-4742312 4775 82 2.63 0.19 -0.08 0.11 -0.01 0.37 0.02 gamma2_Vel
08063901-4734403 4336.62 70.16 1.96 0.20 -0.32 0.15 -0.32 0.13 0.02 gamma2_Vel
08065507-4735336 6662 80 4.11 0.12 -0.07 0.10 3.33 0.06 0.02 gamma2_Vel
08065781-4744443 5044 97 4.59 0.13 -0.25 0.15 1.05 0.00 0.02 gamma2_Vel
08070352-4738124 4546 83 2.47 0.22 -0.10 0.11 -0.51 0.49 0.02 gamma2_Vel
08070576-4734593 4187.99 66.32 1.99 0.37 0.01 0.01 0.18 0.17 0.02 gamma2_Vel
08070787-4745273 4583.25 79.67 2.27 0.26 -0.28 0.12 0.03 0.20 0.02 gamma2_Vel
08070929-4742009 5465 78 4.41 0.15 0.10 0.09 2.27 0.09 0.02 gamma2_Vel
08071090-4739487 5925 82 4.43 0.21 -0.19 0.13 1.87 0.22 0.02 gamma2_Vel
08071205-4742055 4556 82 2.47 0.21 -0.25 0.10 3.08 0.14 0.02 gamma2_Vel
08072086-4746423 4713 83 2.51 0.19 -0.16 0.10 0.83 0.00 0.02 gamma2_Vel
08072364-4731091 6586 84 4.23 0.11 0.11 0.11 1.65 0.26 0.02 gamma2_Vel
08072511-4735356 4886 82 2.94 0.13 -0.02 0.07 0.79 0.14 0.02 gamma2_Vel
08072830-4734093 4078.7 64.53 1.63 0.27 0.10 0.02 -0.30 0.16 0.02 gamma2_Vel
08072905-4743285 6181 82 4.15 0.14 -0.02 0.08 1.75 0.13 0.02 gamma2_Vel
08074827-4733433 5139 83 4.54 0.16 -0.33 0.09 0.91 0.20 0.02 gamma2_Vel
08075279-4745290 4593 83 4.68 0.12 -0.04 0.08 0.22 0.00 0.02 gamma2_Vel
08075481-4739165 4670 82 2.49 0.33 -0.23 0.15 0.62 0.00 0.02 gamma2_Vel
08075571-4746355 4593.56 88.16 2.53 0.15 0.02 0.08 0.41 0.19 0.02 gamma2_Vel
08075596-4732550 4577.34 77.03 2.22 0.16 -0.28 0.08 0.50 0.00 0.02 gamma2_Vel
08075685-4744289 4410.65 74.31 2.31 0.20 -0.14 0.16 -0.36 0.28 0.02 gamma2_Vel
08080181-4731175 3978.2 61.6 1.49 0.17 0.07 0.01 0.01 0.14 0.02 gamma2_Vel
08080233-4740262 4707 81 2.72 0.14 -0.15 0.09 0.75 0.00 0.02 gamma2_Vel
08080817-4742304 4822 80 2.88 0.27 -0.13 0.09 0.87 0.12 0.02 gamma2_Vel
08081292-4735206 4484 83 2.37 0.21 -0.23 0.11 0.74 0.14 0.02 gamma2_Vel
08081434-4741166 4624 81 2.51 0.19 -0.19 0.13 0.54 0.00 0.02 gamma2_Vel
08073315-4744513 5060 30 2.84 0.05 0.02 0.05 0.93 0.04 0.02 gamma2_Vel
