OBJECT TEFF E_TEFF LOGG E_LOGG FEH E_FEH LI1 E_LI1 "AGE (Gyr)" GES_FLD
07280836-1521525 5742 63 4.10 0.18 -0.04 0.06 2.78 0.12 3.802 Haf10
07281334-1525405 5727 66 4.45 0.17 -1.02 0.05 1.94 0.14 3.802 Haf10
07281396-1521230 5343 82 4.97 0.21 -0.36 0.07 1.92 0.22 3.802 Haf10
07281451-1518126 4479 77 4.70 0.18 -0.04 0.09 0.35 0.18 3.802 Haf10
07281489-1519560 5775 65 4.02 0.18 -0.62 0.05 2.77 0.13 3.802 Haf10
07281505-1526343 6833 83 3.41 0.22 -0.90 0.08 3.05 0.12 3.802 Haf10
07281554-1519217 5660 82 3.39 0.22 -0.62 0.08 2.30 0.18 3.802 Haf10
07281614-1522328 4950 82 3.10 0.22 -0.09 0.08 1.26 0.40 3.802 Haf10
07281639-1525057 5366 81 4.15 0.22 -0.22 0.08 1.76 0.00 3.802 Haf10
07281794-1519333 5651 80 4.26 0.22 0.04 0.08 2.29 0.22 3.802 Haf10
07281839-1520061 5077 80 2.55 0.21 -0.53 0.08 1.61 0.21 3.802 Haf10
07281995-1521119 6504 64 4.05 0.17 -0.02 0.05 3.09 0.08 3.802 Haf10
07281999-1523562 5628 84 3.68 0.22 0.21 0.08 2.72 0.17 3.802 Haf10
07282037-1522546 6321 66 4.13 0.17 -0.06 0.05 3.16 0.07 3.802 Haf10
07282123-1521199 6150 69 4.32 0.21 -0.15 0.05 3.05 0.11 3.802 Haf10
07282351-1525415 6038 64 4.32 0.17 -0.02 0.05 2.98 0.09 3.802 Haf10
07282383-1520446 6221 66 4.04 0.18 -0.19 0.05 3.01 0.07 3.802 Haf10
07282521-1519171 5917 63 3.85 0.18 -0.67 0.06 2.21 0.24 3.802 Haf10
07282535-1522215 6353 63 4.42 0.18 -0.24 0.06 2.51 0.15 3.802 Haf10
07282538-1524180 6281 65 4.33 0.17 -0.08 0.05 2.80 0.15 3.802 Haf10
07282567-1526530 6329 70 4.05 0.21 -0.12 0.05 3.00 0.12 3.802 Haf10
07282609-1520049 6129 66 3.47 0.17 -0.41 0.05 2.59 0.19 3.802 Haf10
07282620-1524306 6390 65 3.91 0.18 -0.22 0.05 2.55 0.11 3.802 Haf10
07282635-1523214 5126 65 3.52 0.17 -0.11 0.05 0.73 0.27 3.802 Haf10
07282659-1521104 5518 83 3.74 0.22 -0.53 0.07 2.33 0.16 3.802 Haf10
07282661-1524598 6115 83 4.57 0.22 0.16 0.08 2.76 0.20 3.802 Haf10
07282778-1525025 6244 65 4.33 0.17 -0.15 0.05 2.82 0.07 3.802 Haf10
07282800-1521206 6284 84 4.12 0.22 -0.44 0.07 2.92 0.19 3.802 Haf10
07282813-1522036 4596 30 2.47 0.05 -0.09 0.05 -0.39 0.00 3.802 Haf10
07282869-1523053 5728 64 4.34 0.17 -0.17 0.05 3.03 0.08 3.802 Haf10
07282917-1520365 6243 64 4.31 0.18 -0.77 0.06 2.69 0.13 3.802 Haf10
07283067-1522132 6188 66 4.27 0.17 -0.29 0.05 2.83 0.10 3.802 Haf10
07283120-1522332 5980 67 4.30 0.21 -0.15 0.06 2.34 0.18 3.802 Haf10
07283137-1520283 6055 69 4.29 0.21 -0.48 0.06 2.68 0.16 3.802 Haf10
07283203-1524361 6536 95 4.17 0.26 -0.87 0.16 2.27 0.00 3.802 Haf10
07283255-1520390 5884 81 4.00 0.22 -0.40 0.08 2.57 0.16 3.802 Haf10
07283311-1521246 4919 31 2.98 0.05 -0.06 0.05 0.73 0.07 3.802 Haf10
07283319-1523111 6477 65 4.38 0.18 -0.23 0.05 2.05 0.00 3.802 Haf10
07283338-1519535 6178 66 4.06 0.17 -0.28 0.06 3.16 0.07 3.802 Haf10
07283475-1527107 6039 64 3.97 0.18 -0.27 0.05 2.49 0.17 3.802 Haf10
07283482-1522215 6699 65 4.32 0.17 -0.06 0.05 2.80 0.00 3.802 Haf10
07283507-1518023 6506 80 4.59 0.21 -0.47 0.08 3.12 0.17 3.802 Haf10
07283515-1523368 6628 64 3.90 0.18 -0.13 0.05 2.42 0.23 3.802 Haf10
07283533-1527466 5464 63 4.33 0.17 -0.40 0.05 2.01 0.16 3.802 Haf10
07283595-1522143 6307 65 4.59 0.17 -0.08 0.05 2.73 0.15 3.802 Haf10
07283595-1523528 4917 31 2.97 0.05 -0.09 0.05 1.25 0.04 3.802 Haf10
07283612-1521234 6394 64 4.03 0.17 0.05 0.05 2.77 0.14 3.802 Haf10
07283649-1517585 5980 84 4.39 0.22 -0.20 0.08 2.78 0.17 3.802 Haf10
07283668-1523419 6312 64 3.98 0.17 -0.18 0.05 2.08 0.24 3.802 Haf10
07283706-1516406 6488 66 4.16 0.18 -0.09 0.05 2.41 0.17 3.802 Haf10
07283857-1521323 4937 68 2.74 0.17 -0.09 0.06 1.01 0.00 3.802 Haf10
07283904-1522301 4934 31 2.77 0.05 -0.16 0.05 0.21 0.00 3.802 Haf10
07283989-1520141 5201 66 3.49 0.17 -0.19 0.06 1.41 0.14 3.802 Haf10
07284012-1518086 5686 64 4.31 0.18 0.37 0.05 1.05 1.20 3.802 Haf10
07284016-1522234 5743 62 4.27 0.18 -0.33 0.05 2.28 0.18 3.802 Haf10
07284104-1527234 5280 79 4.48 0.22 0.30 0.08 1.84 0.25 3.802 Haf10
07284155-1523474 6305 66 3.94 0.17 -0.03 0.06 3.10 0.12 3.802 Haf10
07284185-1518461 6396 64 3.83 0.18 -0.14 0.05 3.00 0.09 3.802 Haf10
07284212-1526466 6064 66 4.50 0.17 -0.25 0.06 2.79 0.09 3.802 Haf10
07284258-1521345 5034 84 3.81 0.22 -0.40 0.08 1.32 0.00 3.802 Haf10
07284391-1516511 6400 67 4.08 0.17 -0.24 0.05 2.61 0.12 3.802 Haf10
07284413-1518324 6248 64 4.28 0.18 0.39 0.05 2.95 0.09 3.802 Haf10
07284434-1519075 6651 83 3.72 0.22 0.19 0.08 2.82 0.00 3.802 Haf10
07284487-1520156 6372 66 4.05 0.17 -0.37 0.05 2.67 0.14 3.802 Haf10
07284562-1526234 6277 83 4.92 0.22 0.31 0.07 3.16 0.13 3.802 Haf10
07284667-1518060 4763 64 2.50 0.17 -0.47 0.06 0.58 0.17 3.802 Haf10
07284671-1523271 5631 70 4.36 0.21 -0.02 0.06 2.78 0.12 3.802 Haf10
07284730-1516591 6813 83 4.26 0.21 0.19 0.08 3.05 0.16 3.802 Haf10
07284756-1522320 6103 64 4.21 0.18 -0.26 0.05 2.87 0.11 3.802 Haf10
07284804-1519440 5540 64 4.57 0.17 -0.33 0.05 2.11 0.12 3.802 Haf10
07284818-1524152 6438 64 4.15 0.18 -0.29 0.05 2.83 0.10 3.802 Haf10
07284910-1523535 6134 67 4.32 0.17 -0.30 0.06 2.85 0.08 3.802 Haf10
07285084-1518246 5089 84 2.98 0.22 -0.34 0.07 2.02 0.18 3.802 Haf10
07285254-1521303 5189 63 4.80 0.18 -0.16 0.05 1.05 0.00 3.802 Haf10
07285258-1518192 6014 64 4.18 0.18 -0.12 0.06 2.80 0.09 3.802 Haf10
07285316-1522417 4712 61 2.53 0.17 -0.28 0.05 1.00 0.10 3.802 Haf10
07285331-1525435 5828 65 4.58 0.17 -0.28 0.05 2.52 0.13 3.802 Haf10
07285355-1516532 5820 81 3.38 0.21 -0.25 0.08 2.68 0.17 3.802 Haf10
07285368-1524245 5757 84 3.98 0.22 -0.23 0.08 2.51 0.17 3.802 Haf10
07285564-1525077 6278 66 4.22 0.18 -0.18 0.05 2.37 0.19 3.802 Haf10
07285607-1518438 5890 80 3.98 0.22 -0.25 0.08 3.28 0.16 3.802 Haf10
07285726-1519598 4642 64 4.61 0.17 0.00 0.06 0.55 0.00 3.802 Haf10
07285731-1517293 5983 64 4.19 0.17 -0.18 0.05 2.57 0.15 3.802 Haf10
07285750-1526255 4740 66 4.82 0.18 -0.39 0.05 0.56 0.00 3.802 Haf10
07280781-1522104 4792 65 2.47 0.17 -0.21 0.05 0.68 0.00 3.802 Haf10
07280845-1522000 5736 67 3.62 0.17 -0.65 0.05 2.44 0.12 3.802 Haf10
07280971-1524330 5124 64 4.48 0.17 -0.06 0.05 1.05 0.21 3.802 Haf10
07281075-1526080 6289 66 3.90 0.18 -0.40 0.06 2.51 0.11 3.802 Haf10
07281291-1519267 6371 65 4.10 0.18 -0.50 0.05 2.96 0.07 3.802 Haf10
07281441-1522401 5809 63 4.51 0.17 -0.19 0.05 2.73 0.08 3.802 Haf10
07281499-1523033 6408 81 4.39 0.22 -0.24 0.08 3.05 0.15 3.802 Haf10
07281629-1526566 6395 65 3.96 0.17 -0.26 0.05 1.77 0.00 3.802 Haf10
07281662-1519383 6233 83 3.53 0.22 -0.46 0.08 2.44 0.00 3.802 Haf10
07281693-1525410 5971 64 3.92 0.18 0.05 0.05 2.81 0.13 3.802 Haf10
07281755-1520047 5491 65 4.13 0.18 -0.89 0.05 1.96 0.17 3.802 Haf10
07281923-1519192 6342 67 3.84 0.18 -0.36 0.05 2.62 0.10 3.802 Haf10
07282035-1522428 5206 64 4.24 0.18 0.18 0.05 2.01 0.11 3.802 Haf10
07282074-1522115 5016 83 4.34 0.21 -0.77 0.08 2.27 0.16 3.802 Haf10
07282124-1527542 6474 65 4.09 0.18 -0.16 0.06 2.46 0.20 3.802 Haf10
07282170-1526237 5676 65 4.69 0.17 -0.43 0.05 2.09 0.12 3.802 Haf10
07282193-1519335 5850 66 3.91 0.17 -0.45 0.06 2.82 0.10 3.802 Haf10
07282244-1520138 4950 64 4.38 0.17 -0.04 0.05 0.58 0.28 3.802 Haf10
07282248-1524306 6895 73 4.10 0.21 -0.01 0.05 3.37 0.13 3.802 Haf10
07282254-1519065 6421 76 4.00 0.18 -0.47 0.09 2.60 0.12 3.802 Haf10
07282351-1516566 5620 64 4.17 0.17 -0.31 0.06 1.87 0.14 3.802 Haf10
07282399-1519471 5886 65 4.25 0.17 -0.33 0.06 3.24 0.10 3.802 Haf10
07282402-1516196 5814 63 3.88 0.18 -0.44 0.05 1.56 0.00 3.802 Haf10
07282403-1525545 5639 67 3.77 0.18 -0.30 0.05 2.83 0.11 3.802 Haf10
07282404-1517232 4843 65 4.84 0.18 0.13 0.05 0.83 0.21 3.802 Haf10
07282450-1523582 5882 66 4.26 0.17 -0.25 0.05 2.69 0.10 3.802 Haf10
07282498-1526031 5685 84 3.21 0.22 -0.71 0.08 2.40 0.14 3.802 Haf10
07282540-1521398 6073 65 4.50 0.18 -0.11 0.05 2.66 0.13 3.802 Haf10
07282559-1519072 6149 64 4.05 0.17 -0.42 0.05 2.66 0.12 3.802 Haf10
07282583-1516339 5968 67 3.87 0.18 -0.32 0.05 2.09 0.13 3.802 Haf10
07282784-1524127 5506 101 4.67 0.33 0.45 0.04 2.01 0.23 3.802 Haf10
07282805-1516099 6042 64 4.62 0.17 -0.04 0.05 2.68 0.14 3.802 Haf10
07282827-1517324 5643 82 3.17 0.21 -0.03 0.08 2.41 0.20 3.802 Haf10
07282842-1523258 6292 85 3.72 0.21 -0.44 0.08 2.69 0.19 3.802 Haf10
07282910-1520424 6045 64 4.54 0.17 -0.26 0.05 2.91 0.10 3.802 Haf10
07283028-1522372 6312 64 4.25 0.18 -0.43 0.05 2.21 0.16 3.802 Haf10
07283067-1520203 6143 66 4.14 0.18 0.01 0.05 2.75 0.10 3.802 Haf10
07283081-1525019 6838 106 4.23 0.24 -0.05 0.09 3.18 0.13 3.802 Haf10
07283151-1523271 5852 66 4.14 0.17 -0.38 0.05 2.37 0.11 3.802 Haf10
07283186-1522172 6366 64 4.06 0.17 -0.29 0.06 3.13 0.06 3.802 Haf10
07283204-1519032 5988 65 3.77 0.17 -0.30 0.05 2.34 0.22 3.802 Haf10
07283220-1526401 5974 63 4.37 0.18 -0.41 0.06 2.64 0.11 3.802 Haf10
07283260-1518431 4880 65 4.35 0.17 0.13 0.06 1.06 0.00 3.802 Haf10
07283302-1523577 5606 66 4.83 0.18 -0.27 0.05 2.12 0.16 3.802 Haf10
07283380-1525160 6291 65 4.26 0.18 -0.26 0.05 2.29 0.20 3.802 Haf10
07283382-1517498 6157 66 3.99 0.17 -0.17 0.05 2.62 0.10 3.802 Haf10
07283416-1523491 6529 66 4.22 0.17 -0.16 0.05 2.22 0.00 3.802 Haf10
07283443-1522218 5860 85 3.53 0.22 -0.49 0.07 2.44 0.21 3.802 Haf10
07283463-1524400 5857 64 3.97 0.17 -0.48 0.06 2.41 0.11 3.802 Haf10
07283464-1523144 6385 64 3.96 0.17 -0.09 0.05 2.85 0.10 3.802 Haf10
07283486-1522457 6308 64 3.97 0.17 -0.26 0.06 2.06 0.24 3.802 Haf10
07283573-1523255 5859 64 4.24 0.18 -0.21 0.05 2.50 0.16 3.802 Haf10
07283583-1520238 6188 83 3.67 0.22 -0.75 0.08 2.89 0.09 3.802 Haf10
07283600-1520570 6360 65 3.88 0.17 -0.28 0.05 2.17 0.30 3.802 Haf10
07283609-1516557 6085 65 4.21 0.17 -0.17 0.05 3.19 0.07 3.802 Haf10
07283623-1521129 6224 64 4.18 0.17 -0.26 0.06 2.19 0.00 3.802 Haf10
07283639-1527119 6116 65 4.44 0.17 -0.32 0.06 2.78 0.09 3.802 Haf10
07283663-1522113 4785 64 2.50 0.17 -0.13 0.05 0.21 0.16 3.802 Haf10
07283741-1522429 6259 67 4.28 0.18 -0.37 0.05 2.17 0.21 3.802 Haf10
07283742-1520149 4371 96 3.30 0.26 0.01 0.15 1.49 0.17 3.802 Haf10
07283858-1520595 6119 66 3.99 0.17 -0.33 0.05 2.27 0.00 3.802 Haf10
07283861-1522063 6386 68 4.05 0.17 -0.24 0.05 2.40 0.14 3.802 Haf10
07283910-1523499 6266 64 4.23 0.17 -0.30 0.05 2.32 0.00 3.802 Haf10
07283934-1527474 6076 65 4.25 0.18 -0.14 0.05 2.75 0.07 3.802 Haf10
07283942-1521186 6292 66 4.07 0.18 -0.18 0.05 2.37 0.16 3.802 Haf10
07284013-1522096 6110 71 4.02 0.21 -0.14 0.06 2.54 0.20 3.802 Haf10
07284029-1525129 5671 81 4.46 0.22 -0.10 0.07 2.22 0.25 3.802 Haf10
07284034-1516276 5799 64 4.22 0.17 -0.14 0.06 2.75 0.10 3.802 Haf10
07284039-1518085 6013 82 4.54 0.21 0.06 0.08 3.05 0.14 3.802 Haf10
07284079-1517537 6337 65 4.19 0.17 -0.17 0.05 2.28 0.19 3.802 Haf10
07284149-1518164 5399 66 4.28 0.17 0.01 0.06 2.14 0.08 3.802 Haf10
07284176-1518581 5444 64 4.65 0.17 -0.23 0.05 2.10 0.16 3.802 Haf10
07284214-1519269 6293 62 4.27 0.18 -0.32 0.06 2.46 0.15 3.802 Haf10
07284310-1527438 6057 65 4.22 0.18 -0.30 0.06 2.81 0.12 3.802 Haf10
07284373-1517043 5536 64 4.25 0.17 -0.45 0.05 1.62 0.12 3.802 Haf10
07284379-1521475 6292 64 4.21 0.18 -0.23 0.05 2.12 0.35 3.802 Haf10
07284383-1516452 6095 63 3.85 0.17 -0.28 0.06 3.03 0.06 3.802 Haf10
07284388-1522328 5711 64 4.63 0.17 -0.34 0.05 2.24 0.15 3.802 Haf10
07284448-1524273 5974 65 4.04 0.17 -0.37 0.06 2.74 0.10 3.802 Haf10
07284459-1521285 6334 65 4.00 0.17 -0.43 0.05 2.64 0.09 3.802 Haf10
07284467-1521000 5365 80 3.94 0.22 -0.56 0.08 1.88 0.23 3.802 Haf10
07284509-1522229 5060 66 3.20 0.18 -0.22 0.06 1.20 0.10 3.802 Haf10
07284535-1519571 5925 64 4.54 0.18 0.13 0.06 2.04 0.14 3.802 Haf10
07284604-1522541 4854 63 4.61 0.18 -0.12 0.06 0.48 0.32 3.802 Haf10
07284748-1526434 5806 65 3.62 0.17 -0.52 0.05 2.02 0.23 3.802 Haf10
07284813-1523249 6814 65 4.32 0.17 -0.11 0.06 2.89 0.10 3.802 Haf10
07284883-1523439 6285 65 4.33 0.17 -0.41 0.06 3.14 0.08 3.802 Haf10
07284886-1522215 5993 66 4.45 0.18 -0.40 0.05 2.55 0.14 3.802 Haf10
07284932-1527231 5117 65 4.57 0.17 -0.04 0.05 1.53 0.00 3.802 Haf10
07285053-1517148 6297 82 4.54 0.22 -0.70 0.08 2.93 0.17 3.802 Haf10
07285168-1519545 4834 64 2.54 0.17 -0.15 0.05 0.88 0.00 3.802 Haf10
07285214-1524104 5996 63 3.78 0.18 -0.27 0.05 2.74 0.09 3.802 Haf10
07285382-1516098 5847 66 4.18 0.18 -0.35 0.05 2.57 0.07 3.802 Haf10
07285394-1517147 5952 65 3.75 0.17 -0.55 0.05 1.63 0.00 3.802 Haf10
07285409-1521538 5939 66 4.48 0.17 0.17 0.05 1.82 0.27 3.802 Haf10
07285423-1518488 5507 65 4.84 0.17 0.21 0.05 1.83 0.24 3.802 Haf10
07285464-1518246 6351 65 4.51 0.17 -0.24 0.06 2.41 0.00 3.802 Haf10
07285521-1521189 6321 66 4.03 0.17 -0.30 0.05 2.55 0.15 3.802 Haf10
07285599-1517496 6870 85 4.00 0.22 -0.13 0.08 3.27 0.17 3.802 Haf10
07280921-1524370 6351 66 4.01 0.17 -0.28 0.05 2.31 0.14 3.802 Haf10
07281254-1522525 5695 77 4.23 0.17 -0.76 0.09 2.28 0.11 3.802 Haf10
07281503-1520569 5143 63 4.91 0.17 -0.41 0.06 1.43 0.27 3.802 Haf10
07281698-1521455 6137 67 4.37 0.18 -0.35 0.05 2.31 0.15 3.802 Haf10
07281702-1520151 5728 63 4.06 0.17 -0.27 0.05 1.73 0.00 3.802 Haf10
07281728-1526390 5279 65 4.68 0.18 -0.42 0.06 1.95 0.13 3.802 Haf10
07281903-1519511 5655 65 4.35 0.17 -0.60 0.05 2.67 0.10 3.802 Haf10
07282026-1523300 6825 67 4.16 0.17 -0.34 0.05 3.27 0.10 3.802 Haf10
07282035-1519470 4873 63 4.07 0.18 -0.69 0.05 1.39 0.17 3.802 Haf10
07282045-1518411 5491 66 4.45 0.18 -0.31 0.06 2.21 0.10 3.802 Haf10
07282064-1521314 6130 65 4.18 0.17 -0.43 0.05 2.05 0.00 3.802 Haf10
07282099-1523014 6834 111 4.12 0.23 -0.03 0.09 2.87 0.14 3.802 Haf10
07282159-1521369 6066 71 4.21 0.21 -0.28 0.05 2.68 0.11 3.802 Haf10
07282247-1519141 5772 64 3.81 0.17 -0.48 0.06 2.27 0.14 3.802 Haf10
07282294-1524522 6499 64 4.21 0.17 -0.19 0.05 3.11 0.08 3.802 Haf10
07282316-1521535 5662 81 3.81 0.21 -0.48 0.08 1.98 0.35 3.802 Haf10
07282339-1522467 5808 64 4.19 0.17 -0.36 0.05 2.23 0.11 3.802 Haf10
07282365-1522038 6227 65 4.34 0.17 -0.40 0.05 2.24 0.19 3.802 Haf10
07282404-1516578 4821 64 3.19 0.18 -0.33 0.05 0.74 0.20 3.802 Haf10
07282411-1518527 6230 83 4.76 0.22 -0.43 0.08 2.78 0.14 3.802 Haf10
07282445-1517401 6409 83 3.68 0.22 -0.01 0.08 3.29 0.14 3.802 Haf10
07282484-1522573 5750 66 4.25 0.17 -0.38 0.06 2.04 0.26 3.802 Haf10
07282589-1522212 6182 107 4.27 0.33 -0.18 0.10 2.85 0.17 3.802 Haf10
07282608-1519510 5715 65 4.39 0.17 -0.80 0.05 2.51 0.11 3.802 Haf10
07282621-1520156 5970 105 3.51 0.34 -0.68 0.10 2.50 0.20 3.802 Haf10
07282633-1519280 5726 67 4.30 0.21 -0.40 0.05 2.14 0.21 3.802 Haf10
07282705-1523338 6283 64 4.13 0.17 -0.21 0.05 2.20 0.14 3.802 Haf10
07282751-1524545 6086 65 4.69 0.18 -0.41 0.05 3.05 0.10 3.802 Haf10
07282832-1524152 6068 83 4.80 0.22 -0.24 0.08 2.75 0.15 3.802 Haf10
07282873-1523553 6308 65 3.86 0.17 -0.24 0.05 1.72 0.00 3.802 Haf10
07282874-1522482 6375 63 4.26 0.17 -0.38 0.05 2.35 0.00 3.802 Haf10
07282879-1517389 5381 67 4.21 0.17 -0.06 0.05 1.78 0.23 3.802 Haf10
07282929-1525039 5783 63 4.33 0.18 -0.10 0.05 1.30 0.37 3.802 Haf10
07282955-1520095 6339 67 4.33 0.17 -0.25 0.05 2.37 0.00 3.802 Haf10
07282961-1527309 4979 80 4.64 0.22 -0.50 0.08 1.22 0.34 3.802 Haf10
07283045-1527287 6145 80 3.52 0.22 -0.08 0.07 3.02 0.12 3.802 Haf10
07283145-1519285 6237 63 4.15 0.18 -0.22 0.05 2.79 0.10 3.802 Haf10
07283151-1522099 6362 65 4.08 0.17 -0.08 0.05 2.47 0.12 3.802 Haf10
07283154-1524008 5716 65 4.57 0.18 0.24 0.05 2.23 0.09 3.802 Haf10
07283157-1524492 5139 64 4.64 0.17 -0.22 0.06 1.44 0.14 3.802 Haf10
07283267-1516406 5263 66 4.66 0.18 -0.26 0.06 1.61 0.14 3.802 Haf10
07283268-1522476 6257 65 3.91 0.17 -0.37 0.05 1.76 0.00 3.802 Haf10
07283302-1522147 5727 66 4.45 0.18 -0.52 0.05 2.42 0.12 3.802 Haf10
07283307-1520323 6268 64 4.14 0.17 -0.25 0.05 2.28 0.18 3.802 Haf10
07283319-1518176 5466 81 4.59 0.22 0.15 0.07 1.70 0.00 3.802 Haf10
07283357-1520044 6233 64 3.92 0.18 -0.33 0.06 3.02 0.06 3.802 Haf10
07283429-1520156 6465 64 3.84 0.17 -0.31 0.06 2.65 0.12 3.802 Haf10
07283442-1522319 6303 77 3.83 0.18 -0.11 0.09 2.04 0.31 3.802 Haf10
07283446-1524055 6656 67 4.11 0.18 -0.39 0.05 2.51 0.15 3.802 Haf10
07283487-1521113 6088 71 4.23 0.21 -0.57 0.05 2.49 0.15 3.802 Haf10
07283504-1520075 6070 65 3.85 0.17 -0.35 0.06 2.59 0.12 3.802 Haf10
07283522-1517314 4945 65 2.99 0.17 0.07 0.05 1.17 0.00 3.802 Haf10
07283536-1516121 5205 65 4.18 0.18 0.32 0.06 1.49 0.00 3.802 Haf10
07283605-1522559 5340 81 4.56 0.22 -0.85 0.07 1.73 0.30 3.802 Haf10
07283664-1520066 6406 65 4.15 0.18 -0.07 0.06 2.48 0.21 3.802 Haf10
07283702-1517312 4974 63 4.49 0.18 -0.10 0.06 0.90 0.00 3.802 Haf10
07283750-1520356 6380 67 4.12 0.17 -0.35 0.05 3.17 0.07 3.802 Haf10
07283777-1521167 6211 66 4.32 0.17 -0.03 0.05 3.12 0.07 3.802 Haf10
07283790-1520595 5980 82 4.57 0.22 -0.25 0.08 2.46 0.00 3.802 Haf10
07283872-1527331 6077 66 3.98 0.17 -0.25 0.05 2.82 0.10 3.802 Haf10
07283877-1521250 6085 65 4.22 0.18 -0.54 0.05 2.20 0.00 3.802 Haf10
07283891-1521367 6248 63 4.15 0.17 -0.28 0.05 2.48 0.11 3.802 Haf10
07283919-1524332 6709 78 4.31 0.18 -0.06 0.09 2.28 0.00 3.802 Haf10
07283950-1523031 6386 64 3.96 0.17 -0.15 0.05 2.47 0.15 3.802 Haf10
07283964-1522297 5532 65 4.63 0.17 0.04 0.06 1.66 0.19 3.802 Haf10
07284004-1518362 6218 81 3.98 0.22 0.08 0.08 3.07 0.13 3.802 Haf10
07284004-1522202 6319 64 4.20 0.17 -0.12 0.05 2.49 0.09 3.802 Haf10
07284063-1519547 5948 66 4.61 0.17 -0.18 0.05 2.44 0.09 3.802 Haf10
07284202-1519332 6443 65 4.16 0.18 -0.52 0.06 2.34 0.00 3.802 Haf10
07284253-1527021 6321 64 4.29 0.17 -0.25 0.06 1.99 0.25 3.802 Haf10
07284287-1516119 6236 66 3.88 0.17 -0.34 0.05 2.07 0.00 3.802 Haf10
07284314-1522103 6524 67 4.28 0.17 0.19 0.06 3.19 0.06 3.802 Haf10
07284319-1520504 5224 64 4.18 0.17 0.35 0.05 1.48 0.00 3.802 Haf10
07284367-1518578 6026 64 4.08 0.17 -0.31 0.05 2.63 0.11 3.802 Haf10
07284443-1523180 4695 84 3.72 0.22 -0.24 0.07 0.72 0.00 3.802 Haf10
07284556-1523132 5601 79 3.85 0.22 -0.50 0.08 1.98 0.00 3.802 Haf10
07284574-1521297 5678 70 4.36 0.21 -0.54 0.05 2.20 0.19 3.802 Haf10
07284596-1521159 5841 66 4.33 0.18 -0.42 0.06 2.36 0.14 3.802 Haf10
07284597-1522311 6069 76 4.19 0.18 -0.26 0.10 2.26 0.19 3.802 Haf10
07284629-1523033 6389 66 4.16 0.17 -0.46 0.06 2.45 0.14 3.802 Haf10
07284662-1526361 5547 81 3.91 0.22 -0.21 0.08 2.07 0.21 3.802 Haf10
07284705-1519587 6409 65 4.12 0.17 -0.26 0.06 2.37 0.00 3.802 Haf10
07284735-1517448 5648 65 4.05 0.17 -0.15 0.05 2.19 0.15 3.802 Haf10
07284759-1518077 6069 65 4.07 0.17 -0.33 0.05 2.75 0.11 3.802 Haf10
07284762-1519502 6290 64 4.04 0.17 -0.30 0.05 2.64 0.14 3.802 Haf10
07284772-1524013 5907 65 3.77 0.17 -0.37 0.05 2.49 0.14 3.802 Haf10
07284788-1527198 5597 65 4.49 0.17 -0.20 0.05 1.61 0.00 3.802 Haf10
07284853-1516490 5828 65 3.86 0.18 -0.48 0.06 2.78 0.13 3.802 Haf10
07284931-1524214 6246 66 3.78 0.17 -0.63 0.05 2.63 0.13 3.802 Haf10
07285245-1520593 6514 83 4.36 0.22 0.11 0.08 2.39 0.00 3.802 Haf10
07285255-1520295 5585 65 4.71 0.18 -0.11 0.05 1.88 0.11 3.802 Haf10
07285311-1519254 5946 66 4.33 0.17 -0.14 0.05 2.68 0.07 3.802 Haf10
07285424-1519159 5938 69 4.45 0.21 -0.15 0.05 2.72 0.10 3.802 Haf10
07285556-1519597 5728 66 4.29 0.17 -0.37 0.05 2.59 0.14 3.802 Haf10
07285650-1520054 4337 75 4.79 0.18 0.06 0.09 -0.53 0.56 3.802 Haf10
07285687-1522554 4880 65 3.90 0.17 -0.09 0.06 1.07 0.00 3.802 Haf10
07285702-1526441 6649 76 4.04 0.18 -0.04 0.09 2.79 0.17 3.802 Haf10
07280807-1521586 6397 64 4.03 0.18 -0.11 0.06 1.97 0.26 3.802 Haf10
07281166-1525002 5938 62 4.51 0.17 0.14 0.05 1.87 0.14 3.802 Haf10
07281453-1522136 6544 68 4.13 0.18 -0.28 0.05 1.98 0.00 3.802 Haf10
07281539-1520492 5193 63 4.66 0.17 0.01 0.06 1.14 0.00 3.802 Haf10
07281569-1523243 6816 72 4.35 0.21 -0.18 0.05 3.11 0.11 3.802 Haf10
07281634-1525467 4257 76 4.71 0.18 0.11 0.09 -1.00 0.00 3.802 Haf10
07281638-1524021 6094 65 3.77 0.17 -0.43 0.05 3.14 0.08 3.802 Haf10
07281704-1524248 6596 85 4.01 0.22 -1.02 0.08 2.45 0.24 3.802 Haf10
07281782-1520196 4786 65 4.38 0.18 -0.11 0.05 0.90 0.19 3.802 Haf10
07281939-1521043 5871 65 4.43 0.17 -0.61 0.05 2.28 0.08 3.802 Haf10
07281984-1524565 5999 65 4.50 0.17 -0.14 0.06 3.16 0.09 3.802 Haf10
07282010-1524341 6012 65 4.51 0.18 -0.10 0.05 2.45 0.07 3.802 Haf10
07282057-1525124 4564 64 4.55 0.17 -0.09 0.05 0.60 0.18 3.802 Haf10
07282115-1517328 5964 66 4.34 0.17 0.24 0.05 2.52 0.07 3.802 Haf10
07282219-1525137 5379 64 4.56 0.17 -0.11 0.06 2.45 0.09 3.802 Haf10
07282249-1517291 4525 65 4.74 0.18 -0.06 0.05 0.17 0.18 3.802 Haf10
07282250-1521237 6308 64 4.14 0.17 -0.20 0.05 2.69 0.06 3.802 Haf10
07282281-1522125 5902 66 4.25 0.17 -0.29 0.06 2.21 0.08 3.802 Haf10
07282342-1518179 5783 63 3.79 0.18 -0.63 0.06 2.53 0.09 3.802 Haf10
07282343-1520556 6107 65 4.16 0.17 -0.04 0.05 2.72 0.06 3.802 Haf10
07282364-1525012 5885 70 4.34 0.21 -0.51 0.06 2.61 0.10 3.802 Haf10
07282376-1521512 5174 63 4.48 0.18 0.03 0.05 1.17 0.00 3.802 Haf10
07282436-1525123 5091 65 4.93 0.17 -0.31 0.05 1.20 0.24 3.802 Haf10
07282556-1523420 5760 67 4.50 0.17 0.02 0.05 2.29 0.09 3.802 Haf10
07282569-1518097 4798 67 4.80 0.18 0.33 0.05 1.02 0.20 3.802 Haf10
07282576-1524558 5127 66 4.25 0.17 0.28 0.06 0.70 0.50 3.802 Haf10
07282668-1526155 6424 73 4.22 0.21 -0.15 0.05 2.66 0.14 3.802 Haf10
07282683-1518092 4886 64 4.81 0.18 0.11 0.05 0.94 0.00 3.802 Haf10
07282751-1524005 6229 66 4.22 0.17 -0.64 0.06 2.07 0.17 3.802 Haf10
07282783-1525253 5708 65 4.50 0.17 -0.05 0.05 2.33 0.08 3.802 Haf10
07282811-1520390 5862 66 3.78 0.17 -0.53 0.06 2.76 0.09 3.802 Haf10
07282951-1525201 6215 66 4.16 0.17 -0.47 0.05 2.51 0.12 3.802 Haf10
07282956-1526001 6219 65 4.08 0.17 -0.07 0.05 3.07 0.09 3.802 Haf10
07282971-1522260 5006 66 4.48 0.18 -0.51 0.05 0.23 0.78 3.802 Haf10
07283013-1523355 5194 63 4.62 0.17 -0.09 0.05 1.14 0.00 3.802 Haf10
07283056-1521308 4936 64 3.14 0.18 -0.57 0.05 0.44 0.29 3.802 Haf10
07283081-1526277 6472 81 4.20 0.22 -0.04 0.08 2.69 0.00 3.802 Haf10
07283096-1519392 6128 65 4.02 0.17 -0.29 0.05 2.68 0.09 3.802 Haf10
07283103-1522296 5848 66 4.07 0.17 -0.83 0.05 2.21 0.15 3.802 Haf10
07283104-1526023 5837 65 3.93 0.17 -0.38 0.06 2.83 0.07 3.802 Haf10
07283133-1517554 5026 66 2.94 0.18 -0.13 0.05 0.25 0.79 3.802 Haf10
07283180-1521203 6013 64 4.12 0.18 -0.27 0.05 2.86 0.09 3.802 Haf10
07283197-1518511 6398 66 4.36 0.18 -0.25 0.06 2.48 0.13 3.802 Haf10
07283202-1519366 5499 65 3.86 0.17 -0.22 0.05 2.06 0.09 3.802 Haf10
07283204-1520493 5923 63 4.38 0.17 -0.24 0.06 2.95 0.10 3.802 Haf10
07283208-1521576 6269 75 4.20 0.18 -0.43 0.09 2.14 0.22 3.802 Haf10
07283250-1517138 5407 64 4.53 0.17 -0.52 0.05 1.63 0.17 3.802 Haf10
07283349-1524560 6389 65 4.36 0.17 -0.33 0.05 2.95 0.10 3.802 Haf10
07283546-1521295 6105 65 4.09 0.17 -0.24 0.06 2.51 0.11 3.802 Haf10
07283593-1522417 6424 65 4.12 0.17 -0.21 0.05 2.14 0.00 3.802 Haf10
07283613-1518049 5070 64 3.30 0.17 -0.36 0.05 1.05 0.13 3.802 Haf10
07283637-1522250 6139 64 4.14 0.17 -0.25 0.05 2.95 0.06 3.802 Haf10
07283641-1521415 6226 68 4.43 0.17 -0.44 0.05 2.73 0.10 3.802 Haf10
07283652-1519048 6486 66 4.08 0.18 -0.16 0.06 2.35 0.00 3.802 Haf10
07283691-1524148 6334 64 4.33 0.17 -0.21 0.06 2.13 0.16 3.802 Haf10
07283715-1520361 6154 66 4.03 0.18 -0.22 0.05 3.18 0.06 3.802 Haf10
07283730-1524481 6319 66 4.14 0.17 -0.42 0.05 2.80 0.07 3.802 Haf10
07283732-1523366 5259 63 4.61 0.17 -0.03 0.05 1.48 0.12 3.802 Haf10
07283738-1520511 4987 64 2.94 0.17 -0.17 0.06 0.24 0.57 3.802 Haf10
07283789-1522145 6294 64 3.99 0.18 -0.35 0.05 2.46 0.12 3.802 Haf10
07283818-1524515 6352 65 4.16 0.18 -0.09 0.05 3.12 0.08 3.802 Haf10
07283823-1522342 6749 65 3.86 0.18 0.18 0.05 3.50 0.08 3.802 Haf10
07283893-1526147 6104 65 4.20 0.17 -0.67 0.06 2.29 0.17 3.802 Haf10
07283900-1525265 6954 66 4.17 0.17 -0.25 0.05 2.85 0.12 3.802 Haf10
07283932-1527131 6600 65 3.65 0.17 -0.05 0.05 2.82 0.12 3.802 Haf10
07283933-1527335 5019 65 3.30 0.17 -0.29 0.06 0.49 0.26 3.802 Haf10
07283979-1519177 5067 65 4.16 0.18 -0.47 0.06 1.09 0.00 3.802 Haf10
07283981-1521242 6440 66 4.22 0.17 -0.18 0.06 2.66 0.12 3.802 Haf10
07283987-1521127 6092 72 4.21 0.20 -0.31 0.06 3.03 0.09 3.802 Haf10
07284015-1520424 6036 65 4.21 0.18 -0.24 0.05 2.54 0.11 3.802 Haf10
07284044-1518179 6130 66 4.28 0.18 -0.73 0.06 2.44 0.15 3.802 Haf10
07284045-1518525 6149 63 4.26 0.17 0.01 0.05 2.23 0.33 3.802 Haf10
07284098-1523287 6201 78 4.08 0.18 -0.16 0.09 1.95 0.19 3.802 Haf10
07284117-1518295 5081 63 4.38 0.18 -0.27 0.06 1.30 0.25 3.802 Haf10
07284122-1522405 5926 67 4.19 0.17 -0.57 0.05 2.29 0.19 3.802 Haf10
07284139-1520510 5733 70 4.15 0.21 -0.65 0.05 2.67 0.13 3.802 Haf10
07284167-1517549 6324 65 4.22 0.17 -0.42 0.05 2.29 0.09 3.802 Haf10
07284256-1519514 6266 65 4.06 0.17 0.03 0.05 2.99 0.10 3.802 Haf10
07284260-1521440 6145 65 4.10 0.18 -0.22 0.06 2.73 0.10 3.802 Haf10
07284324-1525356 5785 63 4.54 0.17 0.34 0.05 1.46 0.22 3.802 Haf10
07284363-1523200 5699 64 4.42 0.18 -0.64 0.06 2.29 0.11 3.802 Haf10
07284383-1527545 5993 64 4.53 0.18 -0.15 0.06 2.76 0.07 3.802 Haf10
07284465-1521411 5538 64 4.43 0.18 -0.19 0.05 1.98 0.11 3.802 Haf10
07284486-1522358 5914 75 4.64 0.18 -0.14 0.10 2.88 0.10 3.802 Haf10
07284531-1520232 6017 65 4.05 0.17 -0.33 0.05 2.72 0.10 3.802 Haf10
07284583-1523375 5541 69 4.39 0.22 -0.40 0.05 2.23 0.12 3.802 Haf10
07284590-1523132 5934 66 4.10 0.17 -0.44 0.05 2.69 0.10 3.802 Haf10
07284727-1519039 6143 64 4.09 0.17 -0.26 0.05 2.84 0.07 3.802 Haf10
07284772-1524283 5332 65 3.97 0.18 -0.45 0.05 1.63 0.00 3.802 Haf10
07284784-1521479 6080 66 4.58 0.17 -0.02 0.06 2.69 0.10 3.802 Haf10
07284791-1520192 4758 79 4.43 0.18 -0.12 0.09 0.64 0.74 3.802 Haf10
07284839-1519110 5420 64 4.48 0.17 -0.48 0.06 1.58 0.14 3.802 Haf10
07284952-1519107 6247 65 3.84 0.17 -0.25 0.05 1.77 0.30 3.802 Haf10
07285010-1522416 6472 65 4.13 0.17 -0.08 0.05 2.87 0.09 3.802 Haf10
07285081-1524216 5955 64 4.46 0.17 0.18 0.06 2.43 0.08 3.802 Haf10
07285177-1520418 6319 67 4.16 0.18 -0.04 0.05 2.60 0.09 3.802 Haf10
07285189-1522430 5994 103 3.84 0.33 -0.41 0.10 2.64 0.18 3.802 Haf10
07285235-1523555 6610 65 4.33 0.18 -0.48 0.05 2.54 0.14 3.802 Haf10
07285403-1522539 5885 64 4.28 0.17 -0.28 0.05 2.86 0.07 3.802 Haf10
07285536-1522472 5929 66 4.55 0.18 -0.06 0.06 2.97 0.08 3.802 Haf10
07285546-1516092 6167 65 4.21 0.17 0.08 0.05 2.62 0.06 3.802 Haf10
07281595-1523510 6254 65 4.26 0.17 -0.06 0.05 2.18 0.20 3.802 Haf10
07282468-1522032 4551 30 2.32 0.05 -0.10 0.05 0.22 0.04 3.802 Haf10
07283029-1520595 4592 31 2.02 0.05 -0.14 0.05 0.74 0.05 3.802 Haf10
07283032-1521557 4892 31 2.78 0.05 -0.05 0.05 -0.22 0.00 3.802 Haf10
07283486-1520379 4940 30 2.77 0.05 -0.13 0.05 0.54 0.00 3.802 Haf10
07283657-1521522 4575 31 2.36 0.05 -0.14 0.05 0.33 0.06 3.802 Haf10
07283773-1521542 4721 30 2.57 0.05 -0.11 0.05 -0.40 0.32 3.802 Haf10
07283824-1520189 4931 30 2.78 0.05 -0.13 0.05 0.36 0.00 3.802 Haf10
07283941-1526235 4188 42 1.22 0.08 -0.29 0.05 0.06 0.09 3.802 Haf10
07284186-1522556 4873 32 2.70 0.05 -0.14 0.05 0.42 0.08 3.802 Haf10
