OBJECT TEFF E_TEFF LOGG E_LOGG FEH E_FEH LI1 E_LI1 "AGE (Gyr)" GES_FLD
08351399-5308560 4707 82 2.63 0.18 -0.33 0.08 0.49 0.22 0.029 IC2391
08352291-5307301 4761 84 2.76 0.15 -0.15 0.07 0.78 0.00 0.029 IC2391
08355028-5300325 4858 82 2.73 0.21 -0.10 0.05 0.83 0.00 0.029 IC2391
08360676-5314162 4846 83 2.88 0.19 -0.07 0.05 0.72 0.13 0.029 IC2391
08361153-5312360 4089.47 67.75 4.56 0.10 -0.06 0.05 -0.17 0.26 0.029 IC2391
08363139-5320463 4828 81 2.75 0.10 -0.02 0.04 1.45 0.10 0.029 IC2391
08363862-5309557 4370.55 73.33 4.80 0.09 -0.08 0.05 0.22 0.14 0.029 IC2391
08364253-5312255 4516.8 76.23 2.55 0.09 0.11 0.05 0.24 0.15 0.029 IC2391
08364479-5306491 4762 84 2.76 0.13 -0.08 0.07 0.86 0.00 0.029 IC2391
08372022-5311224 4831 83 3.13 0.23 0.01 0.05 0.99 0.00 0.029 IC2391
08372460-5310028 4700 81 2.61 0.19 -0.16 0.08 -0.52 0.52 0.029 IC2391
08373689-5305481 4712 81 2.67 0.11 -0.06 0.06 0.86 0.00 0.029 IC2391
08362283-5307387 4923 82 2.94 0.21 -0.03 0.05 1.04 0.00 0.029 IC2391
08362680-5314386 4575 82 2.39 0.16 -0.31 0.07 0.26 0.00 0.029 IC2391
08363926-5305042 4597 82 2.67 0.12 -0.08 0.07 0.58 0.00 0.029 IC2391
08371709-5305201 4686 82 2.61 0.12 -0.06 0.06 0.80 0.00 0.029 IC2391
08372675-5305321 4698 81 2.62 0.16 -0.24 0.08 0.19 0.33 0.029 IC2391
08365498-5308342 5250 31 4.47 0.05 -0.10 0.05 2.73 0.04 0.029 IC2391
08375033-5306249 4577 82 2.57 0.10 -0.02 0.06 0.36 0.15 0.029 IC2391
08375621-5311032 4823 85 2.64 0.22 -0.06 0.05 0.84 0.00 0.029 IC2391
08380733-5300459 5006 82 3.27 0.23 -0.04 0.05 1.15 0.00 0.029 IC2391
08384138-5255039 3813.75 62.03 4.59 0.13 -0.32 0.21 -0.26 0.43 0.029 IC2391
08384981-5255460 4444.1 83.13 2.52 0.13 0.12 0.06 0.65 0.00 0.029 IC2391
08390797-5257481 4750 82 2.93 0.12 -0.06 0.06 0.82 0.00 0.029 IC2391
08392367-5253563 4834 83 2.73 0.17 -0.16 0.08 0.81 0.00 0.029 IC2391
08392908-5311059 4861 84 2.99 0.20 -0.07 0.04 -0.43 0.57 0.029 IC2391
08393005-5310243 4946 83 2.85 0.08 -0.01 0.04 -0.49 0.58 0.029 IC2391
08393202-5301440 4714 82 2.68 0.08 0.01 0.04 -1.00 0.00 0.029 IC2391
08393234-5258030 4598.24 81.32 2.74 0.11 0.04 0.06 0.11 0.22 0.029 IC2391
08393932-5311091 4939 81 2.83 0.08 0.00 0.04 0.04 0.36 0.029 IC2391
08394524-5311441 4889 82 2.66 0.21 -0.07 0.05 1.04 0.00 0.029 IC2391
08381987-5310515 4577.73 89.45 2.64 0.15 -0.04 0.06 0.51 0.00 0.029 IC2391
08383609-5257532 4889 81 2.82 0.20 -0.05 0.06 0.98 0.14 0.029 IC2391
08384653-5315458 4581 81 2.55 0.10 0.05 0.05 0.21 0.16 0.029 IC2391
08385666-5315138 4694 83 2.65 0.16 -0.07 0.06 0.81 0.00 0.029 IC2391
08393421-5253230 4723 85 2.65 0.14 -0.19 0.07 0.60 0.16 0.029 IC2391
08381700-5320496 4654 84 2.67 0.08 0.07 0.04 0.05 0.18 0.029 IC2391
08381913-5322283 4846 80 2.71 0.11 -0.02 0.05 0.40 0.25 0.029 IC2391
08391133-5328374 4568 83 2.59 0.11 0.12 0.05 -0.85 0.48 0.029 IC2391
08393196-5320524 4094.99 65.39 4.67 0.08 -0.06 0.03 -0.34 0.29 0.029 IC2391
08393802-5336544 4920 82 2.72 0.19 -0.07 0.05 0.86 0.00 0.029 IC2391
08394052-5336412 4546.18 84.76 2.51 0.15 0.06 0.06 -0.25 0.56 0.029 IC2391
08395196-5329155 4526 82 2.37 0.14 -0.15 0.07 0.55 0.00 0.029 IC2391
08400812-5324165 4748 82 2.72 0.09 0.04 0.05 0.96 0.00 0.029 IC2391
08401533-5325310 4539 81 2.48 0.13 -0.07 0.08 0.42 0.00 0.029 IC2391
08402079-5324355 4828 82 2.73 0.21 -0.07 0.06 0.94 0.00 0.029 IC2391
08402993-5329079 4648 82 2.62 0.13 -0.03 0.06 0.77 0.15 0.029 IC2391
08403847-5329247 4712 81 2.71 0.11 -0.03 0.04 0.74 0.00 0.029 IC2391
08380503-5224195 4749 83 2.64 0.15 -0.17 0.07 0.74 0.16 0.029 IC2391
08385882-5222237 4763 82 2.65 0.13 -0.01 0.05 0.77 0.00 0.029 IC2391
08385985-5217393 4649 83 2.70 0.10 0.02 0.05 0.01 0.27 0.029 IC2391
08390629-5225062 4592.36 78.01 2.38 0.17 -0.32 0.07 0.36 0.00 0.029 IC2391
08390725-5223138 4645 82 2.63 0.11 0.03 0.05 0.82 0.00 0.029 IC2391
08392067-5220224 4681 83 2.60 0.13 -0.18 0.07 0.66 0.00 0.029 IC2391
08392149-5234136 4547 83 2.43 0.13 -0.23 0.07 0.45 0.00 0.029 IC2391
08392496-5230364 4596 81 2.58 0.09 -0.17 0.07 -0.60 0.43 0.029 IC2391
08392921-5228419 4577.41 77.66 2.44 0.13 -0.08 0.06 -0.88 0.40 0.029 IC2391
08393083-5237500 4540 83 2.52 0.12 -0.05 0.06 0.59 0.13 0.029 IC2391
08393339-5228168 4701 81 2.67 0.09 -0.05 0.05 0.84 0.00 0.029 IC2391
08400511-5234116 4608 81 2.58 0.17 -0.30 0.07 0.51 0.00 0.029 IC2391
08401421-5226240 4637 85 2.62 0.09 0.00 0.05 0.79 0.00 0.029 IC2391
08391723-5218236 4992 31 2.78 0.05 0.01 0.17 0.06 0.00 0.029 IC2391
08393041-5319416 4777 83 2.66 0.18 -0.12 0.06 0.63 0.00 0.029 IC2391
08394454-5321441 4550 82 2.53 0.13 -0.06 0.07 -0.30 0.51 0.029 IC2391
08395152-5315159 4602 81 2.60 0.09 0.00 0.05 1.98 0.13 0.029 IC2391
08402939-5310496 4577 81 2.59 0.09 -0.04 0.05 0.72 0.00 0.029 IC2391
08403826-5317417 4568.44 77.39 2.55 0.11 -0.07 0.07 -0.38 0.45 0.029 IC2391
08405414-5307492 4795 82 2.71 0.10 -0.04 0.04 0.96 0.00 0.029 IC2391
08400345-5306273 4934 30 2.53 0.05 -0.33 0.05 0.09 0.00 0.029 IC2391
08400571-5305599 4742 30 2.85 0.05 0.14 0.05 0.21 0.00 0.029 IC2391
08390075-5231025 4801 83 2.75 0.14 -0.09 0.06 0.98 0.00 0.029 IC2391
08391241-5232102 4557.03 79.8 2.68 0.11 0.05 0.05 0.12 0.20 0.029 IC2391
08392411-5229291 4601 83 2.61 0.11 -0.15 0.07 0.43 0.14 0.029 IC2391
08392714-5221433 4555 83 2.48 0.12 -0.12 0.07 -0.82 0.44 0.029 IC2391
08385545-5222391 4591 31 2.44 0.05 0.08 0.17 -1.00 0.00 0.029 IC2391
08412444-5336332 4599 83 2.82 0.09 0.08 0.05 0.27 0.15 0.029 IC2391
08413027-5323563 4583 86.63 2.52 0.13 -0.01 0.07 -0.29 0.56 0.029 IC2391
08413234-5321557 5087 81 2.92 0.15 0.01 0.06 0.67 0.64 0.029 IC2391
08413335-5339049 4671 81 2.66 0.13 0.00 0.06 0.98 0.15 0.029 IC2391
08415196-5325195 4660 82 2.61 0.12 -0.04 0.07 0.66 0.00 0.029 IC2391
08415997-5315298 4558 81 2.57 0.08 -0.01 0.06 0.01 0.17 0.029 IC2391
08422781-5322568 4113.33 66.41 4.69 0.08 0.17 0.03 -1.00 0.00 0.029 IC2391
08424120-5319510 4695 83 2.61 0.12 -0.16 0.06 0.71 0.00 0.029 IC2391
08424419-5331431 4872 82 2.86 0.11 -0.02 0.05 1.02 0.00 0.029 IC2391
08431362-5324105 4532 78 2.57 0.14 0.07 0.06 0.27 0.19 0.029 IC2391
08422990-5330347 4566 31 2.51 0.05 0.20 0.05 -0.32 0.10 0.029 IC2391
08385149-5321086 4710 84 2.59 0.22 -0.11 0.05 0.69 0.16 0.029 IC2391
08385666-5330275 4914 81 2.77 0.21 -0.02 0.05 1.05 0.00 0.029 IC2391
08390859-5319164 4653 82 2.63 0.15 -0.24 0.08 0.48 0.18 0.029 IC2391
08392095-5329375 4624 80 2.53 0.21 -0.18 0.07 0.57 0.00 0.029 IC2391
08405408-5328089 4556 83 2.38 0.16 -0.14 0.07 0.42 0.00 0.029 IC2391
08410989-5327366 4719 83 2.88 0.12 0.00 0.05 0.95 0.14 0.029 IC2391
08412642-5320332 4647 79 2.49 0.20 -0.13 0.07 0.65 0.00 0.029 IC2391
08390676-5352167 4515.12 80.93 2.29 0.16 -0.12 0.08 -0.09 0.36 0.029 IC2391
08390890-5341042 4943 82 2.69 0.21 -0.09 0.05 0.11 0.76 0.029 IC2391
08391713-5355032 4435.39 84.38 2.19 0.18 -0.21 0.08 0.34 0.00 0.029 IC2391
08393041-5350097 4660 82 2.84 0.09 -0.11 0.07 -0.17 0.29 0.029 IC2391
08393049-5348377 4639 84 2.61 0.12 -0.02 0.05 0.75 0.00 0.029 IC2391
08394166-5342159 4704 80 2.68 0.09 -0.02 0.05 0.87 0.00 0.029 IC2391
08394203-5357189 3873.97 79.65 4.43 0.27 0.12 0.22 0.51 0.23 0.029 IC2391
08394221-5342412 4792 80 2.99 0.15 0.02 0.05 -0.18 0.59 0.029 IC2391
08395519-5353230 4603 82 2.60 0.10 -0.14 0.07 0.68 0.00 0.029 IC2391
08395644-5346333 4657 81 2.63 0.09 -0.04 0.05 0.03 0.22 0.029 IC2391
08401022-5345021 4590.87 80.33 2.46 0.12 -0.13 0.07 0.40 0.14 0.029 IC2391
08401064-5336239 4708 84 2.65 0.20 -0.10 0.05 0.83 0.00 0.029 IC2391
08401782-5336393 4568 84 2.78 0.13 -0.13 0.08 0.28 0.19 0.029 IC2391
08402180-5340155 4900 82 2.78 0.09 -0.02 0.04 0.57 0.16 0.029 IC2391
08402295-5336456 4805 83 2.74 0.10 -0.05 0.05 0.82 0.00 0.029 IC2391
08402313-5345000 4863 81 2.68 0.21 -0.06 0.05 1.04 0.00 0.029 IC2391
08404796-5335083 4561 83 2.58 0.12 0.01 0.06 1.22 0.12 0.029 IC2391
08405170-5341409 4777 82 2.70 0.17 -0.11 0.08 0.94 0.00 0.029 IC2391
08405272-5346247 4653 80 2.51 0.24 -0.14 0.06 0.37 0.23 0.029 IC2391
08410435-5351301 4599 82 2.61 0.10 -0.15 0.07 0.53 0.00 0.029 IC2391
08393574-5343310 5696 32 4.20 0.06 0.12 0.05 0.97 0.00 0.029 IC2391
08400624-5338069 5815 58 4.37 0.10 0.11 0.11 3.01 0.05 0.029 IC2391
08401890-5345161 5126 31 2.68 0.05 -0.04 0.05 0.56 0.10 0.029 IC2391
08412722-5239356 4745 83 2.67 0.10 -0.05 0.05 0.81 0.00 0.029 IC2391
08421638-5246234 4595 82 2.53 0.16 -0.02 0.07 0.09 0.29 0.029 IC2391
08421776-5238242 4673 84 2.66 0.11 -0.01 0.05 0.81 0.00 0.029 IC2391
08424966-5251439 4581 81 2.60 0.12 0.13 0.06 0.86 0.00 0.029 IC2391
08425286-5247441 4129.22 68.29 4.68 0.09 -0.18 0.05 -0.08 0.25 0.029 IC2391
08430093-5239058 4614 80 2.81 0.13 0.05 0.06 0.37 0.20 0.029 IC2391
08432495-5248169 4761 84 2.68 0.14 -0.01 0.05 0.94 0.00 0.029 IC2391
08433277-5247541 4675 83 2.63 0.09 0.04 0.05 0.05 0.21 0.029 IC2391
08434131-5238566 4847 81 2.72 0.17 -0.08 0.07 1.04 0.00 0.029 IC2391
08420561-5239291 4985 31 3.16 0.05 -0.06 0.05 -0.75 0.00 0.029 IC2391
08421690-5240336 4905 30 2.61 0.05 -0.31 0.05 -0.28 0.00 0.029 IC2391
08424965-5246269 6169 59 4.15 0.09 0.08 0.11 2.00 0.06 0.029 IC2391
08435595-5241541 4607 30 2.65 0.06 0.10 0.05 -0.35 0.00 0.029 IC2391
08403120-5311443 4599 81 2.55 0.14 -0.19 0.08 0.52 0.14 0.029 IC2391
08403578-5314571 4527 83 2.56 0.11 -0.01 0.06 0.68 0.00 0.029 IC2391
08403950-5300371 4518.31 86.8 2.46 0.18 -0.02 0.09 0.43 0.19 0.029 IC2391
08404085-5258402 4558 83 2.42 0.19 -0.06 0.08 0.53 0.00 0.029 IC2391
08404412-5316241 4778 81 2.72 0.12 -0.03 0.05 1.00 0.00 0.029 IC2391
08404734-5302553 4564 80 2.56 0.17 -0.11 0.08 0.48 0.18 0.029 IC2391
08404810-5304466 4906 80 2.72 0.19 -0.04 0.04 1.00 0.00 0.029 IC2391
08405643-5308309 4589.4 101.69 2.57 0.20 -0.11 0.07 2.76 0.18 0.029 IC2391
08412305-5301544 4714 83 2.59 0.19 -0.22 0.09 0.23 0.67 0.029 IC2391
08412314-5259579 4650 85 2.64 0.11 0.02 0.06 -0.27 0.55 0.029 IC2391
08412662-5304262 4557 82 2.33 0.19 -0.24 0.09 0.20 0.00 0.029 IC2391
08413585-5300063 4597.91 81.73 2.55 0.11 0.10 0.05 0.23 0.21 0.029 IC2391
08420803-5313061 4559 81 2.50 0.14 -0.08 0.07 1.60 0.12 0.029 IC2391
08421357-5300004 4592 84 2.61 0.15 -0.01 0.07 -0.29 0.59 0.029 IC2391
08422062-5257515 4772 82 2.75 0.11 -0.07 0.06 1.06 0.12 0.029 IC2391
08422456-5259570 4804 79 3.01 0.15 0.00 0.04 0.22 0.21 0.029 IC2391
08423068-5257345 3856.33 60.26 4.64 0.09 0.00 0.08 0.24 0.14 0.029 IC2391
08423411-5312542 4687 81 2.61 0.19 -0.13 0.08 0.85 0.00 0.029 IC2391
08425822-5302233 4553 82 2.50 0.18 -0.12 0.08 0.45 0.00 0.029 IC2391
08432355-5301079 4625 82 2.60 0.15 -0.03 0.08 0.67 0.00 0.029 IC2391
08432464-5303553 4519 80 2.48 0.23 -0.12 0.09 0.69 0.00 0.029 IC2391
08433979-5258309 3943.82 60.7 4.54 0.07 0.07 0.03 -0.12 0.20 0.029 IC2391
08433989-5301596 4709 80 2.69 0.13 0.04 0.05 0.63 0.00 0.029 IC2391
08434636-5257031 4507.23 78.05 2.45 0.12 -0.09 0.07 0.60 0.00 0.029 IC2391
08434694-5259351 4665 81 2.53 0.21 -0.03 0.05 0.66 0.00 0.029 IC2391
08435167-5242455 4649 82 2.50 0.17 -0.09 0.04 0.57 0.00 0.029 IC2391
08442554-5246494 4907 80 2.80 0.10 -0.01 0.04 -0.04 0.66 0.029 IC2391
08442842-5301478 4722 82 2.67 0.18 -0.13 0.08 0.83 0.00 0.029 IC2391
08443396-5246277 4732 82 2.71 0.10 0.01 0.05 1.21 0.12 0.029 IC2391
08444334-5248432 4600 83 2.57 0.09 -0.04 0.06 -0.01 0.19 0.029 IC2391
08450414-5249582 4691 80 2.65 0.12 -0.10 0.06 0.63 0.00 0.029 IC2391
08451786-5253011 4630 82 2.43 0.15 -0.08 0.06 0.72 0.00 0.029 IC2391
08452277-5246539 4666 81 2.64 0.13 -0.01 0.06 0.83 0.00 0.029 IC2391
08452722-5250419 4918 83 2.74 0.18 -0.02 0.04 0.96 0.00 0.029 IC2391
08410736-5258276 4526 82 2.40 0.20 -0.13 0.09 0.05 0.69 0.029 IC2391
08415455-5301214 4587 83 2.55 0.14 -0.08 0.06 0.58 0.00 0.029 IC2391
08424803-5257010 4648 83 2.53 0.27 -0.37 0.09 0.33 0.00 0.029 IC2391
08434376-5301221 4822 82 2.77 0.15 -0.04 0.06 0.31 0.68 0.029 IC2391
08435119-5256089 4711 82 2.58 0.13 -0.19 0.07 1.07 0.14 0.029 IC2391
08451623-5244251 5034 83 2.91 0.16 -0.01 0.06 1.66 0.11 0.029 IC2391
08440521-5253171 5823 38 4.44 0.06 -0.09 0.08 3.29 0.04 0.029 IC2391
08443450-5255325 5062 30 4.46 0.05 0.23 0.05 0.21 0.13 0.029 IC2391
08392028-5249544 4880 82 2.81 0.13 -0.04 0.05 0.89 0.00 0.029 IC2391
08392578-5246292 4630 84 2.62 0.09 -0.04 0.05 0.70 0.00 0.029 IC2391
08401060-5251512 4742 80 2.71 0.11 -0.10 0.05 0.88 0.00 0.029 IC2391
08403479-5245265 4882 81 2.68 0.22 -0.10 0.05 0.08 0.73 0.029 IC2391
08405129-5255423 4749 83 2.72 0.20 -0.01 0.05 0.81 0.00 0.029 IC2391
08410275-5249304 4542.83 84.54 2.47 0.15 -0.09 0.07 -0.15 0.58 0.029 IC2391
08410558-5235207 5115 83 3.22 0.17 -0.01 0.06 0.71 0.33 0.029 IC2391
08410701-5251041 4518.39 77.9 2.43 0.12 -0.13 0.07 0.62 0.00 0.029 IC2391
08410766-5237039 4717 84 2.58 0.20 -0.11 0.06 0.80 0.00 0.029 IC2391
08412746-5238258 4881 84 2.64 0.21 -0.08 0.05 0.69 0.00 0.029 IC2391
08413388-5247453 4884 82 2.70 0.18 -0.07 0.04 0.46 0.17 0.029 IC2391
08400164-5242126 7007.2 500 2.75 1.20 -0.21 0.20 3.16 0.37 0.029 IC2391
08401658-5242256 5109 31 2.80 0.05 -0.03 0.05 0.37 0.00 0.029 IC2391
08403232-5239099 4820 30 2.68 0.05 0.16 0.05 0.21 0.07 0.029 IC2391
08401102-5242524 4586 82 2.55 0.13 -0.04 0.05 0.57 0.00 0.029 IC2391
08404413-5233010 4702 85 2.66 0.16 -0.16 0.07 0.81 0.00 0.029 IC2391
08410228-5250141 3933.03 61.15 4.68 0.08 0.06 0.04 -1.00 0.00 0.029 IC2391
08400203-5248404 4856 31 2.72 0.05 -0.39 0.05 0.92 0.05 0.029 IC2391
08403980-5245588 4662 30 2.76 0.05 0.04 0.06 -1.00 0.00 0.029 IC2391
08410002-5244215 4964 30 2.80 0.05 -0.04 0.05 -0.32 0.00 0.029 IC2391
08415507-5237485 4667 83 2.75 0.10 0.00 0.05 0.69 0.15 0.029 IC2391
08421665-5247042 4514 80 2.49 0.10 -0.06 0.07 -0.21 0.20 0.029 IC2391
08424385-5234272 4905 79 2.72 0.21 -0.11 0.05 0.19 0.45 0.029 IC2391
08425386-5251207 4673 82 2.65 0.13 -0.03 0.06 0.84 0.00 0.029 IC2391
