OBJECT TEFF E_TEFF LOGG E_LOGG FEH E_FEH LI1 E_LI1 "AGE (Gyr)" GES_FLD MEM3D
10451855-6332265 3998.68 61.81 4.59 0.06 0.02 0.02 0 0.2 0.036 IC2602 0.9998
10452826-6413450 6873 65 4.03 0.1 -0.27 0.11 3.42 0.04 0.036 IC2602 0.9992
10442256-6415301 5812 31 4.47 0.05 -0.04 0.06 3.13 0.03 0.036 IC2602 0.9999
10440681-6359351 5766 36 4.43 0.05 -0.04 0.05 3.3 0.04 0.036 IC2602 0.9998
10381766-6408065 5832 58 4.41 0.1 0.03 0.11 3.3 0.05 0.036 IC2602 0.9998
10284372-6435392 6858 44 4.07 0.07 0.06 0.05 3.32 0.03 0.036 IC2602 0.9988
10430024-6530179 5376 80 4.47 0.07 -0.03 0.06 2.87 0.09 0.036 IC2602 0.9997
10345408-6408452 3928.14 60.01 4.54 0.07 0.03 0.01 0.88 0.07 0.036 IC2602 0.9998
10420708-6446079 5248 82 4.16 0.13 0.05 0.05 2.3 0.09 0.036 IC2602 0.9999
