OBJECT TEFF E_TEFF LOGG E_LOGG FEH E_FEH LI1 E_LI1 "AGE (Gyr)" GES_FLD
17454145+0602391 4053.12 92.06 4.45 0.19 -0.24 0.18 0.04 0.00 0.033 IC4665
17454558+0556098 4052.93 74.85 4.67 0.14 0.11 0.08 -1.00 0.00 0.033 IC4665
17454867+0600413 4306.02 86.24 4.59 0.15 -0.01 0.07 0.28 0.22 0.033 IC4665
17455673+0552240 3851.48 60.62 4.62 0.10 -0.38 0.13 0.28 0.15 0.033 IC4665
17460197+0550254 3874.15 61.61 4.63 0.10 -0.07 0.09 -0.01 0.26 0.033 IC4665
17461438+0550362 3824.92 59.11 4.65 0.09 -0.18 0.10 0.34 0.13 0.033 IC4665
17462383+0602344 3941.54 61.8 4.51 0.08 0.10 0.05 0.05 0.22 0.033 IC4665
17462540+0603444 4078.71 73.55 4.84 0.13 0.02 0.07 0.18 0.21 0.033 IC4665
17462591+0558248 4000.67 69.04 4.56 0.12 0.11 0.07 -1.00 0.00 0.033 IC4665
17462649+0558401 4308.97 78.92 4.73 0.12 -0.01 0.06 0.00 0.00 0.033 IC4665
17463169+0549124 4227.35 92.84 4.65 0.17 0.02 0.08 0.14 0.00 0.033 IC4665
17463638+0604294 3815.56 62.86 4.62 0.13 0.04 0.17 -0.34 0.74 0.033 IC4665
17464182+0558289 3878.06 68.6 4.62 0.15 0.18 0.15 0.66 0.17 0.033 IC4665
17464824+0554522 3878.9 63.42 4.68 0.12 -0.35 0.15 0.37 0.14 0.033 IC4665
17465546+0556081 3844.15 59.91 4.63 0.09 -0.33 0.11 0.39 0.13 0.033 IC4665
17465785+0559100 4541 84 4.62 0.16 -0.03 0.07 -0.09 0.64 0.033 IC4665
17455598+0602542 5680 37 4.38 0.06 0.00 0.05 3.54 0.04 0.033 IC4665
17460709+0555486 6023 31 4.35 0.05 0.10 0.05 3.28 0.03 0.033 IC4665
17463149+0605280 6133 58 4.18 0.10 0.06 0.11 3.37 0.05 0.033 IC4665
17460173+0537166 5685 82 4.32 0.15 0.11 0.06 1.49 0.25 0.033 IC4665
17460366+0532394 4815 82 3.38 0.23 0.08 0.06 1.02 0.00 0.033 IC4665
17460981+0525340 4671 80 2.55 0.24 -0.16 0.09 1.48 0.14 0.033 IC4665
17461212+0528362 4950 81 2.74 0.27 -0.11 0.06 1.25 0.15 0.033 IC4665
17461263+0538547 4445.72 91.91 1.94 0.21 -0.40 0.09 -0.32 0.54 0.033 IC4665
17461465+0542155 5396 84 4.53 0.08 0.09 0.06 0.58 0.33 0.033 IC4665
17461779+0545090 4406.79 85.89 2.25 0.20 -0.19 0.09 0.14 0.23 0.033 IC4665
17462366+0525344 5451 78 4.21 0.16 0.22 0.06 1.41 0.17 0.033 IC4665
17462841+0540180 4515.33 94.3 2.31 0.21 -0.20 0.09 0.62 0.00 0.033 IC4665
17462973+0524124 4605 80 2.76 0.12 -0.01 0.06 0.27 0.21 0.033 IC4665
17463397+0528512 6087 85 4.08 0.12 -0.30 0.07 2.54 0.07 0.033 IC4665
17463397+0540541 4524 82 2.42 0.20 -0.15 0.08 -0.05 0.43 0.033 IC4665
17463399+0539521 4606 80 2.40 0.19 -0.29 0.07 -0.46 0.47 0.033 IC4665
17463593+0534160 5664 80 4.33 0.10 0.08 0.05 0.86 0.45 0.033 IC4665
17464221+0533420 4629 82 4.52 0.21 -0.06 0.08 0.45 0.00 0.033 IC4665
17464238+0525514 4821 81 4.52 0.11 -0.06 0.06 0.24 0.34 0.033 IC4665
17464256+0528003 4598 84 2.52 0.28 -0.31 0.09 0.54 0.00 0.033 IC4665
17464426+0528335 6491 83 4.15 0.10 0.07 0.06 2.10 0.13 0.033 IC4665
17464511+0537339 6019 81 4.41 0.08 0.18 0.05 1.26 0.26 0.033 IC4665
17464911+0526065 5011 81 3.49 0.31 -0.27 0.09 1.27 0.18 0.033 IC4665
17465032+0533038 5268 82 3.91 0.22 0.13 0.06 1.77 0.11 0.033 IC4665
17465080+0542256 5103 84 4.40 0.15 0.01 0.06 0.88 0.26 0.033 IC4665
17465117+0530410 4960 84 3.10 0.27 -0.05 0.06 0.48 0.92 0.033 IC4665
17465585+0523343 6315 79 4.05 0.09 0.02 0.06 2.45 0.05 0.033 IC4665
17465627+0530397 5578 81 4.11 0.11 0.05 0.06 0.73 0.51 0.033 IC4665
17470337+0531556 5150 81 4.47 0.08 -0.08 0.05 1.03 0.00 0.033 IC4665
17470474+0529162 5913 82 4.38 0.09 0.06 0.06 1.93 0.09 0.033 IC4665
17471101+0526105 4535.17 77.95 2.27 0.14 -0.20 0.08 0.55 0.00 0.033 IC4665
17471230+0531160 4984 82 3.52 0.19 0.09 0.05 1.07 0.12 0.033 IC4665
17471920+0531105 5641 82 4.51 0.08 0.05 0.06 1.44 0.00 0.033 IC4665
17472603+0537280 5158 81 4.08 0.18 -0.15 0.06 0.80 0.29 0.033 IC4665
17461845+0528170 6070 31 4.12 0.05 0.07 0.05 2.56 0.03 0.033 IC4665
17470638+0526026 6540 44 3.98 0.07 -0.04 0.06 2.70 0.03 0.033 IC4665
17471166+0541502 5597 31 4.06 0.05 0.10 0.05 1.97 0.04 0.033 IC4665
17463998+0605144 4742 82 4.72 0.19 -0.15 0.07 0.64 0.21 0.033 IC4665
17464999+0604572 4547.06 83.57 2.27 0.17 -0.24 0.08 0.53 0.00 0.033 IC4665
17465203+0559079 6240 81 4.10 0.11 -0.30 0.07 1.34 0.00 0.033 IC4665
17470103+0606402 6323 83 4.22 0.10 0.07 0.05 2.70 0.06 0.033 IC4665
17470756+0600257 4613 81 2.46 0.19 -0.25 0.06 -0.10 0.28 0.033 IC4665
17470791+0604144 4870 82 4.58 0.15 -0.27 0.07 0.62 0.00 0.033 IC4665
17471408+0548498 4370.64 133.53 3.11 0.38 -0.33 0.18 0.45 0.00 0.033 IC4665
17471507+0558585 4598 80 2.61 0.16 -0.05 0.06 0.74 0.00 0.033 IC4665
17471559+0604380 5889 83 4.29 0.11 -0.17 0.08 2.13 0.09 0.033 IC4665
17471657+0556322 5837 81 4.26 0.11 -0.05 0.07 1.67 0.12 0.033 IC4665
17472070+0604000 6059 83 4.21 0.12 -0.25 0.06 1.56 0.22 0.033 IC4665
17472576+0559334 4614 82 2.48 0.19 -0.29 0.07 0.49 0.00 0.033 IC4665
17472707+0604256 5840 82 4.32 0.09 0.31 0.05 2.53 0.07 0.033 IC4665
17473004+0558496 4640 80 2.67 0.15 -0.05 0.05 0.77 0.00 0.033 IC4665
17473388+0609461 4653 83 2.48 0.22 -0.24 0.08 0.64 0.00 0.033 IC4665
17473490+0550489 5451 81 4.36 0.13 0.05 0.06 1.90 0.10 0.033 IC4665
17473908+0556317 5749 83 4.31 0.09 0.20 0.05 1.18 0.21 0.033 IC4665
17474362+0551253 6284 83 4.13 0.10 -0.29 0.06 2.09 0.08 0.033 IC4665
17474532+0603222 5017 81 4.44 0.14 -0.13 0.07 0.64 0.00 0.033 IC4665
17480117+0607377 4608 82 2.61 0.17 -0.06 0.04 -0.59 0.43 0.033 IC4665
17480166+0605412 6239 81 4.01 0.11 -0.07 0.07 2.39 0.08 0.033 IC4665
17480170+0553262 5651 81 3.94 0.20 0.26 0.07 2.07 0.12 0.033 IC4665
17480334+0603219 5815 83 4.22 0.10 0.02 0.06 2.44 0.07 0.033 IC4665
17475820+0559576 6015 32 4.02 0.05 0.05 0.05 2.53 0.03 0.033 IC4665
17475250+0513595 6765 63 3.87 0.10 0.21 0.11 3.28 0.04 0.033 IC4665
17465047+0528073 5803 85 4.19 0.07 0.14 0.05 0.95 0.26 0.033 IC4665
17465174+0517028 5711 81 4.17 0.13 -0.35 0.06 1.33 0.20 0.033 IC4665
17471842+0526438 6054 84 4.26 0.09 -0.19 0.06 2.54 0.07 0.033 IC4665
17472470+0515193 5051 79 4.42 0.09 0.08 0.05 0.85 0.13 0.033 IC4665
17472494+0533106 5635 80 4.19 0.11 -0.01 0.06 0.66 1.00 0.033 IC4665
17472700+0513467 5648 83 4.03 0.10 -0.07 0.06 0.86 0.33 0.033 IC4665
17472874+0523066 4793 85 3.20 0.21 0.06 0.05 0.72 0.12 0.033 IC4665
17472890+0521037 4647 81 4.52 0.11 -0.06 0.05 0.34 0.00 0.033 IC4665
17473104+0522166 6129 83 4.39 0.09 0.07 0.05 2.69 0.07 0.033 IC4665
17473210+0527405 4540.78 76.52 2.50 0.09 0.04 0.05 0.46 0.12 0.033 IC4665
17473770+0527058 4591 82 2.44 0.19 -0.26 0.07 0.46 0.13 0.033 IC4665
17473919+0531195 4865 83 3.01 0.20 -0.09 0.04 0.91 0.00 0.033 IC4665
17473922+0519144 6045 81 4.29 0.10 -0.03 0.06 2.45 0.06 0.033 IC4665
17473947+0527101 6329 82 4.17 0.09 -0.03 0.05 1.63 0.16 0.033 IC4665
17474089+0523590 3963.47 61.29 4.59 0.07 0.28 0.02 -1.00 0.00 0.033 IC4665
17474403+0521592 5674 85 4.37 0.09 0.14 0.05 3.38 0.09 0.033 IC4665
17474442+0530005 5723 85 4.17 0.08 0.11 0.05 1.89 0.08 0.033 IC4665
17475329+0520505 5092 84 4.53 0.10 -0.01 0.05 0.94 0.00 0.033 IC4665
17475678+0519594 5227 81 4.60 0.09 0.14 0.05 0.39 0.40 0.033 IC4665
17480254+0520103 4992 82 4.65 0.12 -0.01 0.06 0.25 0.80 0.033 IC4665
17465301+0532470 4555.1 79.18 4.50 0.10 -0.10 0.05 0.12 0.00 0.033 IC4665
17472970+0537100 3994.52 63.32 4.68 0.08 -0.07 0.04 0.00 0.23 0.033 IC4665
17473030+0540513 3955.64 61.44 4.67 0.07 0.38 0.02 -1.00 0.00 0.033 IC4665
17474618+0544254 4598.83 80.51 2.37 0.19 -0.23 0.08 0.60 0.00 0.033 IC4665
17474726+0544011 4681 83 2.52 0.19 -0.22 0.07 0.56 0.00 0.033 IC4665
17474873+0546010 3882.16 63.74 4.67 0.11 0.12 0.10 -1.00 0.00 0.033 IC4665
17474970+0527342 4123.67 72.48 4.59 0.11 0.21 0.05 -0.80 0.61 0.033 IC4665
17475266+0525456 4152.55 128.41 3.48 0.40 -0.45 0.29 0.21 0.00 0.033 IC4665
17475784+0540033 4271.96 76.42 4.61 0.12 0.10 0.06 -0.07 0.00 0.033 IC4665
17475956+0537094 3974.43 63.94 4.78 0.10 -0.12 0.07 -0.20 0.31 0.033 IC4665
17480629+0530567 4042.2 81.72 4.60 0.16 -0.11 0.13 0.16 0.00 0.033 IC4665
17480871+0529296 3827.84 62.25 4.67 0.12 0.27 0.12 -1.00 0.00 0.033 IC4665
17473331+0531460 5762 56 4.36 0.09 0.01 0.11 3.58 0.06 0.033 IC4665
17465142+0549383 4283.55 85.21 4.54 0.14 -0.08 0.07 -0.35 0.59 0.033 IC4665
17465415+0545327 3854.84 71.3 4.48 0.23 0.18 0.18 -1.00 0.00 0.033 IC4665
17472689+0555192 4391.5 77.95 4.59 0.11 -0.06 0.06 -0.14 0.00 0.033 IC4665
17472822+0555189 4710 84 2.75 0.16 0.01 0.08 0.44 0.31 0.033 IC4665
17472923+0554503 3828.84 59.86 4.54 0.10 0.29 0.08 -0.47 0.72 0.033 IC4665
17474137+0551096 3833.91 62.18 4.70 0.12 -0.15 0.15 -0.45 0.58 0.033 IC4665
17474230+0547598 4002.78 70.39 4.65 0.13 0.16 0.08 -0.97 0.57 0.033 IC4665
17474306+0553372 4115.55 68.29 4.71 0.09 0.02 0.04 -0.04 0.22 0.033 IC4665
17474683+0559435 4222.2 72.57 4.68 0.10 -0.05 0.06 -0.21 0.32 0.033 IC4665
17475221+0555454 3913.42 63.68 4.65 0.10 -0.34 0.11 -0.18 0.29 0.033 IC4665
17480389+0547403 4724 82 4.55 0.13 0.08 0.06 0.20 0.35 0.033 IC4665
17471544+0556358 5719 56 4.37 0.10 0.06 0.12 3.72 0.06 0.033 IC4665
17473252+0552316 6166 32 4.18 0.05 0.11 0.05 2.72 0.03 0.033 IC4665
17480498+0548421 5151 56 4.52 0.10 -0.04 0.11 2.93 0.07 0.033 IC4665
17460270+0526599 4528 81 4.57 0.13 -0.02 0.06 0.01 0.37 0.033 IC4665
17460364+0521009 4960 82 4.66 0.37 -0.28 0.13 1.00 0.00 0.033 IC4665
17460484+0516171 4796 81 2.89 0.31 -0.12 0.09 0.98 0.00 0.033 IC4665
17460778+0526097 4023.65 70.13 4.72 0.12 -0.24 0.09 0.32 0.16 0.033 IC4665
17461999+0522152 4222.32 75.99 4.49 0.12 0.08 0.06 0.19 0.21 0.033 IC4665
17462576+0518353 4567.28 93.42 4.60 0.15 0.01 0.07 0.19 0.39 0.033 IC4665
17462850+0517546 4585 82 2.38 0.20 -0.04 0.06 -0.27 0.58 0.033 IC4665
17463026+0530321 4466 78 4.72 0.18 -0.20 0.09 0.14 0.00 0.033 IC4665
17465034+0525389 3860.21 68.58 4.06 0.21 -0.20 0.23 -1.00 0.00 0.033 IC4665
17462473+0517214 6074 57 4.36 0.10 0.08 0.11 3.35 0.05 0.033 IC4665
17442485+0556585 4571.34 85.74 4.76 0.13 -0.03 0.06 0.22 0.26 0.033 IC4665
17443019+0542317 3873.69 72.33 4.35 0.22 0.29 0.17 -1.00 0.00 0.033 IC4665
17450156+0556223 3960.87 66.79 4.69 0.12 0.32 0.06 -1.00 0.00 0.033 IC4665
17450439+0559410 4373.9 90.18 4.64 0.15 -0.10 0.07 0.24 0.00 0.033 IC4665
17451007+0549215 4595 81 4.55 0.12 0.02 0.05 0.19 0.00 0.033 IC4665
17451467+0556230 4306.64 97.92 4.67 0.18 0.01 0.08 0.40 0.00 0.033 IC4665
17453916+0557562 4158.21 72.88 4.77 0.11 0.09 0.05 0.32 0.18 0.033 IC4665
17454034+0557260 3859.01 62.12 4.53 0.11 -0.01 0.12 0.25 0.17 0.033 IC4665
17454102+0554235 3836.38 59.32 4.55 0.09 -0.02 0.09 -0.12 0.24 0.033 IC4665
17442711+0547196 5440 38 4.57 0.06 -0.03 0.08 3.13 0.05 0.033 IC4665
17443565+0557208 6210 34 3.86 0.05 -0.36 0.05 2.48 0.04 0.033 IC4665
17445810+0551329 5358 35 4.44 0.05 -0.06 0.06 2.94 0.04 0.033 IC4665
17451940+0547401 5194 36 4.47 0.05 -0.02 0.05 3.00 0.05 0.033 IC4665
17442847+0523464 5148 83 3.75 0.22 0.01 0.06 1.32 0.15 0.033 IC4665
17443177+0518564 4660 81 4.69 0.12 0.04 0.05 -0.31 0.54 0.033 IC4665
17444882+0529193 5204 83 4.63 0.11 -0.12 0.07 1.09 0.00 0.033 IC4665
17445399+0514548 6052 82 4.20 0.13 -0.18 0.07 2.74 0.07 0.033 IC4665
17450471+0524488 4475.74 74.64 2.24 0.13 -0.19 0.07 0.44 0.00 0.033 IC4665
17450500+0513517 5680 82 4.07 0.12 0.19 0.06 1.93 0.10 0.033 IC4665
17450789+0530219 4916 81 4.49 0.09 0.09 0.05 0.22 0.26 0.033 IC4665
17451333+0531577 4724 81 4.54 0.13 0.04 0.05 0.22 0.31 0.033 IC4665
17451415+0531059 4722 80 4.61 0.13 0.08 0.05 0.51 0.18 0.033 IC4665
17451922+0528376 4546 82 2.61 0.13 -0.19 0.07 0.30 0.16 0.033 IC4665
17452363+0518410 6163 81 4.19 0.11 -0.06 0.06 2.44 0.07 0.033 IC4665
17452576+0523107 5675 81 4.16 0.12 -0.09 0.07 1.37 0.20 0.033 IC4665
17452610+0515305 5986 81 4.16 0.09 -0.06 0.06 2.47 0.07 0.033 IC4665
17452921+0519076 4670 84 2.94 0.15 0.06 0.06 -0.03 0.67 0.033 IC4665
17453070+0517091 5849 84 4.40 0.09 0.23 0.05 2.64 0.07 0.033 IC4665
17453082+0517318 4888 84 2.84 0.15 -0.06 0.04 0.96 0.00 0.033 IC4665
17453297+0513313 6165 83 4.17 0.12 0.11 0.06 2.92 0.08 0.033 IC4665
17453374+0524492 4630 84 2.55 0.16 -0.16 0.07 0.64 0.00 0.033 IC4665
17453923+0523445 4404.77 81.64 2.01 0.18 -0.35 0.09 0.31 0.00 0.033 IC4665
17454419+0531187 4668 81 2.84 0.13 0.12 0.06 -1.00 0.00 0.033 IC4665
17454623+0514595 6734 85 4.11 0.11 -0.03 0.05 2.48 0.11 0.033 IC4665
17454768+0525441 4670 82 2.57 0.16 -0.31 0.08 0.12 0.31 0.033 IC4665
17455281+0517052 6214 81 4.01 0.14 -0.04 0.07 2.87 0.07 0.033 IC4665
17455679+0522334 6066 82 4.15 0.10 -0.04 0.06 3.28 0.07 0.033 IC4665
17460208+0526008 4510.92 81.26 2.31 0.17 -0.09 0.09 0.08 0.25 0.033 IC4665
17460389+0520444 6085 82 4.26 0.12 0.21 0.06 2.43 0.08 0.033 IC4665
17444501+0525346 6469 35 3.90 0.05 -0.12 0.05 1.62 0.00 0.033 IC4665
17451225+0514597 6507 35 3.98 0.05 -0.42 0.05 2.50 0.04 0.033 IC4665
17453550+0519023 6564 63 3.85 0.09 0.15 0.12 2.15 0.00 0.033 IC4665
17444611+0538404 4679 81 4.67 0.13 -0.15 0.06 -0.09 0.62 0.033 IC4665
17444642+0533555 4397.03 85.13 4.46 0.14 0.03 0.06 -0.33 0.59 0.033 IC4665
17450096+0537407 4109.03 68.23 4.48 0.10 -0.42 0.06 0.02 0.19 0.033 IC4665
17450327+0540388 4198.08 74.16 4.60 0.11 0.18 0.04 -1.00 0.00 0.033 IC4665
17451204+0531523 3840.48 59.06 4.72 0.08 -0.01 0.07 0.01 0.23 0.033 IC4665
17451342+0528065 4485.7 83.93 4.70 0.13 0.08 0.06 0.25 0.00 0.033 IC4665
17451379+0536386 4088.09 80.04 4.67 0.16 -0.28 0.13 0.28 0.21 0.033 IC4665
17452140+0536265 4119.51 73.39 4.62 0.12 -0.61 0.11 0.17 0.00 0.033 IC4665
17453783+0545334 4004.56 66.96 4.67 0.12 0.01 0.07 0.15 0.21 0.033 IC4665
17453932+0528191 4004.21 68.26 4.57 0.11 -0.30 0.09 0.13 0.20 0.033 IC4665
17455294+0546267 4141.5 72.59 4.78 0.12 0.32 0.04 -0.50 0.74 0.033 IC4665
17455487+0533252 4516.96 77.88 4.62 0.10 0.04 0.05 0.18 0.19 0.033 IC4665
17455682+0529055 4758 82 2.74 0.20 -0.14 0.05 0.75 0.00 0.033 IC4665
17455931+0541010 3816.03 61.63 4.68 0.12 -0.02 0.15 -0.17 0.45 0.033 IC4665
17460089+0537064 4670 83 2.61 0.21 -0.05 0.07 0.86 0.00 0.033 IC4665
17443667+0537161 6474 59 3.74 0.10 0.18 0.11 2.94 0.05 0.033 IC4665
17453881+0536232 6324 59 3.93 0.10 0.07 0.12 3.28 0.04 0.033 IC4665
17454123+0533444 6919 66 3.98 0.10 0.11 0.12 3.44 0.04 0.033 IC4665
17443820+0536180 4508.54 163.74 2.03 0.52 -0.40 0.15 0.72 0.32 0.033 IC4665
17443893+0539341 5717 83 4.33 0.15 -0.02 0.07 1.93 0.13 0.033 IC4665
17444351+0544201 5808 81 4.33 0.11 0.14 0.05 1.77 0.11 0.033 IC4665
17445249+0548354 4430.07 80.17 2.10 0.19 -0.29 0.08 0.18 0.18 0.033 IC4665
17445460+0539152 6244 83 4.00 0.10 -0.03 0.07 1.83 0.17 0.033 IC4665
17445512+0538520 4395 94 4.66 0.10 -0.05 0.06 -0.04 0.33 0.033 IC4665
17452291+0548517 4553.79 81.46 2.38 0.18 -0.06 0.07 0.00 0.28 0.033 IC4665
17453011+0536560 5895 80 4.28 0.14 -0.19 0.09 2.11 0.10 0.033 IC4665
17453020+0538426 4806 80 2.95 0.17 -0.12 0.05 0.92 0.00 0.033 IC4665
17453825+0543446 4567 80 2.56 0.21 -0.02 0.07 0.67 0.00 0.033 IC4665
17454172+0547342 4786 97 4.33 0.60 -0.16 0.13 0.84 0.47 0.033 IC4665
17454929+0540482 5747 80 4.53 0.15 0.12 0.06 1.64 0.20 0.033 IC4665
17450816+0604037 6134 81 4.25 0.13 -0.15 0.07 2.38 0.08 0.033 IC4665
17451779+0558003 5337 82 4.14 0.16 0.10 0.06 1.32 0.00 0.033 IC4665
17453039+0603473 5673 82 4.43 0.12 -0.02 0.07 1.43 0.19 0.033 IC4665
17453424+0558157 4704 83 2.60 0.21 -0.05 0.07 0.64 0.00 0.033 IC4665
17453558+0607071 4523.95 103.34 4.80 0.19 0.04 0.07 0.29 0.37 0.033 IC4665
17454943+0601272 6026 83 4.33 0.11 0.01 0.06 2.49 0.07 0.033 IC4665
17455051+0603468 4654 81 2.73 0.22 -0.22 0.09 0.61 0.21 0.033 IC4665
17455616+0608460 4816 83 3.10 0.28 -0.07 0.06 0.69 0.00 0.033 IC4665
17460424+0554020 5543 86 4.26 0.14 -0.01 0.07 1.52 0.00 0.033 IC4665
17461708+0606160 4578 83 2.54 0.12 0.03 0.06 -0.28 0.55 0.033 IC4665
17461743+0607294 4065.16 69.5 4.64 0.11 0.23 0.05 -1.00 0.00 0.033 IC4665
17462856+0554473 4519.39 96.79 2.18 0.20 -0.23 0.09 0.17 0.33 0.033 IC4665
17462880+0608062 5085 82 3.97 0.29 0.01 0.08 1.33 0.19 0.033 IC4665
17455679+0601044 6216 32 4.07 0.05 0.18 0.05 1.72 0.09 0.033 IC4665
