OBJECT TEFF E_TEFF LOGG E_LOGG FEH E_FEH LI1 E_LI1 "AGE (Gyr)" GES_FLD MEM3D
05350606+1000198 5163 81 4.02 0.14 -0.01 0.05 3.4 0.11 0.013 lam_Ori 0.986
05350834+0942538 5126 55 4.5 0.1 0.08 0.11 3.8 0.08 0.013 lam_Ori 0.9972
05322563+1236354 4481.52 75.96 4.51 0.1 0.03 0.05 3.56 0.19 0.013 lam_Ori 0.9937
05352469+1011453 6200 37 4.16 0.07 -0.06 0.05 3.43 0.03 0.013 lam_Ori 0.9988
05370084+0949045 5112 57 4.49 0.1 0.14 0.12 3.93 0.08 0.013 lam_Ori 0.9998
05432474+0906084 4542 30 4.1 0.05 -0.18 0.05 3.43 0.05 0.013 lam_Ori 0.969
05301704+1215410 4108.28 65.51 4.74 0.08 -0.39 0.04 3.13 0.06 0.013 lam_Ori 0.9991
05352611+0943365 3923.55 60.65 4.76 0.08 -0.1 0.04 0.15 0.17 0.013 lam_Ori 0.9982
05361661+0950484 3967.58 61.92 4.65 0.1 0.03 0.03 3.46 0.05 0.013 lam_Ori 0.9992
