OBJECT TEFF E_TEFF LOGG E_LOGG FEH E_FEH LI1 E_LI1 "AGE (Gyr)" GES_FLD
10364860-5847099 5232 65 3.62 0.18 0.12 0.05 1.32 0.00 3 Loden165
10364872-5841460 5756 66 4.17 0.18 0.37 0.05 1.80 0.00 3 Loden165
10364929-5851160 6287 64 4.21 0.18 0.27 0.05 2.01 0.13 3 Loden165
10365470-5841502 5211 64 3.57 0.18 0.01 0.06 1.10 0.00 3 Loden165
10365544-5843060 5327 64 3.82 0.17 0.16 0.05 1.33 0.00 3 Loden165
10365617-5852465 5010 65 4.37 0.18 0.05 0.05 1.28 0.09 3 Loden165
10365648-5851551 6256 67 4.05 0.18 -0.52 0.06 2.81 0.06 3 Loden165
10365688-5839316 6240 65 4.03 0.17 0.15 0.05 3.17 0.06 3 Loden165
10365751-5839556 5865 64 4.12 0.17 -0.02 0.05 2.23 0.07 3 Loden165
10365793-5856584 4424 64 1.87 0.17 -0.44 0.06 -0.09 0.12 3 Loden165
10365927-5851509 6654 77 4.14 0.19 -0.02 0.09 3.20 0.06 3 Loden165
10365980-5842462 4955 64 3.62 0.18 -0.65 0.05 0.64 0.13 3 Loden165
10370305-5849197 6304 66 4.11 0.17 -0.15 0.05 1.45 0.43 3 Loden165
10370428-5847543 5371 66 3.77 0.17 0.15 0.06 1.00 0.13 3 Loden165
10370476-5848124 6434 66 3.94 0.17 -0.20 0.05 2.13 0.14 3 Loden165
10370660-5845487 6288 64 4.36 0.17 0.22 0.05 2.65 0.05 3 Loden165
10370734-5850565 5730 64 4.24 0.18 -0.01 0.05 2.33 0.07 3 Loden165
10370768-5857366 5046 75 4.63 0.18 -0.05 0.09 2.47 0.10 3 Loden165
10370794-5851211 6745 66 4.20 0.17 -0.10 0.05 3.28 0.05 3 Loden165
10371227-5853293 6244 64 4.15 0.18 0.24 0.05 1.75 0.29 3 Loden165
10371318-5835335 5883 64 4.37 0.18 -0.05 0.06 1.06 0.67 3 Loden165
10371453-5843392 6005 64 4.50 0.17 0.08 0.05 2.06 0.07 3 Loden165
10371682-5856307 5636 64 4.39 0.18 0.19 0.05 1.47 0.11 3 Loden165
10371685-5852138 5542 64 3.72 0.17 0.11 0.06 2.41 0.06 3 Loden165
10371769-5845422 6015 63 4.24 0.18 -0.38 0.06 2.43 0.06 3 Loden165
10362885-5846025 4661 31 2.60 0.05 0.12 0.05 -0.17 0.13 3 Loden165
10363629-5845402 4828 33 2.76 0.05 -0.57 0.04 0.56 0.07 3 Loden165
10365151-5844070 4372 32 1.98 0.05 0.01 0.05 -1.00 0.00 3 Loden165
10371144-5842055 4565 31 2.39 0.05 0.01 0.05 -0.03 0.08 3 Loden165
10371573-5842229 4583 31 2.56 0.05 0.03 0.05 -1.00 0.00 3 Loden165
10351614-5833563 5474 65 4.18 0.17 0.36 0.05 0.68 0.47 3 Loden165
10351664-5844351 5645 65 4.27 0.17 -0.04 0.06 1.42 0.14 3 Loden165
10351671-5838009 5296 63 4.12 0.17 -0.50 0.05 0.96 0.00 3 Loden165
10351889-5844374 5317 63 4.56 0.18 -0.14 0.06 0.35 0.52 3 Loden165
10351947-5847441 5655 65 4.38 0.17 -0.38 0.05 1.99 0.08 3 Loden165
10351976-5846510 5982 64 4.31 0.17 0.15 0.05 3.25 0.06 3 Loden165
10352067-5842431 6342 65 4.18 0.17 0.01 0.06 3.06 0.05 3 Loden165
10352138-5851557 6349 66 4.19 0.18 -0.07 0.05 2.72 0.06 3 Loden165
10352231-5840326 6648 65 4.07 0.17 -0.05 0.05 3.17 0.06 3 Loden165
10352523-5853101 6100 66 4.43 0.17 -0.13 0.05 2.39 0.06 3 Loden165
10352597-5852276 6507 65 4.18 0.18 0.08 0.05 2.11 0.14 3 Loden165
10352730-5839255 6805 68 4.24 0.18 -0.18 0.05 3.26 0.04 3 Loden165
10352781-5835064 4849 63 2.41 0.18 0.08 0.06 1.21 0.08 3 Loden165
10352907-5835507 6394 66 4.20 0.18 -0.17 0.05 2.79 0.06 3 Loden165
10352929-5834222 5545 67 3.85 0.17 -0.28 0.05 1.04 0.20 3 Loden165
10353156-5841077 6897 65 4.16 0.17 -0.19 0.05 2.93 0.07 3 Loden165
10353266-5846531 5058 66 4.41 0.18 -0.28 0.05 0.85 0.11 3 Loden165
10353790-5846351 6166 66 3.93 0.18 -0.01 0.05 1.75 0.00 3 Loden165
10353799-5838294 5381 63 4.36 0.18 0.20 0.05 0.80 0.34 3 Loden165
10353999-5838549 6946 69 4.22 0.17 -0.10 0.06 3.03 0.06 3 Loden165
10354524-5838316 6185 77 3.88 0.18 -0.52 0.09 1.95 0.11 3 Loden165
10354600-5842251 6901 101 3.67 0.26 0.00 0.15 2.74 0.12 3 Loden165
10354815-5833319 5227 65 4.67 0.17 0.12 0.06 1.09 0.00 3 Loden165
10354873-5837392 6279 66 3.80 0.18 -0.31 0.06 2.30 0.07 3 Loden165
10355180-5835124 4641 64 2.39 0.18 -0.05 0.05 -0.21 0.17 3 Loden165
10355182-5834345 5020 64 4.53 0.18 -0.74 0.05 1.13 0.13 3 Loden165
10355225-5853035 6080 65 4.20 0.17 0.09 0.05 1.78 0.00 3 Loden165
10355434-5835538 5636 65 4.15 0.17 0.25 0.05 2.57 0.07 3 Loden165
10355739-5847398 5806 64 4.44 0.17 0.20 0.06 0.85 0.88 3 Loden165
10360182-5853522 6176 64 4.37 0.17 0.09 0.06 2.82 0.06 3 Loden165
10360306-5847104 5015 63 4.53 0.17 -0.22 0.05 0.74 0.00 3 Loden165
10360565-5834067 5680 64 4.20 0.17 0.10 0.05 1.45 0.13 3 Loden165
10360584-5856081 6472 66 4.22 0.18 -0.08 0.05 3.23 0.05 3 Loden165
10360993-5840369 5039 67 3.32 0.18 -0.14 0.06 1.05 0.09 3 Loden165
10361743-5851206 4868 63 2.42 0.18 -0.03 0.06 1.32 0.09 3 Loden165
10362102-5837311 5239 64 4.60 0.18 -0.21 0.05 0.73 0.19 3 Loden165
10362660-5845548 6383 66 4.18 0.17 -0.08 0.05 3.16 0.06 3 Loden165
10363646-5838360 6256 66 4.27 0.17 0.19 0.06 2.96 0.06 3 Loden165
10363703-5851180 6017 66 4.17 0.18 0.11 0.05 1.70 0.15 3 Loden165
10363764-5849068 6845 67 4.33 0.17 -0.15 0.05 2.83 0.08 3 Loden165
10364008-5854566 4585 75 2.36 0.18 0.10 0.09 -0.14 0.18 3 Loden165
10364271-5852089 6876 68 4.13 0.17 -0.10 0.05 1.96 0.00 3 Loden165
10364539-5853329 5880 66 4.24 0.18 -0.01 0.05 2.81 0.06 3 Loden165
10365359-5853359 5888 63 4.06 0.17 -0.20 0.05 2.32 0.08 3 Loden165
10365650-5841144 6339 66 4.29 0.18 0.13 0.05 2.76 0.07 3 Loden165
10365763-5844052 6643 82 3.71 0.21 -1.52 0.08 1.92 0.18 3 Loden165
10370854-5837526 5297 66 4.32 0.17 -0.38 0.05 1.06 0.17 3 Loden165
10371153-5838408 6721 67 4.23 0.17 0.24 0.05 3.36 0.06 3 Loden165
10371692-5842144 6304 64 4.14 0.18 -0.27 0.06 1.60 0.00 3 Loden165
10351135-5845160 4537 31 2.53 0.05 0.12 0.05 1.25 0.04 3 Loden165
10354572-5847507 4607 31 2.60 0.05 0.14 0.05 -0.21 0.10 3 Loden165
10354733-5843462 4988 40 2.85 0.06 0.09 0.05 0.91 0.07 3 Loden165
10360706-5836464 4490 32 2.42 0.05 -0.08 0.05 -0.16 0.08 3 Loden165
10361796-5847013 4913 30 2.95 0.05 -0.31 0.05 0.76 0.05 3 Loden165
10364660-5838381 4795 31 2.79 0.05 0.22 0.05 -0.58 0.38 3 Loden165
10365666-5844288 4626 31 2.73 0.05 0.12 0.05 0.01 0.07 3 Loden165
10351226-5843436 6438 64 4.04 0.17 -0.07 0.05 1.61 0.79 3 Loden165
10351237-5840429 5960 65 4.37 0.18 -0.27 0.06 2.12 0.08 3 Loden165
10351371-5843231 6769 83 4.06 0.21 -0.22 0.07 3.03 0.13 3 Loden165
10351428-5846294 5244 64 3.69 0.18 0.44 0.04 0.90 0.57 3 Loden165
10351606-5841257 6089 64 4.40 0.17 0.06 0.05 2.71 0.06 3 Loden165
10351724-5846468 5348 63 4.40 0.18 0.25 0.06 2.49 0.08 3 Loden165
10351818-5845288 5543 65 4.05 0.17 0.14 0.05 1.61 0.18 3 Loden165
10351819-5844250 5861 65 4.66 0.18 0.06 0.05 1.59 0.30 3 Loden165
10351976-5841320 5814 66 4.21 0.17 0.03 0.05 2.62 0.09 3 Loden165
10352599-5840184 5033 65 4.11 0.17 -0.01 0.06 0.89 0.00 3 Loden165
10352701-5845360 5558 65 4.82 0.17 0.04 0.06 1.82 0.20 3 Loden165
10352723-5842570 5108 67 4.70 0.18 0.38 0.05 2.37 0.12 3 Loden165
10352840-5842061 5098 76 4.05 0.19 -0.14 0.10 3.09 0.13 3 Loden165
10352889-5846253 5251 64 4.25 0.17 0.39 0.05 1.59 0.00 3 Loden165
10353160-5846406 4991 77 3.85 0.18 0.03 0.10 1.43 0.17 3 Loden165
10353286-5843184 5234 76 3.92 0.18 0.02 0.09 0.91 0.00 3 Loden165
10353402-5840076 4617 62 4.73 0.18 0.14 0.05 0.63 0.00 3 Loden165
10353402-5844173 6254 65 3.94 0.17 -0.27 0.05 3.23 0.07 3 Loden165
10353444-5848032 5248 74 4.20 0.18 0.03 0.09 1.46 0.19 3 Loden165
10353534-5844479 6364 76 3.98 0.18 -0.50 0.10 2.02 0.51 3 Loden165
10353547-5844258 5974 66 4.33 0.17 0.12 0.05 2.95 0.09 3 Loden165
10353659-5849289 5959 64 4.55 0.18 -0.13 0.05 2.03 0.19 3 Loden165
10353693-5841593 6026 79 4.53 0.22 0.02 0.08 2.73 0.11 3 Loden165
10353750-5848020 6079 65 4.22 0.17 0.31 0.05 1.64 0.17 3 Loden165
10353833-5849339 5846 65 4.39 0.17 0.42 0.05 1.99 0.10 3 Loden165
10353892-5844375 6548 65 4.37 0.17 0.41 0.05 3.22 0.11 3 Loden165
10354087-5843406 5232 107 4.69 0.24 -0.38 0.09 1.14 0.00 3 Loden165
10354108-5845114 6031 68 4.22 0.17 0.24 0.05 2.21 0.08 3 Loden165
10354117-5848455 6239 64 4.02 0.17 0.02 0.05 3.30 0.07 3 Loden165
10354170-5847487 6114 66 4.31 0.17 0.39 0.05 2.70 0.08 3 Loden165
10354197-5846392 5182 63 4.72 0.18 -0.40 0.05 1.08 0.21 3 Loden165
10354238-5845316 6345 65 4.28 0.17 0.00 0.06 2.88 0.05 3 Loden165
10354271-5846558 5127 64 4.47 0.17 0.08 0.05 0.55 0.95 3 Loden165
10354372-5838468 5948 66 4.45 0.18 0.06 0.05 2.45 0.09 3 Loden165
10354501-5838513 6401 98 3.53 0.26 0.06 0.15 2.89 0.00 3 Loden165
10354523-5840290 5222 65 4.81 0.17 0.01 0.05 1.18 0.27 3 Loden165
10354543-5842391 4582 65 4.76 0.17 0.29 0.05 0.37 0.85 3 Loden165
10354626-5845193 5750 62 4.33 0.17 0.36 0.05 1.39 0.31 3 Loden165
10354675-5839315 6076 97 4.46 0.25 0.09 0.15 2.05 0.00 3 Loden165
10354705-5846433 5868 63 4.59 0.17 0.28 0.06 1.83 0.14 3 Loden165
10354806-5840054 6866 69 4.59 0.21 -0.22 0.06 3.11 0.12 3 Loden165
10355050-5838081 6248 66 3.89 0.18 -0.03 0.05 2.73 0.10 3 Loden165
10355057-5840108 6022 68 4.34 0.18 0.06 0.06 2.64 0.09 3 Loden165
10355070-5848016 4441 76 4.57 0.18 -0.02 0.10 0.32 0.25 3 Loden165
10355218-5844039 4899 64 4.40 0.18 -0.21 0.05 1.49 0.14 3 Loden165
10355326-5848555 5328 64 4.48 0.17 0.15 0.05 1.12 0.22 3 Loden165
10355396-5842507 5225 77 4.54 0.18 0.02 0.09 1.48 0.22 3 Loden165
10355421-5844014 5257 66 4.79 0.18 0.21 0.05 1.41 0.19 3 Loden165
10355510-5839149 4973 64 4.82 0.17 0.32 0.05 0.92 0.38 3 Loden165
10355529-5841071 6559 83 4.74 0.22 0.15 0.07 2.68 0.22 3 Loden165
10355635-5839568 5552 65 4.59 0.18 -0.40 0.05 1.05 0.00 3 Loden165
10355661-5839154 5640 65 4.25 0.17 0.14 0.05 1.88 0.16 3 Loden165
10355692-5847157 5062 65 4.78 0.18 -0.01 0.05 0.99 0.21 3 Loden165
10355731-5846270 6126 65 4.42 0.17 0.12 0.05 3.38 0.06 3 Loden165
10355756-5841259 5948 68 4.72 0.17 0.27 0.06 1.90 0.18 3 Loden165
10355786-5849291 6099 66 4.54 0.17 0.14 0.05 2.57 0.07 3 Loden165
10355821-5848379 5664 65 4.16 0.18 -0.07 0.05 1.25 0.37 3 Loden165
10355841-5845230 5956 65 4.21 0.17 -0.02 0.05 2.07 0.11 3 Loden165
10355899-5844251 4597 64 4.78 0.17 0.26 0.05 0.29 0.00 3 Loden165
10355933-5847150 6131 66 4.30 0.18 -0.11 0.05 2.52 0.07 3 Loden165
10355942-5843311 5831 65 4.24 0.18 -0.29 0.05 1.94 0.13 3 Loden165
10360066-5849098 4932 66 4.17 0.18 0.16 0.05 1.37 0.16 3 Loden165
10360189-5848097 6294 63 4.29 0.18 0.44 0.04 1.93 0.11 3 Loden165
10360207-5847384 4589 70 4.90 0.20 0.21 0.05 0.44 0.29 3 Loden165
10360281-5844362 5123 64 4.64 0.18 -0.03 0.06 0.86 0.50 3 Loden165
10360316-5846212 5892 64 4.13 0.18 -0.24 0.06 3.06 0.07 3 Loden165
10360349-5841216 4700 106 4.76 0.23 -0.55 0.09 0.40 0.00 3 Loden165
10360398-5838414 5828 64 4.44 0.17 0.26 0.05 1.67 0.31 3 Loden165
10360410-5845010 5752 67 4.36 0.17 0.17 0.05 1.79 0.00 3 Loden165
10360440-5845441 5193 64 4.15 0.18 0.40 0.05 1.50 0.00 3 Loden165
10360483-5839416 6091 64 4.27 0.17 -0.17 0.05 2.76 0.06 3 Loden165
10360487-5842386 5300 64 4.59 0.18 0.31 0.05 0.98 0.00 3 Loden165
10360560-5847105 6027 66 4.31 0.17 0.11 0.05 1.78 0.22 3 Loden165
10360582-5844439 6352 65 4.18 0.17 -0.19 0.05 3.27 0.05 3 Loden165
10360808-5842046 6237 66 4.16 0.17 -0.42 0.05 2.66 0.07 3 Loden165
10360894-5842317 6102 65 4.60 0.18 0.42 0.05 2.33 0.10 3 Loden165
10360922-5840564 5005 76 4.73 0.18 -0.06 0.10 1.03 0.25 3 Loden165
10360950-5839415 4518 65 4.50 0.17 -0.01 0.05 0.22 0.00 3 Loden165
10361002-5844178 5042 75 4.71 0.18 -0.15 0.09 0.88 0.00 3 Loden165
10361046-5844406 5100 65 4.36 0.17 0.08 0.05 0.98 0.00 3 Loden165
10361148-5844043 4935 64 4.32 0.17 0.04 0.06 1.20 0.17 3 Loden165
10361718-5845456 4372 109 4.88 0.23 0.05 0.09 0.20 0.34 3 Loden165
10361926-5846499 4428 74 4.80 0.18 -0.17 0.09 0.18 0.27 3 Loden165
10361996-5847518 4935 66 4.60 0.17 -0.45 0.05 0.21 0.00 3 Loden165
10362018-5846289 6360 67 4.40 0.17 0.32 0.05 2.91 0.07 3 Loden165
10362038-5839588 5845 65 4.37 0.18 0.41 0.05 1.78 0.00 3 Loden165
10362087-5846406 5035 77 4.29 0.18 -0.13 0.10 0.95 0.00 3 Loden165
10362330-5844018 4405 106 4.87 0.24 0.05 0.09 0.30 0.41 3 Loden165
10362404-5845179 5240 66 4.80 0.18 0.09 0.05 1.28 0.00 3 Loden165
10362494-5844317 5078 64 4.58 0.17 -0.33 0.06 0.85 0.66 3 Loden165
10362858-5845487 5867 65 4.54 0.17 0.01 0.06 2.17 0.21 3 Loden165
10363600-5842186 6355 65 4.07 0.17 -0.09 0.06 3.32 0.07 3 Loden165
10363632-5845304 5724 64 4.42 0.18 0.27 0.05 1.75 0.00 3 Loden165
10363683-5842063 6062 71 4.47 0.21 0.13 0.05 2.04 0.14 3 Loden165
10363758-5844497 4751 63 4.79 0.17 0.18 0.06 0.64 0.00 3 Loden165
10363897-5845293 6055 65 4.25 0.17 -0.42 0.05 1.53 0.00 3 Loden165
10363927-5844383 6289 64 4.34 0.17 0.04 0.05 2.86 0.08 3 Loden165
10361146-5841436 5849 64 4.32 0.17 0.03 0.06 2.24 0.06 3 Loden165
10361768-5840437 6493 66 4.05 0.17 -0.36 0.05 2.74 0.07 3 Loden165
10361848-5847307 6672 77 4.21 0.18 0.08 0.09 2.32 0.26 3 Loden165
10362034-5845317 6084 65 4.05 0.17 -0.28 0.05 1.46 0.23 3 Loden165
10362200-5848340 6247 64 4.29 0.18 0.12 0.06 2.91 0.07 3 Loden165
10362272-5840424 6314 67 4.51 0.18 0.44 0.04 2.55 0.08 3 Loden165
10362418-5849456 5665 64 4.42 0.17 0.23 0.05 1.52 0.38 3 Loden165
10362738-5845331 6031 66 4.32 0.18 0.25 0.05 2.78 0.11 3 Loden165
10362932-5849506 6577 65 4.22 0.17 -0.12 0.06 2.30 0.17 3 Loden165
10363110-5844126 6300 65 4.23 0.17 0.11 0.06 3.24 0.05 3 Loden165
10363137-5848564 5015 74 4.35 0.18 0.25 0.09 1.53 0.16 3 Loden165
10363157-5847397 5827 64 4.45 0.18 -0.08 0.06 1.58 0.15 3 Loden165
10363203-5845192 5865 64 4.28 0.17 0.03 0.05 2.21 0.07 3 Loden165
10363246-5842070 6252 70 4.00 0.21 -0.16 0.05 1.52 0.00 3 Loden165
10363279-5840074 6193 65 4.29 0.17 0.17 0.05 2.85 0.05 3 Loden165
10363484-5840089 5808 66 4.16 0.18 -0.21 0.05 1.64 0.00 3 Loden165
10363655-5841474 6089 72 4.38 0.21 0.20 0.06 3.38 0.07 3 Loden165
10363677-5844368 6168 64 4.30 0.18 0.08 0.05 3.09 0.06 3 Loden165
10363698-5848289 4837 65 4.89 0.18 0.11 0.05 0.80 0.17 3 Loden165
10363738-5847384 6701 79 4.24 0.19 0.03 0.09 2.53 0.00 3 Loden165
10363827-5848383 6017 64 4.45 0.17 0.26 0.05 2.56 0.06 3 Loden165
10363926-5844357 5570 65 4.33 0.18 0.33 0.05 0.98 0.68 3 Loden165
10363943-5840245 5698 64 3.96 0.17 0.10 0.05 1.82 0.10 3 Loden165
10363959-5841013 5459 103 4.73 0.32 0.42 0.06 1.47 0.00 3 Loden165
10363998-5851244 4517 63 4.71 0.18 0.27 0.05 0.69 0.21 3 Loden165
10364133-5842089 6082 69 4.32 0.21 0.11 0.05 2.96 0.06 3 Loden165
10364170-5842206 6470 66 4.15 0.17 0.21 0.05 2.91 0.06 3 Loden165
10364230-5846494 6589 64 4.22 0.17 -0.06 0.05 2.45 0.11 3 Loden165
10364490-5848335 6146 66 4.53 0.18 0.04 0.06 2.43 0.07 3 Loden165
10364529-5849443 5632 66 4.47 0.18 0.33 0.06 1.22 1.27 3 Loden165
10364537-5846379 5986 74 4.40 0.18 -0.19 0.09 1.92 0.00 3 Loden165
10364606-5839181 6074 66 4.31 0.17 0.16 0.06 1.42 0.36 3 Loden165
10364612-5840185 5264 70 4.46 0.21 -0.20 0.05 1.87 0.17 3 Loden165
10364642-5853354 5396 72 4.75 0.21 0.28 0.05 1.43 0.00 3 Loden165
10364675-5839573 6351 66 4.05 0.17 -0.09 0.06 2.93 0.05 3 Loden165
10364738-5851375 5262 65 4.61 0.17 0.04 0.05 1.11 0.00 3 Loden165
10364758-5848231 5607 65 4.43 0.17 0.26 0.05 1.60 0.00 3 Loden165
10364774-5845457 5965 65 4.30 0.18 -0.03 0.06 3.34 0.06 3 Loden165
10364795-5845299 6899 68 4.14 0.18 0.04 0.06 3.22 0.07 3 Loden165
10364813-5846035 6265 64 4.25 0.17 -0.02 0.06 3.38 0.06 3 Loden165
10364879-5853145 6057 65 4.34 0.18 -0.04 0.05 2.81 0.06 3 Loden165
10364911-5849372 4902 76 4.54 0.18 0.02 0.10 1.03 0.29 3 Loden165
10364947-5846548 5234 67 4.54 0.17 -0.01 0.05 0.69 0.54 3 Loden165
10365069-5849375 4462 84 4.34 0.22 0.36 0.07 0.64 0.00 3 Loden165
10365186-5843348 5455 77 4.53 0.18 0.26 0.09 1.51 0.24 3 Loden165
10365207-5849224 6220 65 4.33 0.18 0.03 0.05 2.75 0.06 3 Loden165
10365231-5838426 6498 69 4.21 0.21 0.07 0.05 1.77 0.44 3 Loden165
10365236-5852208 5904 64 4.44 0.17 0.09 0.06 2.96 0.08 3 Loden165
10365240-5843052 4768 71 4.81 0.20 0.15 0.06 0.49 0.21 3 Loden165
10365243-5846423 5914 65 4.56 0.17 0.23 0.05 2.12 0.08 3 Loden165
10365394-5846498 6218 63 4.35 0.18 0.08 0.05 2.15 0.11 3 Loden165
10365491-5845090 6022 65 4.51 0.17 0.23 0.05 2.01 0.14 3 Loden165
10365553-5846373 5729 64 4.50 0.17 0.07 0.06 1.47 0.50 3 Loden165
10365557-5842509 6059 72 4.24 0.21 -0.23 0.06 2.82 0.07 3 Loden165
10365690-5851395 4964 65 4.84 0.17 0.11 0.06 0.88 0.00 3 Loden165
10365699-5852059 5916 65 4.39 0.17 -0.01 0.05 1.96 0.11 3 Loden165
10365704-5849195 5837 66 4.48 0.17 -0.22 0.05 2.35 0.08 3 Loden165
10365741-5842019 6065 69 4.52 0.21 0.26 0.06 2.36 0.09 3 Loden165
10365776-5848435 5843 64 4.31 0.17 -0.46 0.06 2.23 0.08 3 Loden165
10365862-5839146 5942 70 4.40 0.21 0.31 0.05 1.80 0.21 3 Loden165
10365896-5846498 5568 64 4.31 0.18 0.19 0.05 0.90 0.64 3 Loden165
10365897-5842109 5884 65 3.22 0.18 0.00 0.06 2.33 0.13 3 Loden165
10365931-5840184 5445 64 4.82 0.17 -0.07 0.05 1.38 0.26 3 Loden165
10370055-5843507 5946 70 4.41 0.21 -0.02 0.06 1.83 0.15 3 Loden165
10370055-5846291 4974 65 4.39 0.18 -0.09 0.05 1.72 0.09 3 Loden165
10370227-5851136 5087 69 4.89 0.21 0.32 0.05 1.79 0.15 3 Loden165
10370243-5839132 4296 106 4.86 0.23 0.05 0.09 0.28 0.33 3 Loden165
10370254-5840230 5609 63 4.56 0.17 0.36 0.05 1.70 0.14 3 Loden165
10370307-5855085 6225 67 4.35 0.17 0.05 0.05 1.64 0.31 3 Loden165
10370353-5845263 5626 76 4.92 0.18 -0.11 0.09 1.78 0.29 3 Loden165
10370385-5844066 6403 63 4.27 0.17 0.40 0.05 3.08 0.05 3 Loden165
10370394-5851480 5457 64 4.39 0.17 0.12 0.05 1.28 0.00 3 Loden165
10370553-5840345 6379 66 4.24 0.17 0.29 0.06 1.73 0.38 3 Loden165
10370565-5849190 6308 65 4.25 0.18 0.16 0.05 2.72 0.06 3 Loden165
10370589-5852516 6326 66 4.08 0.17 -0.04 0.06 2.80 0.05 3 Loden165
10370614-5846157 6280 66 4.28 0.17 -0.03 0.05 2.77 0.06 3 Loden165
10370657-5846296 4165 76 4.79 0.18 -0.04 0.09 0.66 0.15 3 Loden165
10370719-5841186 6342 71 4.18 0.21 -0.23 0.06 2.90 0.06 3 Loden165
10370732-5847444 5310 64 4.48 0.17 -0.07 0.06 1.19 0.00 3 Loden165
10370778-5839535 6486 65 4.29 0.18 -0.65 0.06 2.70 0.05 3 Loden165
10370793-5842592 6127 70 4.19 0.20 0.09 0.06 2.69 0.06 3 Loden165
10370823-5840160 6041 63 4.45 0.18 0.21 0.05 2.17 0.09 3 Loden165
10370850-5839151 6187 72 4.25 0.21 0.33 0.05 2.18 0.11 3 Loden165
10370882-5852365 5774 63 4.39 0.18 0.11 0.05 2.83 0.06 3 Loden165
10370904-5845439 6151 64 4.24 0.18 -0.32 0.06 2.62 0.05 3 Loden165
10371014-5840269 6003 71 4.46 0.21 0.26 0.05 3.02 0.08 3 Loden165
10371028-5851321 6165 68 4.32 0.18 0.11 0.06 2.78 0.06 3 Loden165
10371129-5846046 5836 68 4.23 0.17 0.34 0.05 1.45 0.17 3 Loden165
10371136-5854512 5836 63 4.42 0.18 0.03 0.05 2.21 0.06 3 Loden165
10371158-5839314 6024 69 4.17 0.21 -0.14 0.06 2.36 0.08 3 Loden165
10371275-5846499 6266 65 4.22 0.17 0.19 0.06 2.88 0.05 3 Loden165
10371295-5845175 5453 71 4.21 0.21 0.27 0.06 1.50 0.00 3 Loden165
10371343-5841498 5642 67 4.07 0.17 0.37 0.05 1.03 0.64 3 Loden165
10371384-5841357 4715 69 4.54 0.20 -0.07 0.06 0.70 0.27 3 Loden165
10371440-5839266 5917 64 4.36 0.17 -0.33 0.05 2.49 0.06 3 Loden165
10371462-5855425 6053 66 4.16 0.18 -0.02 0.05 3.21 0.06 3 Loden165
10371601-5841138 5452 65 4.46 0.17 -0.09 0.06 0.63 0.87 3 Loden165
10371897-5843564 6418 71 4.03 0.21 -0.49 0.05 2.75 0.07 3 Loden165
10355739-5844188 4637 31 2.62 0.05 0.05 0.05 -0.90 0.00 3 Loden165
10363039-5841192 4741 30 2.69 0.05 0.04 0.05 0.37 0.07 3 Loden165
10363389-5848185 4659 40 2.60 0.06 0.20 0.05 0.16 0.09 3 Loden165
10364034-5847465 4522 31 2.23 0.05 -0.23 0.05 -0.26 0.08 3 Loden165
10371451-5846214 4506 34 2.69 0.05 0.26 0.04 -0.16 0.09 3 Loden165
10353543-5846563 6684 65 4.14 0.17 0.03 0.06 2.22 0.15 3 Loden165
10353943-5851278 5930 66 4.09 0.18 -0.17 0.05 2.47 0.06 3 Loden165
10354124-5849360 6700 66 4.21 0.18 -0.03 0.06 1.95 0.28 3 Loden165
10355292-5842561 5696 66 4.01 0.17 -0.02 0.05 2.24 0.07 3 Loden165
10355593-5847241 6021 65 4.30 0.17 -0.22 0.05 2.41 0.06 3 Loden165
10355668-5850052 6403 65 4.14 0.18 0.12 0.05 1.96 0.13 3 Loden165
10360666-5841167 6071 66 4.40 0.18 0.13 0.05 2.64 0.05 3 Loden165
10360679-5855164 6838 110 4.13 0.23 0.05 0.09 2.17 0.00 3 Loden165
10360701-5853417 4897 65 2.55 0.18 -0.11 0.05 2.63 0.10 3 Loden165
10360864-5851174 6501 76 4.14 0.18 0.03 0.09 2.97 0.07 3 Loden165
10360968-5844028 5711 63 4.31 0.18 -0.44 0.05 1.80 0.08 3 Loden165
10361794-5835557 5830 64 4.47 0.18 0.10 0.05 2.84 0.06 3 Loden165
10361845-5850307 6133 64 4.36 0.17 -0.23 0.05 2.53 0.06 3 Loden165
10361878-5851330 5694 63 4.21 0.18 -0.12 0.05 1.99 0.08 3 Loden165
10362107-5853480 6798 77 4.02 0.18 0.01 0.09 3.11 0.08 3 Loden165
10362498-5850308 5210 63 3.52 0.17 0.00 0.05 1.09 0.00 3 Loden165
10362529-5839288 6055 66 4.54 0.17 0.12 0.05 3.09 0.06 3 Loden165
10362853-5841523 6419 66 4.29 0.17 0.03 0.05 1.78 0.00 3 Loden165
10363039-5848111 5611 63 4.12 0.18 0.12 0.05 2.05 0.06 3 Loden165
10363204-5839370 5622 66 4.59 0.18 0.11 0.06 1.17 0.23 3 Loden165
10363218-5836357 6119 68 4.42 0.17 0.39 0.05 2.83 0.06 3 Loden165
10363263-5840144 6389 65 4.19 0.18 0.15 0.05 2.98 0.06 3 Loden165
10363271-5847232 6632 75 4.09 0.19 0.00 0.10 2.59 0.09 3 Loden165
10363292-5847373 6091 76 4.45 0.17 0.07 0.10 2.20 0.08 3 Loden165
10363434-5837070 5806 65 4.54 0.17 0.25 0.05 1.67 0.12 3 Loden165
10364038-5851331 5888 67 4.29 0.17 -0.07 0.05 2.03 0.08 3 Loden165
10364090-5850584 6131 64 4.18 0.18 -0.51 0.05 2.47 0.05 3 Loden165
10364194-5841457 4957 65 3.07 0.17 -0.16 0.05 0.52 0.14 3 Loden165
10364469-5845156 6743 76 4.27 0.18 0.01 0.09 3.07 0.07 3 Loden165
10364478-5856317 5761 65 4.20 0.18 0.23 0.06 2.28 0.06 3 Loden165
10364838-5855244 6134 66 4.32 0.18 0.06 0.05 2.76 0.06 3 Loden165
