OBJECT TEFF E_TEFF LOGG E_LOGG FEH E_FEH LI1 E_LI1 "AGE (Gyr)" GES_FLD MEM3D
08511268+1152422 4616 34 2.47 0.05 0.01 0.06 -0.56 0.25 3.981 M67 1
08512898+1150330 4585 35 2.43 0.05 -0.02 0.06 -0.43 0.16 3.981 M67 1
08514235+1151229 4640 35 2.68 0.05 -0.03 0.06 -0.29 0.0 3.981 M67 1
08514507+1147459 4713 36 2.84 0.05 0.04 0.06 -0.47 0.0 3.981 M67 1
08511711+1148160 4379 36 2.31 0.06 -0.03 0.06 -0.52 0.11 3.981 M67 0.9998
08511748+1145225 4241 38 1.57 0.06 -0.14 0.06 -1 0.0 3.981 M67 1
08512283+1148015 4602 35 2.44 0.05 0.02 0.06 -0.02 0.1 3.981 M67 1
08514233+1150075 4703 35 2.83 0.05 0.04 0.06 -0.04 0.0 3.981 M67 0.9999
08504995+1149126 5263 35 3.7 0.05 -0.03 0.06 0.49 0.0 3.981 M67 0.9999
08510017+1154321 5510 36 3.93 0.05 0.11 0.06 0.87 0.0 3.981 M67 0.9999
08512934+1145274 5065 35 3.59 0.05 0 0.06 0.03 0.0 3.981 M67 0.9999
08513600+1146333 5767 36 4.01 0.05 -0.02 0.06 2.68 0.03 3.981 M67 0.9993
08513740+1150052 6119 37 3.96 0.05 0 0.06 2.23 0.03 3.981 M67 0.9999
08514995+1149311 6080 37 3.93 0.05 -0.09 0.06 0.82 0.0 3.981 M67 0.9998
08511854+1149214 6100 37 3.93 0.05 -0.01 0.06 1.11 0.0 3.981 M67 0.9999
08513239+1148010 5507 35 3.86 0.05 -0.01 0.06 0.79 0.0 3.981 M67 0.9998
08513539+1157562 5668 35 4.02 0.05 0.06 0.06 0.95 0.0 3.981 M67 0.9999
08513922+1150037 6196 38 4.05 0.05 -0.01 0.06 1.93 0.0 3.981 M67 0.9999
08513937+1151455 4847 36 3.1 0.05 0.01 0.06 -0.49 0.0 3.981 M67 0.9999
08514399+1146243 5665 35 4.02 0.05 0.03 0.06 0.55 0.0 3.981 M67 1
08514473+1146458 5073 35 3.64 0.05 0.01 0.06 -0.01 0.0 3.981 M67 1
08505344+1144346 5900 64 4.45 0.17 -0.01 0.06 1.86 0.06 3.981 M67 1
08505666+1149546 5749 64 4.4 0.18 0.01 0.05 1.54 0.12 3.981 M67 0.9999
08505707+1156507 5610 65 4.52 0.17 -0.04 0.05 0.71 1.02 3.981 M67 0.9986
08505835+1158148 5831 63 4.4 0.18 -0.08 0.05 1.36 0.18 3.981 M67 0.991
08505849+1159394 5889 64 4.36 0.17 -0.02 0.05 2.15 0.07 3.981 M67 0.9998
08505923+1156368 6104 64 4.24 0.17 -0.07 0.05 2.41 0.05 3.981 M67 0.9999
08505981+1151126 5686 63 4.45 0.18 -0.03 0.05 1.24 0.18 3.981 M67 1
08510076+1153114 5702 64 4.46 0.17 -0.04 0.06 1.58 0.1 3.981 M67 1
08510205+1145191 5478 67 4.44 0.17 -0.09 0.06 0.91 0.29 3.981 M67 0.9999
08510299+1152257 5578 63 4.59 0.17 -0.12 0.05 1.43 0.1 3.981 M67 0.9999
08510751+1152561 6059 65 4.38 0.17 0.06 0.05 2.68 0.05 3.981 M67 0.9996
08510795+1158533 5740 64 4.38 0.17 -0.03 0.05 1.48 0.12 3.981 M67 0.9999
08510885+1157536 5992 65 4.46 0.17 -0.01 0.05 1.64 0.12 3.981 M67 0.9992
08510914+1157003 5843 64 4.42 0.17 -0.03 0.05 1.8 0.08 3.981 M67 0.9999
08510991+1146169 5797 65 4.4 0.17 -0.01 0.05 1.65 0.08 3.981 M67 0.9981
08511078+1139509 5730 64 4.48 0.17 -0.03 0.06 1.48 0.12 3.981 M67 0.9928
08511203+1148266 5663 63 4.47 0.17 -0.09 0.06 0.87 0.44 3.981 M67 1
08511229+1154230 5952 65 4.41 0.17 0.09 0.06 2.19 0.07 3.981 M67 1
08511299+1157009 5895 65 4.43 0.17 0.07 0.06 1.97 0.07 3.981 M67 0.9999
08511434+1141092 5907 66 4.44 0.17 -0.03 0.05 1.69 0.1 3.981 M67 0.9999
08511505+1149210 5975 66 4.38 0.17 0.05 0.05 2.26 0.06 3.981 M67 0.9999
08511810+1142547 6095 65 4.21 0.18 0.03 0.05 2.7 0.05 3.981 M67 1
08511826+1150196 5818 67 4.47 0.18 -0.1 0.05 1.44 0.0 3.981 M67 0.9998
08511872+1155497 5958 64 4.41 0.17 0.04 0.06 2.3 0.06 3.981 M67 0.9999
08511905+1140157 6130 65 4.28 0.18 -0.01 0.05 2.49 0.05 3.981 M67 1
08512079+1139401 6075 65 4.28 0.17 0.13 0.05 2.73 0.05 3.981 M67 0.9999
08512177+1144050 5818 64 4.46 0.17 0 0.05 1.99 0.06 3.981 M67 0.9999
08512184+1143177 5840 65 4.38 0.17 -0.02 0.06 1.64 0.09 3.981 M67 1
08512314+1154050 5974 64 4.41 0.17 0.09 0.06 2.26 0.06 3.981 M67 0.9999
08512387+1138521 5853 66 4.38 0.17 -0.01 0.06 1.04 0.42 3.981 M67 1
08512412+1147093 5954 64 4.39 0.17 0.04 0.05 2.32 0.06 3.981 M67 0.9993
08512430+1147283 5552 65 4.51 0.17 -0.1 0.05 1.41 0.1 3.981 M67 0.9998
08512499+1145429 6058 66 4.29 0.17 -0.01 0.05 1.36 0.19 3.981 M67 1
08512649+1138369 6070 65 4.26 0.18 0.01 0.05 2.62 0.05 3.981 M67 1
08512749+1153025 6087 63 4.33 0.17 0.06 0.05 2.46 0.05 3.981 M67 1
08512789+1155409 5985 65 4.38 0.17 0.09 0.05 2.43 0.06 3.981 M67 0.9993
08512794+1150118 5911 64 4.42 0.17 0.08 0.05 1.46 0.13 3.981 M67 0.9999
08512870+1148021 5877 65 4.34 0.17 -0.09 0.05 2.29 0.06 3.981 M67 0.9995
08512996+1151090 5958 63 4.35 0.18 0.06 0.05 2.32 0.06 3.981 M67 1
08513013+1143498 6081 65 4.35 0.17 -0.02 0.05 2.48 0.05 3.981 M67 1
08513057+1148547 6024 64 4.29 0.18 0 0.05 2.19 0.06 3.981 M67 0.9999
08513192+1151166 6003 64 4.4 0.17 -0.06 0.05 2.38 0.06 3.981 M67 0.9999
08513206+1155086 5943 65 4.39 0.17 -0.05 0.06 2.32 0.07 3.981 M67 0.9998
08513238+1146456 5774 67 4.46 0.18 -0.05 0.05 1.57 0.1 3.981 M67 0.9973
08513258+1148241 5968 64 4.37 0.17 0.06 0.05 2.28 0.06 3.981 M67 0.9999
08513412+1146557 6009 64 4.39 0.18 0.08 0.06 2.22 0.06 3.981 M67 0.9998
08513445+1137574 6085 66 4.19 0.18 0 0.06 2.08 0.06 3.981 M67 0.9998
08513607+1147470 5870 66 4.39 0.17 0.02 0.06 1.79 0.08 3.981 M67 0.9999
08513615+1138563 6028 64 4.39 0.18 -0.05 0.05 2.5 0.05 3.981 M67 0.9999
08513758+1156445 5920 64 4.44 0.18 0.1 0.05 2.3 0.06 3.981 M67 0.9999
08513874+1142373 6017 63 4.37 0.17 -0.05 0.06 2.39 0.06 3.981 M67 1
08513905+1147553 5870 66 4.39 0.18 -0.03 0.05 1.71 0.08 3.981 M67 0.9999
08513941+1200571 5792 66 4.41 0.18 -0.02 0.05 1.49 0.13 3.981 M67 0.9996
08514007+1152433 6044 65 4.31 0.18 -0.02 0.06 2.79 0.05 3.981 M67 0.9938
08514150+1147361 5963 66 4.47 0.17 0.09 0.05 2.23 0.06 3.981 M67 0.9991
08514280+1159310 5988 66 4.44 0.18 -0.03 0.06 2.42 0.06 3.981 M67 0.9999
08514493+1138589 6130 64 4.26 0.17 0.03 0.05 2.71 0.05 3.981 M67 0.9998
08514847+1142228 5964 67 4.35 0.17 -0.04 0.05 2.38 0.07 3.981 M67 0.983
08514895+1148021 5893 63 4.43 0.18 0.06 0.05 1.84 0.07 3.981 M67 1
08515022+1144570 5918 65 4.34 0.18 -0.04 0.06 2.29 0.06 3.981 M67 0.9999
08515309+1140536 6005 65 4.29 0.17 -0.12 0.05 2.71 0.06 3.981 M67 0.9999
08515516+1139401 5926 65 4.44 0.17 0.06 0.05 1.89 0.09 3.981 M67 1
08515559+1148381 5794 64 4.43 0.18 -0.04 0.05 1.56 0.1 3.981 M67 0.9998
08515659+1147249 5896 64 4.41 0.17 -0.01 0.05 1.9 0.07 3.981 M67 0.9999
08515877+1150024 5757 66 4.41 0.18 -0.06 0.06 1.65 0.08 3.981 M67 0.9952
08520041+1156070 5939 67 4.43 0.18 0.09 0.05 1.75 0.1 3.981 M67 1
08520247+1155342 5729 65 4.46 0.18 -0.02 0.05 1.28 0.18 3.981 M67 0.9987
08520330+1158046 6045 66 4.43 0.17 0.08 0.05 2.39 0.06 3.981 M67 0.9999
08520350+1147480 5875 66 4.47 0.17 -0.03 0.05 1.21 0.24 3.981 M67 0.9999
08520511+1146213 5667 63 4.45 0.17 0.07 0.05 1.01 0.49 3.981 M67 0.9718
08520845+1148104 5691 64 4.49 0.17 0.03 0.05 1.31 0.14 3.981 M67 1
08505600+1153519 6116 37 4.11 0.05 -0.04 0.06 2.57 0.04 3.981 M67 0.9997
08510080+1148527 5755 36 4.31 0.05 0 0.06 1.25 0.08 3.981 M67 0.9999
08510524+1149340 6078 37 4.1 0.05 -0.08 0.06 2.56 0.04 3.981 M67 0.9997
08510969+1159096 6091 37 4.07 0.05 -0.07 0.06 2.85 0.03 3.981 M67 0.9985
08514081+1149055 6123 36 4.17 0.05 -0.03 0.06 2.62 0.03 3.981 M67 1
08505182+1156559 6108 36 3.88 0.05 -0.09 0.06 1.26 0.0 3.981 M67 0.9999
08512012+1146417 6173 37 3.91 0.05 -0.08 0.06 2.07 0.04 3.981 M67 0.9999
08513322+1148513 6103 37 3.95 0.05 -0.06 0.06 1.38 0.0 3.981 M67 0.9881
08514122+1154290 6195 36 3.9 0.05 -0.05 0.06 2 0.05 3.981 M67 1
08510325+1145473 6074 37 3.94 0.05 0 0.06 1.4 0.07 3.981 M67 0.9999
08510838+1147121 4939 35 3.35 0.05 0.05 0.06 0.09 0.12 3.981 M67 1
08513045+1148582 4794 36 3.02 0.05 -0.08 0.06 -0.32 0.0 3.981 M67 0.9962
08513577+1153347 4932 35 3.28 0.05 0 0.06 0.12 0.1 3.981 M67 0.9999
