OBJECT TEFF E_TEFF LOGG E_LOGG FEH E_FEH LI1 E_LI1 "AGE (Gyr)" GES_FLD
06303107+0446500 4871 96 3.55 0.76 -0.42 0.20 0.97 0.00 0.004 NGC2244
06305068+0450371 5189 82 3.41 0.34 0.07 0.10 1.24 0.41 0.004 NGC2244
06305282+0447345 6345 84 4.31 0.22 -0.05 0.09 2.69 0.11 0.004 NGC2244
06305413+0445073 4714 82 2.73 0.20 -0.13 0.09 0.89 0.00 0.004 NGC2244
06310307+0447596 4584.14 86.77 2.80 0.13 -0.12 0.08 0.62 0.00 0.004 NGC2244
06310356+0440563 4484.39 75.6 4.79 0.09 0.02 0.05 0.03 0.20 0.004 NGC2244
06310778+0454453 4180.89 87.62 4.71 0.16 0.09 0.08 0.16 0.36 0.004 NGC2244
06310943+0439303 6739 82 4.14 0.23 0.10 0.14 2.86 0.00 0.004 NGC2244
06311045+0450424 5946 83 4.28 0.23 -0.47 0.12 2.26 0.10 0.004 NGC2244
06311250+0439502 4724 83 2.75 0.22 -0.22 0.10 1.40 0.14 0.004 NGC2244
06311435+0440115 5187 84 3.58 0.22 -0.10 0.09 1.39 0.13 0.004 NGC2244
06311686+0442300 6733 93 4.74 0.36 0.15 0.14 2.64 0.00 0.004 NGC2244
06311979+0456027 6422 98 4.86 0.32 -0.26 0.12 2.34 0.00 0.004 NGC2244
06311986+0453313 4565.58 83.09 2.42 0.14 -0.19 0.08 0.61 0.00 0.004 NGC2244
06312105+0448188 4530 96 4.62 0.10 0.02 0.07 1.28 0.14 0.004 NGC2244
06312124+0444264 3856.35 61.08 4.78 0.10 0.10 0.08 0.11 0.23 0.004 NGC2244
06312256+0450195 3941.47 92.3 3.73 0.28 -0.47 0.32 3.57 0.24 0.004 NGC2244
06312301+0451229 4765 83 2.74 0.12 -0.18 0.08 0.50 0.20 0.004 NGC2244
06313315+0448527 5905 82 4.02 0.26 -0.23 0.10 2.32 0.16 0.004 NGC2244
06313433+0441003 5011 81 3.01 0.22 -0.10 0.07 0.76 0.39 0.004 NGC2244
06313671+0441572 6973 100 4.44 0.51 -0.23 0.25 3.33 0.17 0.004 NGC2244
06314198+0449306 6598 99 4.53 0.38 0.14 0.14 2.95 0.17 0.004 NGC2244
06314589+0444117 4349.04 70.76 4.80 0.08 -0.02 0.04 0.17 0.12 0.004 NGC2244
06314602+0448233 3812.13 57.81 4.70 0.08 -0.15 0.07 0.08 0.19 0.004 NGC2244
06315531+0452237 6771 84 4.08 0.13 -0.13 0.07 2.25 0.25 0.004 NGC2244
06303223+0447016 4541.87 231.58 2.47 0.84 -0.67 0.25 0.88 0.42 0.004 NGC2244
06304060+0446320 4743 82 2.82 0.26 -0.13 0.07 0.03 0.72 0.004 NGC2244
06304147+0456435 5623 84 4.00 0.18 0.12 0.07 2.38 0.10 0.004 NGC2244
06304269+0452185 5384 82 4.08 0.18 0.21 0.06 1.63 0.11 0.004 NGC2244
06304797+0458441 6399 83 4.06 0.18 -0.08 0.10 2.41 0.16 0.004 NGC2244
06305110+0455415 6753 100 3.75 0.34 -0.15 0.15 3.31 0.11 0.004 NGC2244
06305161+0446403 5894 81 4.12 0.16 0.06 0.07 1.93 0.17 0.004 NGC2244
06310126+0447234 5942 96 3.74 0.62 -1.26 0.31 2.18 0.00 0.004 NGC2244
06310127+0450315 6567 97 3.90 0.35 -0.61 0.17 2.97 0.12 0.004 NGC2244
06310280+0446503 6598 83 4.20 0.12 0.08 0.06 1.92 0.00 0.004 NGC2244
06311124+0500588 5125 83 3.13 0.35 0.08 0.08 1.30 0.24 0.004 NGC2244
06311154+0441176 4395.66 104.9 4.69 0.10 0.09 0.08 3.41 0.15 0.004 NGC2244
06311720+0438080 4869 81 4.65 0.11 -0.02 0.05 0.65 0.00 0.004 NGC2244
06311861+0439018 4538 82 2.77 0.14 -0.02 0.07 0.46 0.16 0.004 NGC2244
06312258+0439301 4570 83 4.77 0.10 0.00 0.05 0.25 0.00 0.004 NGC2244
06312743+0450219 6000 81 4.31 0.17 -0.06 0.08 2.76 0.09 0.004 NGC2244
06312888+0448081 5159 84 3.72 0.27 -0.16 0.09 1.78 0.12 0.004 NGC2244
06314158+0459405 3863.86 72.01 3.19 0.23 0.36 0.17 3.92 0.23 0.004 NGC2244
06314581+0444538 5004 81 3.47 0.38 -0.34 0.11 1.45 0.16 0.004 NGC2244
06314776+0453150 4003.21 66.63 4.68 0.11 -0.22 0.08 0.05 0.24 0.004 NGC2244
06314891+0448542 5238 83 3.25 0.26 0.00 0.08 1.16 0.31 0.004 NGC2244
06314921+0449487 7055 98 3.73 0.20 0.07 0.10 2.93 0.13 0.004 NGC2244
06315302+0456170 4072.32 94.18 3.30 0.26 0.02 0.15 3.59 0.17 0.004 NGC2244
06320207+0446546 4068.2 117.59 4.01 0.38 -0.03 0.22 3.07 0.27 0.004 NGC2244
06320220+0452145 3975.62 92.24 4.26 0.29 -0.01 0.20 3.17 0.13 0.004 NGC2244
06303658+0453205 6791 99 4.24 0.34 -0.16 0.15 2.88 0.21 0.004 NGC2244
06304519+0456394 5145 82 3.02 0.20 -0.18 0.08 1.06 0.00 0.004 NGC2244
06304657+0449435 4881 83 4.47 0.23 -0.02 0.09 0.46 0.00 0.004 NGC2244
06304920+0457507 4147.94 151.15 3.82 0.50 -0.07 0.26 3.66 0.35 0.004 NGC2244
06305980+0458464 4654 84 2.72 0.20 -0.27 0.09 0.92 0.14 0.004 NGC2244
06311158+0439128 5929 96 4.94 0.60 -1.09 0.26 2.07 0.00 0.004 NGC2244
06312494+0440547 6583 93 4.21 0.44 -0.11 0.18 2.84 0.17 0.004 NGC2244
06312806+0446426 3951.37 90.75 3.13 0.26 0.15 0.18 3.57 0.29 0.004 NGC2244
06313286+0459495 4998 94 2.93 0.63 0.13 0.14 4.47 0.24 0.004 NGC2244
06313431+0437501 6031 97 1.65 0.48 0.19 0.16 3.00 0.15 0.004 NGC2244
06314083+0500128 4738 80 2.67 0.38 -0.10 0.12 0.57 0.00 0.004 NGC2244
06314303+0439134 5730 95 3.23 0.66 -0.49 0.24 3.40 0.18 0.004 NGC2244
06314497+0450168 4084.81 100.41 4.42 0.29 -0.07 0.18 3.39 0.15 0.004 NGC2244
06314770+0442367 5793 95 4.02 0.13 -0.41 0.11 2.27 0.18 0.004 NGC2244
06314916+0444076 4202.82 90.72 4.53 0.18 0.08 0.08 0.43 0.22 0.004 NGC2244
06315103+0443161 5672 83 4.13 0.33 -0.31 0.13 2.85 0.12 0.004 NGC2244
06315184+0448542 4115.24 134.38 4.52 0.46 -0.73 0.40 3.07 0.18 0.004 NGC2244
06315434+0445133 6371 82 4.17 0.19 -0.03 0.09 2.83 0.10 0.004 NGC2244
06315782+0454164 3821.23 69.9 4.25 0.23 0.50 0.17 1.25 0.23 0.004 NGC2244
06315824+0446018 4419.53 156.03 4.74 0.52 0.13 0.30 4.08 0.36 0.004 NGC2244
06304615+0442128 6419 84 3.87 0.26 -0.11 0.12 2.82 0.14 0.004 NGC2244
06304811+0439554 6419 97 4.51 0.31 -0.42 0.12 2.47 0.18 0.004 NGC2244
06305262+0440034 4025.37 64.69 4.71 0.09 -0.02 0.04 0.15 0.17 0.004 NGC2244
06310510+0500429 4842 81 2.90 0.28 0.00 0.10 0.93 0.00 0.004 NGC2244
06311041+0444241 4974 83 2.78 0.23 -0.05 0.08 1.28 0.19 0.004 NGC2244
06311100+0438274 6463 82 4.16 0.12 -0.06 0.06 3.01 0.06 0.004 NGC2244
06312427+0457506 3830.21 63.3 4.75 0.13 -0.26 0.20 0.42 0.17 0.004 NGC2244
06312952+0454342 3897.51 79.33 3.12 0.25 0.40 0.17 3.57 0.18 0.004 NGC2244
06313228+0455265 6609 99 4.22 0.77 -0.43 0.36 3.39 0.13 0.004 NGC2244
06313653+0444075 5949 80 4.32 0.13 -0.14 0.07 2.37 0.09 0.004 NGC2244
06313892+0439580 6469 83 3.97 0.16 -0.03 0.09 2.91 0.11 0.004 NGC2244
06314152+0459173 6595 97 3.69 0.40 -0.64 0.20 2.87 0.15 0.004 NGC2244
06314867+0440144 5165 97 2.90 0.47 0.29 0.11 1.60 0.00 0.004 NGC2244
06315103+0445375 3911.65 61.04 4.73 0.08 -0.29 0.06 0.24 0.15 0.004 NGC2244
06315110+0450041 6107 81 4.17 0.20 -0.08 0.08 1.64 0.00 0.004 NGC2244
06315505+0455049 5787 83 4.35 0.16 -0.28 0.08 1.80 0.13 0.004 NGC2244
06315536+0454191 6666 97 4.19 0.26 -0.36 0.12 3.08 0.10 0.004 NGC2244
06315582+0451273 4545 83 4.60 0.25 -0.04 0.08 3.46 0.16 0.004 NGC2244
06303928+0441153 3941.62 86.59 4.60 0.28 0.31 0.15 0.66 0.22 0.004 NGC2244
06304682+0441111 4376.98 94.73 3.87 0.21 -0.06 0.08 0.21 0.31 0.004 NGC2244
06305103+0441175 6889 95 4.09 0.12 0.01 0.07 2.84 0.17 0.004 NGC2244
06305746+0458520 4745 81 2.69 0.23 -0.10 0.08 0.66 0.00 0.004 NGC2244
06305845+0438470 4264.66 168.74 2.08 0.61 0.22 0.17 3.64 0.27 0.004 NGC2244
06311910+0457476 3809.3 61.29 4.80 0.12 0.08 0.15 -0.93 0.58 0.004 NGC2244
06312346+0451506 6839 83 4.20 0.17 0.06 0.08 3.54 0.08 0.004 NGC2244
06313293+0450263 5403 81 4.53 0.13 -0.06 0.07 1.02 0.28 0.004 NGC2244
06313718+0452480 4646 95 2.92 0.70 -0.40 0.18 0.49 0.00 0.004 NGC2244
06314356+0459490 3967.98 85.58 3.58 0.25 -0.22 0.21 3.42 0.14 0.004 NGC2244
06315124+0454085 6687 98 3.92 0.37 -0.22 0.16 2.91 0.13 0.004 NGC2244
06315522+0451206 5075 96 2.09 1.15 -2.11 0.59 1.44 0.00 0.004 NGC2244
06315748+0454225 5985 83 4.39 0.12 0.09 0.06 1.73 0.00 0.004 NGC2244
06320139+0446121 3847.35 70.34 4.81 0.22 -0.07 0.23 0.09 0.39 0.004 NGC2244
06320149+0454450 3939.92 84.19 2.75 0.26 -0.05 0.22 3.58 0.16 0.004 NGC2244
06320311+0448527 4117.86 126.38 3.59 0.37 -0.23 0.24 3.84 0.25 0.004 NGC2244
06320337+0450543 6294 98 3.38 0.35 -0.34 0.14 2.83 0.13 0.004 NGC2244
06320559+0450184 4192.62 74.35 4.65 0.12 -0.04 0.06 0.02 0.30 0.004 NGC2244
06315006+0449377 6347 34 3.96 0.05 -0.29 0.05 2.26 0.04 0.004 NGC2244
06304789+0448243 6872 62 3.99 0.10 0.29 0.11 3.32 0.05 0.004 NGC2244
06305456+0449273 5621 30 4.34 0.05 -0.36 0.05 1.74 0.04 0.004 NGC2244
06314109+0447068 5046 30 4.49 0.05 -0.07 0.05 -0.37 0.00 0.004 NGC2244
