OBJECT TEFF E_TEFF LOGG E_LOGG FEH E_FEH LI1 E_LI1 "AGE (Gyr)" GES_FLD
06064908+2406061 5613 82 4.11 0.22 -0.82 0.08 2.08 0.24 1.549 NGC2158
06065135+2412010 6238 66 3.81 0.17 0.04 0.05 2.95 0.11 1.549 NGC2158
06065226+2407041 5700 64 3.76 0.17 -0.45 0.05 1.94 0.00 1.549 NGC2158
06065718+2402317 6853 108 3.34 0.33 -0.14 0.10 3.20 0.18 1.549 NGC2158
06070381+2357212 5658 64 4.51 0.18 -0.33 0.05 2.32 0.08 1.549 NGC2158
06070935+2408406 6231 81 4.11 0.22 -0.28 0.08 2.96 0.13 1.549 NGC2158
06070961+2404269 6066 107 4.71 0.32 -0.24 0.10 2.69 0.21 1.549 NGC2158
06071124+2409228 6809 87 4.23 0.22 -0.51 0.08 3.49 0.12 1.549 NGC2158
06071271+2407220 5771 81 3.71 0.22 -0.97 0.08 2.06 0.25 1.549 NGC2158
06071310+2405474 4974 31 2.72 0.05 -0.18 0.05 -0.33 0.00 1.549 NGC2158
06071429+2411517 6652 83 4.15 0.22 -0.05 0.08 2.76 0.26 1.549 NGC2158
06071460+2406327 6277 65 4.32 0.18 -0.82 0.06 2.86 0.12 1.549 NGC2158
06071589+2403583 4993 30 2.76 0.05 -0.14 0.05 0.46 0.00 1.549 NGC2158
06071658+2354402 6435 66 3.92 0.18 -0.84 0.05 2.83 0.10 1.549 NGC2158
06071709+2405148 6226 86 3.44 0.22 -0.44 0.08 2.83 0.21 1.549 NGC2158
06071737+2406333 6499 66 4.35 0.17 -0.21 0.05 3.06 0.12 1.549 NGC2158
06071766+2355510 6528 66 4.02 0.17 -0.27 0.05 2.50 0.18 1.549 NGC2158
06071809+2402406 6572 81 3.99 0.21 -0.65 0.08 3.44 0.10 1.549 NGC2158
06071901+2408476 6786 85 3.82 0.22 -0.16 0.08 3.27 0.10 1.549 NGC2158
06071932+2404542 6437 83 4.60 0.22 -0.32 0.07 2.87 0.18 1.549 NGC2158
06071979+2402319 6769 67 4.12 0.18 -0.24 0.06 3.30 0.09 1.549 NGC2158
06072007+2406222 6180 96 4.95 0.25 0.16 0.15 2.80 0.20 1.549 NGC2158
06072017+2409411 6725 83 4.34 0.22 -0.25 0.08 3.30 0.12 1.549 NGC2158
06072026+2405494 6459 66 4.08 0.17 -0.22 0.06 3.27 0.08 1.549 NGC2158
06072058+2406014 6494 65 4.14 0.18 -0.62 0.05 2.79 0.00 1.549 NGC2158
06072119+2405219 5854 65 4.41 0.18 -0.34 0.06 2.46 0.16 1.549 NGC2158
06072159+2403303 5272 83 4.98 0.22 -0.84 0.08 1.83 0.24 1.549 NGC2158
06072165+2404019 5366 80 4.56 0.22 -0.24 0.08 1.64 0.36 1.549 NGC2158
06072197+2405196 5896 65 3.59 0.17 -0.34 0.05 2.44 0.19 1.549 NGC2158
06072199+2404359 5762 64 3.78 0.17 -0.39 0.05 2.57 0.08 1.549 NGC2158
06072202+2405468 5398 83 3.81 0.22 -0.41 0.08 2.06 0.23 1.549 NGC2158
06072238+2409432 6489 83 4.50 0.21 -0.04 0.08 3.45 0.12 1.549 NGC2158
06072253+2401008 6592 81 3.38 0.22 -0.44 0.08 3.06 0.14 1.549 NGC2158
06072293+2406068 5503 66 3.38 0.17 -0.70 0.06 2.44 0.13 1.549 NGC2158
06072312+2407457 6418 84 4.07 0.22 -0.11 0.07 2.72 0.24 1.549 NGC2158
06072386+2405218 5536 84 4.07 0.22 -0.34 0.07 2.55 0.16 1.549 NGC2158
06072405+2406472 4975 64 2.84 0.17 -0.15 0.05 0.39 0.21 1.549 NGC2158
06072423+2403022 5773 81 3.13 0.21 -0.67 0.08 2.33 0.19 1.549 NGC2158
06072434+2407077 6079 80 4.29 0.22 -0.25 0.08 2.79 0.17 1.549 NGC2158
06072446+2410279 6585 83 3.89 0.21 -0.30 0.08 3.14 0.17 1.549 NGC2158
06072501+2409407 5887 65 4.34 0.18 -0.34 0.05 2.70 0.14 1.549 NGC2158
06072553+2405069 5007 81 3.91 0.22 -0.59 0.08 1.98 0.19 1.549 NGC2158
06072603+2406150 6487 82 3.76 0.22 -0.19 0.08 2.82 0.19 1.549 NGC2158
06072649+2406501 6361 66 3.98 0.17 -0.29 0.05 2.43 0.00 1.549 NGC2158
06072685+2406017 6000 79 4.32 0.22 -1.01 0.08 2.38 0.21 1.549 NGC2158
06072723+2405425 6544 65 4.10 0.18 -0.30 0.05 2.79 0.18 1.549 NGC2158
06072736+2404280 6466 64 4.09 0.18 -0.39 0.05 2.50 0.18 1.549 NGC2158
06072826+2405237 6474 65 4.06 0.17 0.01 0.05 3.13 0.08 1.549 NGC2158
06072833+2406354 6201 67 4.18 0.17 -0.24 0.05 2.76 0.11 1.549 NGC2158
06072876+2409094 6205 82 4.86 0.22 -0.38 0.07 3.02 0.15 1.549 NGC2158
06072902+2408348 6342 65 3.96 0.17 -0.15 0.05 3.23 0.08 1.549 NGC2158
06072907+2402151 4935 31 2.73 0.05 -0.14 0.05 -0.46 0.00 1.549 NGC2158
06072953+2406070 6903 76 3.95 0.19 -0.01 0.09 2.52 0.18 1.549 NGC2158
06072965+2404394 6321 82 4.35 0.21 -0.43 0.08 2.65 0.20 1.549 NGC2158
06072976+2405333 6473 65 3.96 0.18 -0.36 0.05 2.99 0.12 1.549 NGC2158
06072981+2407245 6200 82 4.07 0.22 -0.14 0.08 2.83 0.20 1.549 NGC2158
06073009+2404071 4997 80 3.21 0.22 -0.81 0.08 1.69 0.21 1.549 NGC2158
06073017+2410069 6179 82 3.88 0.22 -0.11 0.08 2.95 0.16 1.549 NGC2158
06073028+2406494 6205 75 3.73 0.18 -0.72 0.09 2.54 0.13 1.549 NGC2158
06073059+2405274 6754 66 3.94 0.17 -0.24 0.05 3.15 0.12 1.549 NGC2158
06073176+2404389 6639 80 4.51 0.22 -0.50 0.08 2.95 0.17 1.549 NGC2158
06073207+2401508 6196 82 3.33 0.22 -0.25 0.08 3.14 0.19 1.549 NGC2158
06073214+2404077 5802 80 4.26 0.21 -0.02 0.08 2.16 0.00 1.549 NGC2158
06073284+2407325 6672 68 3.81 0.18 -0.02 0.05 3.61 0.08 1.549 NGC2158
06073551+2407464 6395 65 3.70 0.17 -0.23 0.05 3.18 0.09 1.549 NGC2158
06073631+2402074 6994 84 3.96 0.22 -0.67 0.07 2.68 0.00 1.549 NGC2158
06073652+2407000 4987 64 2.96 0.17 -0.12 0.05 0.69 0.14 1.549 NGC2158
06073654+2408557 5969 83 4.60 0.22 -0.42 0.08 3.01 0.15 1.549 NGC2158
06073918+2401539 6097 104 4.33 0.34 -0.23 0.09 2.61 0.18 1.549 NGC2158
06074499+2403353 6736 66 4.16 0.17 -0.50 0.05 3.02 0.11 1.549 NGC2158
06074550+2406066 5383 82 4.06 0.22 -0.76 0.08 2.24 0.20 1.549 NGC2158
06074558+2410468 6968 72 4.24 0.21 -0.24 0.05 3.33 0.11 1.549 NGC2158
06074587+2407417 6205 63 4.10 0.17 -0.17 0.06 2.84 0.12 1.549 NGC2158
06074734+2406343 6173 64 4.07 0.18 -0.63 0.06 2.47 0.17 1.549 NGC2158
06074756+2405328 6051 82 3.14 0.22 -0.43 0.07 2.47 0.23 1.549 NGC2158
06074866+2400305 6019 64 3.87 0.18 -0.20 0.05 2.69 0.07 1.549 NGC2158
06075059+2413545 4921 64 2.99 0.17 -0.46 0.05 0.63 0.00 1.549 NGC2158
06075079+2403421 5946 67 4.02 0.18 -0.39 0.05 1.88 0.16 1.549 NGC2158
06075130+2401176 6072 65 4.09 0.17 -0.15 0.06 2.04 0.12 1.549 NGC2158
06075243+2403038 6385 66 3.84 0.18 -0.03 0.05 2.68 0.10 1.549 NGC2158
06075259+2357361 5688 65 4.47 0.18 -0.03 0.05 2.31 0.08 1.549 NGC2158
06080214+2359136 6383 65 4.10 0.17 -0.02 0.06 3.17 0.07 1.549 NGC2158
06080382+2359544 5709 65 4.30 0.17 0.23 0.05 1.73 0.13 1.549 NGC2158
06081155+2407283 4959 61 4.47 0.17 -0.19 0.05 0.36 0.59 1.549 NGC2158
06073160+2409196 6562 65 4.15 0.18 -0.47 0.05 3.05 0.12 1.549 NGC2158
06073461+2357090 6454 64 3.74 0.17 -0.28 0.05 2.49 0.27 1.549 NGC2158
06065486+2410437 4821 65 2.49 0.17 -0.21 0.05 0.05 0.68 1.549 NGC2158
06065513+2406594 4931 66 2.94 0.17 -0.11 0.05 0.56 0.22 1.549 NGC2158
06065552+2405309 5004 63 3.01 0.17 0.00 0.06 1.12 0.00 1.549 NGC2158
06070510+2404470 4566 66 2.24 0.18 -0.19 0.06 0.54 0.00 1.549 NGC2158
06070619+2412596 4564 65 2.14 0.17 -0.27 0.05 0.84 0.09 1.549 NGC2158
06070714+2413452 4424 65 2.22 0.18 0.13 0.05 0.62 0.00 1.549 NGC2158
06070755+2412044 4872 65 2.69 0.17 -0.14 0.05 1.17 0.09 1.549 NGC2158
06071058+2417436 4975 63 3.15 0.17 -0.02 0.05 0.77 0.16 1.549 NGC2158
06071096+2416054 4999 66 2.85 0.18 -0.14 0.05 1.00 0.00 1.549 NGC2158
06071449+2404393 4485 64 2.00 0.18 -0.41 0.05 0.88 0.11 1.549 NGC2158
06071788+2405542 4398 65 1.88 0.17 -0.38 0.05 0.88 0.11 1.549 NGC2158
06072053+2414504 4626 66 2.16 0.18 -0.47 0.05 0.68 0.11 1.549 NGC2158
06072139+2405257 4862 63 2.42 0.18 -0.19 0.06 0.67 0.16 1.549 NGC2158
06072149+2404559 4674 65 2.26 0.17 -0.13 0.05 0.86 0.12 1.549 NGC2158
06072160+2404374 4544 65 2.07 0.18 -0.21 0.05 -0.25 0.33 1.549 NGC2158
06072285+2404512 4481 64 1.94 0.17 -0.38 0.05 0.24 0.12 1.549 NGC2158
06072350+2404134 5074 64 2.98 0.17 -0.07 0.05 1.00 0.00 1.549 NGC2158
06072404+2354518 5142 66 2.98 0.17 -0.02 0.06 1.36 0.10 1.549 NGC2158
06072419+2406508 4592 65 2.26 0.17 -0.17 0.06 0.64 0.10 1.549 NGC2158
06072438+2416269 4976 64 2.84 0.17 -0.11 0.06 1.02 0.00 1.549 NGC2158
06072494+2402324 4695 31 2.25 0.05 -0.08 0.05 0.62 0.07 1.549 NGC2158
06072652+2404491 4702 64 2.27 0.17 -0.19 0.06 1.01 0.12 1.549 NGC2158
06072761+2406033 4947 66 2.83 0.17 -0.14 0.05 0.91 0.00 1.549 NGC2158
06072790+2405490 4327 76 1.84 0.18 -0.25 0.09 -0.44 0.17 1.549 NGC2158
06072860+2405194 4592 64 2.24 0.17 -0.21 0.06 -0.70 0.43 1.549 NGC2158
06072918+2408185 4982 30 2.76 0.05 -0.17 0.05 0.54 0.00 1.549 NGC2158
06073032+2407227 4909 67 2.76 0.17 -0.23 0.05 0.08 0.72 1.549 NGC2158
06073045+2405229 4599 64 2.33 0.17 -0.16 0.05 0.65 0.00 1.549 NGC2158
06073096+2404228 4439 63 1.99 0.17 -0.39 0.05 0.76 0.12 1.549 NGC2158
06073106+2412595 4979 67 2.79 0.17 -0.17 0.05 0.66 0.26 1.549 NGC2158
06073254+2410410 5051 64 3.00 0.18 -0.02 0.05 0.71 0.27 1.549 NGC2158
06073638+2358210 4688 64 2.76 0.17 0.21 0.05 0.96 0.00 1.549 NGC2158
06073794+2403315 5023 65 2.85 0.17 -0.11 0.06 1.15 0.00 1.549 NGC2158
06073868+2409511 4751 31 2.55 0.05 -0.20 0.05 1.22 0.05 1.549 NGC2158
06073878+2403117 4408 65 1.83 0.18 -0.39 0.05 0.84 0.12 1.549 NGC2158
06073918+2409098 4979 31 2.72 0.05 -0.12 0.05 0.36 0.00 1.549 NGC2158
06074059+2408505 4955 65 2.79 0.17 -0.13 0.06 1.03 0.00 1.549 NGC2158
06074219+2403305 5007 65 2.99 0.17 -0.12 0.05 1.06 0.00 1.549 NGC2158
06074629+2406533 5033 65 3.09 0.17 -0.06 0.05 0.73 0.25 1.549 NGC2158
06074739+2414529 4823 64 2.93 0.18 -0.15 0.05 0.80 0.00 1.549 NGC2158
06074995+2404376 4671 65 2.08 0.18 -0.18 0.05 0.21 0.34 1.549 NGC2158
06075219+2355160 4912 66 2.55 0.18 -0.10 0.06 0.87 0.00 1.549 NGC2158
06075243+2403561 4989 64 2.88 0.17 -0.10 0.05 1.06 0.00 1.549 NGC2158
06075495+2415339 4269 64 1.67 0.18 -0.46 0.05 0.77 0.10 1.549 NGC2158
06075797+2408455 4347 63 1.81 0.18 -0.38 0.05 -0.23 0.13 1.549 NGC2158
06080652+2407146 4941 63 3.10 0.18 -0.25 0.05 0.89 0.00 1.549 NGC2158
06064909+2409222 4664 66 2.24 0.17 -0.23 0.06 1.00 0.11 1.549 NGC2158
06065233+2406234 4789 64 2.45 0.17 -0.35 0.05 1.22 0.08 1.549 NGC2158
06065948+2405216 5790 65 4.40 0.18 0.16 0.05 1.31 0.25 1.549 NGC2158
06070784+2413058 6330 66 4.09 0.18 -0.40 0.06 1.72 0.24 1.549 NGC2158
06071005+2405060 6344 65 4.20 0.17 -0.58 0.05 2.97 0.09 1.549 NGC2158
06071108+2404084 6776 83 4.14 0.22 -0.19 0.07 3.25 0.13 1.549 NGC2158
06071123+2406089 4884 63 2.47 0.17 -0.12 0.05 0.56 0.13 1.549 NGC2158
06071148+2416105 5222 64 3.20 0.17 -0.40 0.06 0.87 0.00 1.549 NGC2158
06071229+2406349 6574 65 4.35 0.17 -0.85 0.06 3.17 0.09 1.549 NGC2158
06071275+2407292 6526 78 4.10 0.18 -0.42 0.09 3.30 0.08 1.549 NGC2158
06071354+2404366 6796 109 4.40 0.33 -0.07 0.10 3.06 0.00 1.549 NGC2158
06071408+2402288 6459 66 4.15 0.17 -0.07 0.06 2.46 0.14 1.549 NGC2158
06071495+2411199 4929 64 3.24 0.18 -0.29 0.05 0.84 0.11 1.549 NGC2158
06071518+2355287 6761 65 4.19 0.17 -0.15 0.06 2.43 0.00 1.549 NGC2158
06071567+2407153 6370 65 4.36 0.17 -0.89 0.05 1.93 0.00 1.549 NGC2158
06071572+2405307 6314 77 4.07 0.18 -0.37 0.09 2.38 0.26 1.549 NGC2158
06071680+2407254 6524 64 4.10 0.18 -0.28 0.05 2.97 0.08 1.549 NGC2158
06071681+2405448 6857 65 3.97 0.18 0.07 0.05 3.15 0.08 1.549 NGC2158
06071691+2409341 5671 79 4.65 0.23 -0.73 0.08 2.26 0.00 1.549 NGC2158
06071698+2401079 6862 66 4.03 0.18 -0.09 0.06 3.31 0.08 1.549 NGC2158
06071734+2406259 6560 66 4.10 0.18 -0.19 0.05 3.01 0.06 1.549 NGC2158
06071761+2403149 6099 65 4.16 0.17 -0.28 0.05 2.76 0.06 1.549 NGC2158
06071895+2407436 4986 63 2.90 0.17 -0.16 0.05 0.52 0.14 1.549 NGC2158
06071913+2400148 5055 64 3.09 0.17 -0.08 0.05 1.10 0.00 1.549 NGC2158
06071987+2406552 6801 82 4.19 0.22 -0.23 0.07 2.83 0.15 1.549 NGC2158
06072013+2355138 6727 65 3.91 0.17 -0.29 0.06 2.67 0.13 1.549 NGC2158
06072026+2401175 6401 72 4.43 0.21 -0.45 0.05 3.14 0.24 1.549 NGC2158
06072074+2415586 6207 63 4.04 0.18 -0.37 0.05 1.93 0.17 1.549 NGC2158
06072102+2404544 6241 65 4.41 0.18 -0.24 0.05 2.55 0.16 1.549 NGC2158
06072104+2411043 6466 65 3.72 0.17 0.09 0.06 3.10 0.08 1.549 NGC2158
06072122+2402075 6780 85 4.28 0.22 0.12 0.07 2.68 0.00 1.549 NGC2158
06072122+2406104 6414 83 4.04 0.22 -0.49 0.08 2.80 0.12 1.549 NGC2158
06072150+2408072 5901 65 3.98 0.17 -0.05 0.05 1.99 0.15 1.549 NGC2158
06072160+2407237 5733 84 3.97 0.21 -0.50 0.08 2.84 0.15 1.549 NGC2158
06072162+2402426 6720 83 4.27 0.22 -0.33 0.07 2.40 0.00 1.549 NGC2158
06072163+2405578 6107 64 3.75 0.17 -0.27 0.05 2.78 0.06 1.549 NGC2158
06072205+2405207 6450 65 3.87 0.17 -0.24 0.06 2.67 0.14 1.549 NGC2158
06072245+2404578 6716 65 4.11 0.17 -0.30 0.05 2.72 0.21 1.549 NGC2158
06072287+2408531 5722 103 4.12 0.34 -0.64 0.10 2.41 0.17 1.549 NGC2158
06072337+2406283 6525 64 4.11 0.17 -0.22 0.06 3.08 0.09 1.549 NGC2158
06072339+2403235 6514 83 4.18 0.22 -0.07 0.08 3.05 0.17 1.549 NGC2158
06072385+2357145 5113 65 4.54 0.18 0.02 0.05 2.15 0.08 1.549 NGC2158
06072407+2400221 5904 66 4.29 0.18 -0.62 0.05 2.39 0.07 1.549 NGC2158
06072413+2405161 6729 84 4.54 0.22 -0.05 0.08 3.24 0.10 1.549 NGC2158
06072436+2358207 6556 65 3.99 0.17 -0.16 0.05 2.97 0.06 1.549 NGC2158
06072443+2400524 4939 63 2.79 0.17 -0.17 0.06 2.70 0.09 1.549 NGC2158
06072467+2406306 6210 84 4.97 0.22 -0.11 0.08 3.12 0.13 1.549 NGC2158
06072640+2405216 6595 65 3.95 0.17 -0.41 0.05 2.65 0.18 1.549 NGC2158
06072645+2404239 6122 105 4.91 0.31 -0.06 0.10 2.79 0.18 1.549 NGC2158
06072653+2409309 5992 62 4.51 0.17 -0.23 0.05 3.18 0.09 1.549 NGC2158
06072666+2404448 6421 64 4.20 0.18 -0.17 0.05 3.01 0.09 1.549 NGC2158
06072764+2407510 6661 66 4.10 0.17 -0.27 0.05 3.14 0.09 1.549 NGC2158
06072848+2406443 6462 67 4.08 0.18 -0.15 0.06 2.77 0.12 1.549 NGC2158
06072857+2405574 6732 81 3.89 0.21 -0.27 0.08 2.37 0.00 1.549 NGC2158
06072881+2407047 6773 66 3.92 0.17 -0.23 0.06 2.98 0.14 1.549 NGC2158
06072902+2404391 6144 64 4.36 0.17 -0.19 0.05 2.70 0.13 1.549 NGC2158
06072931+2404199 6481 67 4.16 0.18 -0.57 0.06 2.53 0.18 1.549 NGC2158
06072937+2410434 6239 66 4.39 0.17 -0.34 0.05 3.03 0.09 1.549 NGC2158
06072940+2408441 4978 65 3.01 0.17 -0.11 0.06 0.06 0.46 1.549 NGC2158
06073071+2416233 4518 73 4.82 0.18 -0.05 0.10 0.08 0.00 1.549 NGC2158
06073103+2403026 6193 80 4.27 0.22 0.43 0.05 2.93 0.15 1.549 NGC2158
06073147+2414039 6506 68 4.18 0.18 -0.23 0.05 2.06 0.00 1.549 NGC2158
06073156+2405422 6697 106 4.38 0.34 -0.19 0.09 2.89 0.23 1.549 NGC2158
06073171+2409407 6752 66 4.00 0.17 -0.27 0.06 3.11 0.08 1.549 NGC2158
06073204+2407220 6219 66 3.94 0.17 -0.43 0.06 2.43 0.08 1.549 NGC2158
06073302+2405118 6379 64 4.01 0.17 -0.18 0.05 2.85 0.08 1.549 NGC2158
06073310+2403394 6367 65 3.95 0.17 -0.24 0.06 2.85 0.09 1.549 NGC2158
06073322+2410357 5813 66 3.85 0.18 -0.69 0.06 1.81 0.24 1.549 NGC2158
06073386+2405278 6400 64 3.98 0.17 -0.34 0.06 2.21 0.00 1.549 NGC2158
06073428+2408531 6310 81 3.63 0.22 -0.10 0.08 2.88 0.15 1.549 NGC2158
06073458+2404560 4872 66 2.43 0.17 -0.17 0.05 0.77 0.10 1.549 NGC2158
06073538+2405111 6203 93 4.07 0.25 -0.79 0.16 1.95 0.00 1.549 NGC2158
06073553+2359174 6549 81 3.93 0.22 -0.10 0.08 3.26 0.15 1.549 NGC2158
06073664+2401483 6291 83 4.66 0.22 -0.35 0.07 2.87 0.15 1.549 NGC2158
06073989+2409126 5267 64 4.53 0.17 -0.02 0.05 1.74 0.09 1.549 NGC2158
06074080+2414234 4952 66 4.40 0.17 -0.07 0.05 2.27 0.09 1.549 NGC2158
06074107+2400579 5980 64 4.33 0.17 0.00 0.05 2.43 0.07 1.549 NGC2158
06074466+2410039 6177 65 4.14 0.17 -0.34 0.05 2.43 0.07 1.549 NGC2158
06074506+2408092 6425 66 4.42 0.18 -0.25 0.05 2.43 0.21 1.549 NGC2158
06074588+2405099 4953 63 3.04 0.17 -0.17 0.05 1.19 0.10 1.549 NGC2158
06074664+2407382 6768 67 4.12 0.17 -0.11 0.05 2.83 0.19 1.549 NGC2158
06074689+2359203 6860 66 3.98 0.17 -0.30 0.05 3.20 0.10 1.549 NGC2158
06074814+2400408 5736 64 4.25 0.17 -0.06 0.05 2.29 0.07 1.549 NGC2158
06074885+2404156 5792 66 4.31 0.17 -0.56 0.06 2.23 0.06 1.549 NGC2158
06074893+2405254 6914 65 4.12 0.18 -0.35 0.05 2.46 0.00 1.549 NGC2158
06075100+2400490 5116 65 4.21 0.18 -0.04 0.05 0.88 0.00 1.549 NGC2158
06075107+2358259 6445 64 3.92 0.18 -0.17 0.05 3.02 0.07 1.549 NGC2158
06075221+2411171 4657 66 2.43 0.18 -0.06 0.05 -0.16 0.35 1.549 NGC2158
06075418+2403137 4967 66 2.94 0.18 -0.28 0.05 0.58 0.15 1.549 NGC2158
06075443+2401530 6277 64 4.34 0.17 -0.24 0.05 2.57 0.08 1.549 NGC2158
06075810+2402053 4896 66 2.78 0.18 -0.41 0.06 0.74 0.00 1.549 NGC2158
06075893+2359174 6639 69 4.21 0.17 -0.04 0.05 2.17 0.00 1.549 NGC2158
06075919+2403197 6419 66 3.99 0.17 -0.26 0.05 2.74 0.10 1.549 NGC2158
06080051+2411545 6894 72 4.06 0.21 -0.12 0.05 2.77 0.18 1.549 NGC2158
06080226+2409284 5692 66 4.32 0.18 0.36 0.05 2.06 0.08 1.549 NGC2158
06080397+2409129 6241 63 3.82 0.17 -0.34 0.05 3.07 0.06 1.549 NGC2158
06080754+2403450 6030 65 4.02 0.18 -0.37 0.05 2.51 0.07 1.549 NGC2158
06080948+2408277 6618 67 4.00 0.18 0.01 0.06 2.81 0.14 1.549 NGC2158
06081130+2359181 5787 63 3.91 0.17 -0.16 0.05 2.42 0.15 1.549 NGC2158
06064850+2403496 6345 64 4.13 0.17 -0.11 0.06 2.48 0.08 1.549 NGC2158
06065112+2413019 6189 64 3.74 0.17 -0.28 0.05 3.10 0.07 1.549 NGC2158
06065215+2406424 6940 67 4.11 0.18 -0.29 0.05 2.63 0.00 1.549 NGC2158
06065908+2405302 5946 64 4.31 0.17 -0.20 0.05 2.18 0.08 1.549 NGC2158
06070039+2407216 6358 66 4.31 0.18 -0.68 0.05 2.42 0.11 1.549 NGC2158
06070095+2406301 5342 64 3.92 0.17 -0.31 0.06 1.38 0.09 1.549 NGC2158
06070137+2405420 5827 64 4.15 0.18 -0.06 0.06 2.42 0.06 1.549 NGC2158
06070196+2412278 5930 67 4.16 0.17 -0.21 0.05 2.65 0.07 1.549 NGC2158
06070415+2409180 4962 65 2.74 0.17 -0.18 0.05 1.00 0.00 1.549 NGC2158
06070532+2359598 5108 64 4.55 0.18 -0.24 0.05 0.75 0.38 1.549 NGC2158
06070684+2404576 6772 76 4.14 0.18 -0.16 0.09 2.89 0.15 1.549 NGC2158
06070713+2408599 4980 32 2.78 0.05 -0.11 0.04 0.81 0.00 1.549 NGC2158
06071054+2411014 6292 64 4.07 0.17 -0.25 0.05 2.50 0.11 1.549 NGC2158
06071085+2358004 6318 65 4.25 0.17 -0.07 0.06 2.88 0.06 1.549 NGC2158
06071162+2411020 5990 85 3.40 0.22 -0.42 0.08 2.74 0.13 1.549 NGC2158
06071271+2404509 6479 65 3.95 0.18 -0.07 0.05 2.77 0.15 1.549 NGC2158
06071428+2359049 4984 66 2.82 0.18 -0.16 0.06 1.03 0.00 1.549 NGC2158
06071465+2405477 5972 65 3.82 0.18 -0.32 0.05 2.90 0.07 1.549 NGC2158
06071474+2400383 6471 65 4.12 0.17 -0.19 0.05 2.12 0.23 1.549 NGC2158
06071551+2404588 6403 82 4.48 0.22 0.11 0.08 2.93 0.18 1.549 NGC2158
06071634+2407028 6166 103 4.09 0.35 -0.18 0.10 2.49 0.27 1.549 NGC2158
06071746+2412005 5716 66 4.19 0.17 -0.09 0.05 1.93 0.11 1.549 NGC2158
06071854+2402077 6289 82 4.19 0.22 -0.19 0.08 2.91 0.19 1.549 NGC2158
06071863+2407218 6817 76 3.94 0.18 0.00 0.09 3.20 0.08 1.549 NGC2158
06071873+2408176 6300 81 4.79 0.22 -0.39 0.08 2.41 0.00 1.549 NGC2158
06071906+2409090 4917 64 4.65 0.17 -0.31 0.05 0.99 0.21 1.549 NGC2158
06071986+2405430 6510 68 3.96 0.17 -0.24 0.05 2.93 0.09 1.549 NGC2158
06071999+2405197 5050 66 3.07 0.17 -0.10 0.06 1.11 0.00 1.549 NGC2158
06072009+2401056 4800 63 2.80 0.17 -0.07 0.05 0.33 0.17 1.549 NGC2158
06072009+2402080 6867 66 4.12 0.17 -0.36 0.05 2.90 0.10 1.549 NGC2158
06072036+2404150 5335 64 3.86 0.17 0.19 0.05 1.34 0.00 1.549 NGC2158
06072090+2404043 6439 64 3.77 0.17 -0.06 0.05 2.41 0.20 1.549 NGC2158
06072247+2406369 4977 67 2.90 0.17 -0.10 0.05 0.94 0.00 1.549 NGC2158
06072253+2412226 6479 65 4.03 0.17 -0.41 0.05 3.10 0.08 1.549 NGC2158
06072260+2404097 6565 81 4.44 0.22 -0.24 0.08 2.61 0.00 1.549 NGC2158
06072361+2402415 6035 65 4.31 0.17 -0.17 0.05 2.49 0.07 1.549 NGC2158
06072410+2407156 6846 68 4.24 0.18 -0.21 0.06 3.16 0.11 1.549 NGC2158
06072420+2405211 6679 66 4.62 0.18 -0.13 0.06 2.61 0.00 1.549 NGC2158
06072435+2408365 6871 84 4.25 0.22 -0.08 0.08 2.80 0.00 1.549 NGC2158
06072469+2406139 6030 81 4.00 0.22 -0.16 0.07 2.52 0.26 1.549 NGC2158
06072510+2404253 6896 80 3.90 0.18 0.03 0.09 2.17 0.00 1.549 NGC2158
06072527+2413080 6005 64 4.31 0.17 -0.24 0.05 2.48 0.06 1.549 NGC2158
06072558+2402136 6660 65 4.12 0.17 -0.18 0.05 2.86 0.14 1.549 NGC2158
06072601+2404238 6837 105 4.19 0.24 -0.29 0.09 2.95 0.11 1.549 NGC2158
06072648+2406308 4988 65 3.07 0.18 -0.11 0.05 1.22 0.10 1.549 NGC2158
06072678+2407510 6034 63 3.74 0.17 -0.40 0.06 2.79 0.09 1.549 NGC2158
06072711+2407289 6364 81 3.59 0.23 -0.22 0.07 3.33 0.10 1.549 NGC2158
06072757+2410128 5950 66 4.52 0.18 -0.23 0.05 2.49 0.10 1.549 NGC2158
06072882+2404433 6853 64 4.14 0.17 -0.47 0.05 3.19 0.09 1.549 NGC2158
06072909+2406035 6927 105 4.24 0.33 0.03 0.09 3.29 0.16 1.549 NGC2158
06073069+2407003 4969 64 2.97 0.17 -0.16 0.05 -0.03 0.64 1.549 NGC2158
06073138+2406223 6557 64 4.17 0.18 -0.44 0.05 2.98 0.09 1.549 NGC2158
06073174+2402392 4967 30 2.76 0.05 -0.15 0.05 0.41 0.00 1.549 NGC2158
06073192+2406369 5990 64 3.75 0.17 -0.16 0.05 1.89 0.16 1.549 NGC2158
06073225+2357525 4756 65 4.65 0.18 0.26 0.06 0.82 0.00 1.549 NGC2158
06073226+2409135 6766 77 4.13 0.18 -0.15 0.09 2.89 0.16 1.549 NGC2158
06073230+2409588 5849 66 4.34 0.17 -0.13 0.05 2.47 0.07 1.549 NGC2158
06073274+2410214 5120 64 3.06 0.17 -0.17 0.05 0.34 0.83 1.549 NGC2158
06073284+2408551 6489 82 4.01 0.22 -0.08 0.08 3.18 0.23 1.549 NGC2158
06073336+2405508 5681 65 4.15 0.17 -0.29 0.06 2.36 0.08 1.549 NGC2158
06073376+2410305 6262 64 3.93 0.18 -0.58 0.05 2.13 0.21 1.549 NGC2158
06073425+2405036 6484 66 4.06 0.17 -0.50 0.05 2.74 0.18 1.549 NGC2158
06073520+2408299 6720 86 4.10 0.22 -0.12 0.08 2.50 0.00 1.549 NGC2158
06073598+2406230 6030 65 3.87 0.17 -0.23 0.05 2.70 0.08 1.549 NGC2158
06073623+2405253 5647 64 3.82 0.17 -0.28 0.05 2.21 0.08 1.549 NGC2158
06073722+2400536 4955 64 2.94 0.18 -0.13 0.06 1.31 0.10 1.549 NGC2158
06073744+2402541 6683 67 4.32 0.17 -0.18 0.05 2.52 0.21 1.549 NGC2158
06073802+2403529 5956 66 4.38 0.17 0.30 0.05 2.07 0.12 1.549 NGC2158
06074005+2402556 6210 64 4.38 0.18 -0.09 0.05 2.43 0.10 1.549 NGC2158
06074132+2403003 5783 65 3.96 0.17 -0.61 0.05 2.11 0.12 1.549 NGC2158
06074162+2405540 4945 32 2.74 0.05 -0.15 0.05 1.83 0.05 1.549 NGC2158
06074206+2404352 6196 65 3.79 0.18 -0.16 0.05 2.92 0.07 1.549 NGC2158
06074249+2413383 6404 65 4.10 0.18 -0.44 0.06 2.50 0.14 1.549 NGC2158
06074531+2359172 5843 65 4.29 0.17 -0.49 0.05 1.73 0.00 1.549 NGC2158
06074734+2406501 6490 82 4.32 0.22 -0.46 0.08 2.66 0.22 1.549 NGC2158
06074790+2404527 6073 67 4.63 0.18 -0.20 0.06 2.72 0.09 1.549 NGC2158
06074804+2409396 6707 66 3.95 0.17 -0.12 0.05 3.00 0.12 1.549 NGC2158
06074994+2357225 6713 66 4.04 0.17 0.01 0.05 3.00 0.10 1.549 NGC2158
06075002+2409298 5783 65 4.29 0.18 -0.07 0.05 1.58 0.30 1.549 NGC2158
06075432+2408488 6430 66 4.17 0.17 -0.16 0.05 2.80 0.18 1.549 NGC2158
06075433+2406233 6654 78 3.93 0.18 -0.19 0.09 2.95 0.13 1.549 NGC2158
06075682+2408276 4920 66 2.63 0.18 -0.13 0.06 0.88 0.11 1.549 NGC2158
06080108+2411446 5505 64 4.51 0.17 -0.38 0.05 1.54 0.14 1.549 NGC2158
06080112+2402241 6457 64 4.12 0.17 -0.24 0.06 2.22 0.22 1.549 NGC2158
06081083+2401191 5861 64 4.15 0.18 -0.44 0.05 2.50 0.07 1.549 NGC2158
06081128+2404049 4986 65 3.21 0.18 -0.14 0.05 1.18 0.10 1.549 NGC2158
06081226+2400204 4950 64 2.96 0.17 -0.38 0.05 0.83 0.12 1.549 NGC2158
06081436+2401341 6183 64 4.24 0.17 -0.06 0.06 1.93 0.00 1.549 NGC2158
06081440+2402066 6418 67 4.06 0.17 -0.17 0.06 3.04 0.06 1.549 NGC2158
06064937+2401082 5132 65 4.73 0.18 -0.29 0.05 1.17 0.15 1.549 NGC2158
06065372+2403475 5804 83 2.75 0.21 -0.44 0.08 2.52 0.18 1.549 NGC2158
06065435+2411251 6547 96 4.46 0.25 -0.70 0.15 2.81 0.00 1.549 NGC2158
06070649+2405010 6526 74 4.03 0.21 -0.66 0.06 3.00 0.15 1.549 NGC2158
06071034+2404046 6978 85 4.22 0.22 -0.33 0.08 3.29 0.13 1.549 NGC2158
06071222+2408148 5306 83 3.85 0.22 -0.69 0.08 1.98 0.19 1.549 NGC2158
06071275+2405321 6747 66 4.11 0.17 -0.09 0.06 3.31 0.13 1.549 NGC2158
06071293+2408318 6424 76 4.06 0.18 -0.59 0.09 3.27 0.10 1.549 NGC2158
06071365+2403327 6690 106 3.79 0.33 -0.07 0.09 2.61 0.42 1.549 NGC2158
06071414+2409031 5340 65 4.46 0.17 -0.03 0.05 1.01 0.35 1.549 NGC2158
06071478+2401507 6608 66 3.97 0.18 -0.20 0.05 3.09 0.10 1.549 NGC2158
06071594+2405183 5438 83 2.81 0.22 -0.98 0.08 2.22 0.20 1.549 NGC2158
06071644+2402303 6559 81 4.21 0.22 -0.24 0.08 3.00 0.16 1.549 NGC2158
06071764+2407202 6629 84 4.19 0.22 -0.18 0.08 2.61 0.00 1.549 NGC2158
06071840+2405084 6775 85 4.30 0.22 -0.03 0.08 3.27 0.17 1.549 NGC2158
06071889+2356594 5963 65 4.17 0.17 -0.32 0.05 2.63 0.10 1.549 NGC2158
06071901+2413560 5445 81 3.68 0.22 -0.67 0.08 2.31 0.19 1.549 NGC2158
06071909+2403478 6619 66 3.98 0.17 -0.46 0.05 3.19 0.09 1.549 NGC2158
06071926+2407379 6565 80 4.69 0.22 -0.10 0.08 3.31 0.12 1.549 NGC2158
06071951+2406223 6820 107 4.19 0.33 0.30 0.09 3.67 0.19 1.549 NGC2158
06071980+2405215 6203 64 4.07 0.17 -0.55 0.06 2.85 0.09 1.549 NGC2158
06072017+2407514 6977 105 4.22 0.33 -0.07 0.09 2.63 0.00 1.549 NGC2158
06072034+2404302 6917 107 4.14 0.33 0.17 0.09 2.83 0.20 1.549 NGC2158
06072071+2404534 4933 78 3.07 0.18 -0.04 0.09 -0.33 0.64 1.549 NGC2158
06072097+2406392 6903 106 4.42 0.33 0.12 0.10 2.77 0.00 1.549 NGC2158
06072177+2407306 6247 72 3.96 0.21 -0.24 0.05 3.41 0.10 1.549 NGC2158
06072224+2408490 6621 83 4.76 0.21 -0.26 0.08 2.64 0.00 1.549 NGC2158
06072240+2407376 6381 84 4.17 0.22 0.04 0.07 2.84 0.20 1.549 NGC2158
06072257+2404449 6617 109 4.58 0.33 0.12 0.09 2.77 0.00 1.549 NGC2158
06072308+2405236 5349 80 3.03 0.22 -1.06 0.08 2.18 0.17 1.549 NGC2158
06072328+2406026 6497 105 4.63 0.33 -0.22 0.09 2.91 0.19 1.549 NGC2158
06072385+2405130 5184 82 3.47 0.22 -0.43 0.08 2.50 0.18 1.549 NGC2158
06072404+2407292 6678 95 4.54 0.26 0.38 0.09 3.08 0.27 1.549 NGC2158
06072415+2407008 6581 84 2.97 0.34 -0.58 0.08 3.49 0.20 1.549 NGC2158
06072472+2408035 6680 81 4.25 0.22 0.19 0.08 3.46 0.16 1.549 NGC2158
06072581+2405110 6691 67 3.88 0.17 -0.27 0.06 2.79 0.17 1.549 NGC2158
06072588+2408307 6949 108 4.50 0.33 0.13 0.09 3.13 0.00 1.549 NGC2158
06072615+2401471 6698 64 3.91 0.18 -0.20 0.05 2.76 0.23 1.549 NGC2158
06072667+2408224 5982 81 4.78 0.21 -0.03 0.08 2.80 0.17 1.549 NGC2158
06072673+2407088 6639 69 4.19 0.21 -0.23 0.05 2.73 0.00 1.549 NGC2158
06072679+2403526 6498 69 3.93 0.21 -0.25 0.05 2.80 0.15 1.549 NGC2158
06072743+2405241 6297 83 4.69 0.22 -0.35 0.08 3.20 0.14 1.549 NGC2158
06072758+2404264 6369 102 3.68 0.33 -0.36 0.09 3.16 0.19 1.549 NGC2158
06072759+2406066 6469 66 4.04 0.18 -0.15 0.05 2.99 0.10 1.549 NGC2158
06072767+2406239 5973 84 4.64 0.22 -0.47 0.08 2.37 0.00 1.549 NGC2158
06072793+2404427 6148 81 4.81 0.22 -0.16 0.08 2.57 0.00 1.549 NGC2158
06072863+2404055 6221 83 4.53 0.21 -0.51 0.08 2.25 0.00 1.549 NGC2158
06072891+2405334 6789 68 4.39 0.17 -0.25 0.05 2.98 0.19 1.549 NGC2158
06072894+2401455 6477 67 4.33 0.17 -0.30 0.05 2.65 0.14 1.549 NGC2158
06072900+2407267 6817 80 4.48 0.22 -0.08 0.07 2.90 0.00 1.549 NGC2158
06072925+2405226 6609 64 4.07 0.18 -0.23 0.05 3.07 0.10 1.549 NGC2158
06072936+2405484 6525 104 4.52 0.34 -0.46 0.09 2.87 0.19 1.549 NGC2158
06072940+2405012 6484 66 4.12 0.17 -0.23 0.05 2.58 0.18 1.549 NGC2158
06072955+2404422 6288 84 4.19 0.21 0.06 0.08 2.94 0.18 1.549 NGC2158
06072991+2406347 6529 81 4.24 0.33 0.19 0.08 2.97 0.25 1.549 NGC2158
06073007+2408147 6882 107 4.55 0.32 0.07 0.09 3.48 0.20 1.549 NGC2158
06073022+2407508 6681 82 4.02 0.21 -0.52 0.08 2.92 0.17 1.549 NGC2158
06073031+2406038 6293 104 4.26 0.33 0.04 0.10 2.57 0.00 1.549 NGC2158
06073080+2409403 6457 82 3.73 0.22 -0.28 0.08 2.38 0.00 1.549 NGC2158
06073164+2355425 5649 65 4.32 0.18 -0.10 0.06 1.35 0.40 1.549 NGC2158
06073180+2405275 5826 81 4.77 0.22 -0.28 0.08 2.73 0.16 1.549 NGC2158
06073188+2406560 6686 64 4.18 0.18 -0.29 0.05 3.12 0.10 1.549 NGC2158
06073196+2407489 6206 84 4.25 0.22 -0.61 0.08 2.71 0.16 1.549 NGC2158
06073315+2403277 6502 66 4.37 0.17 -0.31 0.05 2.15 0.00 1.549 NGC2158
06073361+2407209 6013 66 3.78 0.17 -0.34 0.06 2.91 0.07 1.549 NGC2158
06073371+2405331 6024 66 4.51 0.18 -0.14 0.06 2.34 0.00 1.549 NGC2158
06073411+2403503 6191 81 3.61 0.22 -0.02 0.08 2.93 0.16 1.549 NGC2158
06073428+2411594 6114 64 4.31 0.17 0.06 0.06 2.81 0.07 1.549 NGC2158
06073454+2401523 6564 105 4.43 0.33 0.05 0.09 3.07 0.18 1.549 NGC2158
06073547+2407175 6706 79 4.16 0.21 -0.10 0.08 3.07 0.16 1.549 NGC2158
06073803+2355379 6614 82 3.90 0.23 -0.67 0.08 2.61 0.23 1.549 NGC2158
06073975+2404082 5413 81 2.94 0.22 -0.78 0.08 1.98 0.00 1.549 NGC2158
06073991+2407434 6621 82 3.22 0.34 -0.13 0.08 2.86 0.27 1.549 NGC2158
06074001+2405165 6225 106 3.24 0.33 -0.27 0.09 2.94 0.19 1.549 NGC2158
06074083+2357552 6658 106 4.34 0.33 -0.03 0.09 3.16 0.18 1.549 NGC2158
06074518+2404523 6753 82 4.21 0.21 -0.25 0.08 3.03 0.19 1.549 NGC2158
06074580+2405304 6457 80 3.92 0.21 -0.63 0.07 2.45 0.21 1.549 NGC2158
06074610+2355084 6008 65 4.09 0.17 -0.01 0.05 2.83 0.10 1.549 NGC2158
06080702+2407397 6099 65 4.40 0.18 -0.36 0.05 2.29 0.23 1.549 NGC2158
06080901+2358417 5115 66 4.37 0.18 0.01 0.06 1.67 0.09 1.549 NGC2158
06081553+2402355 5974 65 4.06 0.17 -0.38 0.05 2.76 0.08 1.549 NGC2158
06064363+2404274 5813 64 4.03 0.17 -0.53 0.05 2.04 0.12 1.549 NGC2158
06064904+2405213 6505 66 4.09 0.18 -0.16 0.05 2.70 0.17 1.549 NGC2158
06064981+2409449 5256 83 2.12 0.21 -1.28 0.08 2.13 0.19 1.549 NGC2158
06065545+2405046 6259 66 3.95 0.17 -0.38 0.06 2.99 0.08 1.549 NGC2158
06065767+2407540 5391 80 3.77 0.22 -1.05 0.08 2.66 0.20 1.549 NGC2158
06070023+2406380 6814 64 3.74 0.17 -0.19 0.06 3.15 0.09 1.549 NGC2158
06070066+2413410 5484 79 3.21 0.22 -0.18 0.08 2.08 0.28 1.549 NGC2158
06070073+2413110 5930 83 4.83 0.22 -0.42 0.08 2.73 0.17 1.549 NGC2158
06070194+2416042 6256 65 4.31 0.17 0.04 0.05 2.88 0.06 1.549 NGC2158
06070451+2410232 6423 65 4.14 0.18 -1.02 0.05 2.53 0.19 1.549 NGC2158
06071033+2358542 6395 65 3.89 0.17 0.05 0.05 2.64 0.23 1.549 NGC2158
06071044+2411573 6388 83 3.89 0.22 -0.41 0.08 2.46 0.00 1.549 NGC2158
06071309+2403584 6450 83 4.43 0.22 -0.40 0.08 2.74 0.00 1.549 NGC2158
06071349+2359493 6353 85 4.77 0.23 -0.39 0.07 3.02 0.19 1.549 NGC2158
06071378+2356013 6650 83 3.75 0.22 -0.71 0.08 2.82 0.17 1.549 NGC2158
06071452+2417113 6547 65 4.02 0.17 -0.11 0.05 2.67 0.15 1.549 NGC2158
06071517+2407342 6993 75 4.44 0.21 0.03 0.06 2.64 0.00 1.549 NGC2158
06071588+2404295 6109 81 4.03 0.22 -0.30 0.08 2.77 0.20 1.549 NGC2158
06071589+2409267 5783 83 3.27 0.22 -0.59 0.08 2.76 0.17 1.549 NGC2158
06071595+2406250 6691 83 4.21 0.22 -0.46 0.08 3.55 0.10 1.549 NGC2158
06071649+2357461 5919 67 3.98 0.17 -0.10 0.06 2.36 0.10 1.549 NGC2158
06071684+2405564 6851 82 3.98 0.22 -0.12 0.08 3.31 0.12 1.549 NGC2158
06071799+2408234 6651 82 4.04 0.21 -0.36 0.07 2.60 0.00 1.549 NGC2158
06071805+2407271 6522 83 4.30 0.22 -0.39 0.08 3.14 0.12 1.549 NGC2158
06071855+2401095 6903 65 4.20 0.18 -0.19 0.06 3.35 0.10 1.549 NGC2158
06071956+2406164 6441 66 3.89 0.18 -0.80 0.06 2.61 0.00 1.549 NGC2158
06071957+2404484 6387 83 4.10 0.22 -0.33 0.08 2.66 0.27 1.549 NGC2158
06072052+2405131 5632 83 4.84 0.22 -0.41 0.08 2.25 0.18 1.549 NGC2158
06072127+2404158 6768 66 4.12 0.18 -0.31 0.06 2.89 0.15 1.549 NGC2158
06072127+2407074 6467 84 4.54 0.22 -0.35 0.08 3.18 0.15 1.549 NGC2158
06072161+2405554 6815 69 4.45 0.20 -0.11 0.05 3.48 0.09 1.549 NGC2158
06072210+2404412 6638 65 4.49 0.17 -0.08 0.05 2.42 0.00 1.549 NGC2158
06072214+2403220 6180 78 3.52 0.34 -0.27 0.10 3.32 0.19 1.549 NGC2158
06072304+2404354 6107 82 4.64 0.22 -0.37 0.08 2.77 0.16 1.549 NGC2158
06072312+2407309 5927 84 4.14 0.22 -0.11 0.08 2.74 0.21 1.549 NGC2158
06072314+2405415 6510 64 4.01 0.18 -0.40 0.05 2.41 0.00 1.549 NGC2158
06072324+2406052 6283 65 3.80 0.17 -0.49 0.05 2.55 0.18 1.549 NGC2158
06072346+2400164 6725 66 4.22 0.17 -0.19 0.05 2.85 0.20 1.549 NGC2158
06072381+2405279 5897 66 4.03 0.17 -0.25 0.05 2.17 0.10 1.549 NGC2158
06072382+2406310 6560 82 4.24 0.22 -0.60 0.08 2.84 0.20 1.549 NGC2158
06072410+2408321 6302 102 3.62 0.33 -0.25 0.09 3.05 0.22 1.549 NGC2158
06072429+2406575 6271 82 3.67 0.22 -0.81 0.08 2.82 0.18 1.549 NGC2158
06072497+2359203 5764 68 4.13 0.18 -0.48 0.05 2.45 0.10 1.549 NGC2158
06072504+2406167 5800 81 3.75 0.22 -0.33 0.07 2.57 0.22 1.549 NGC2158
06072536+2404209 6297 83 3.12 0.21 -0.84 0.08 2.55 0.25 1.549 NGC2158
06072547+2417082 5112 65 4.50 0.18 0.05 0.05 2.08 0.08 1.549 NGC2158
06072644+2403581 6249 83 4.80 0.22 -0.44 0.08 2.21 0.00 1.549 NGC2158
06072656+2409515 6557 75 4.11 0.18 -0.20 0.10 3.06 0.10 1.549 NGC2158
06072684+2406145 6319 78 3.91 0.23 -0.15 0.07 2.66 0.19 1.549 NGC2158
06072719+2406392 5940 84 3.59 0.22 -0.38 0.08 2.77 0.18 1.549 NGC2158
06072755+2405161 6077 65 3.88 0.18 -0.21 0.05 2.65 0.06 1.549 NGC2158
06072768+2407027 6435 66 4.11 0.17 -0.11 0.05 3.17 0.08 1.549 NGC2158
06072780+2404427 5848 75 3.64 0.18 -0.13 0.10 2.37 0.09 1.549 NGC2158
06072919+2403123 6468 94 4.55 0.26 -0.25 0.16 3.30 0.10 1.549 NGC2158
06072970+2404275 5305 84 4.42 0.22 -0.44 0.08 2.41 0.16 1.549 NGC2158
06073004+2406329 6544 81 4.06 0.22 -0.37 0.08 2.53 0.00 1.549 NGC2158
06073010+2406210 5919 82 3.65 0.22 -0.23 0.08 2.61 0.17 1.549 NGC2158
06073050+2405579 6565 65 4.34 0.17 -0.51 0.06 2.72 0.19 1.549 NGC2158
06073076+2404203 6422 64 4.32 0.17 -0.30 0.05 2.62 0.19 1.549 NGC2158
06073110+2409326 6440 79 4.13 0.18 -0.53 0.09 2.59 0.17 1.549 NGC2158
06073116+2400254 6486 80 3.95 0.22 -0.18 0.08 2.96 0.15 1.549 NGC2158
06073120+2408370 6224 64 4.13 0.17 -0.07 0.06 2.45 0.26 1.549 NGC2158
06073135+2411152 6889 65 4.21 0.18 -0.30 0.05 3.27 0.09 1.549 NGC2158
06073200+2404380 6000 66 4.21 0.17 -0.52 0.05 2.55 0.15 1.549 NGC2158
06073216+2359037 6389 64 4.04 0.17 0.01 0.05 3.10 0.09 1.549 NGC2158
06073242+2408354 5582 81 2.92 0.22 -0.60 0.08 2.79 0.17 1.549 NGC2158
06073247+2405417 6578 65 4.21 0.17 -0.23 0.05 2.69 0.12 1.549 NGC2158
06073304+2403216 6113 63 3.92 0.17 -0.56 0.05 2.43 0.16 1.549 NGC2158
06073350+2407162 6387 67 3.87 0.18 -0.09 0.06 2.51 0.29 1.549 NGC2158
06073399+2405263 5885 65 3.97 0.18 -0.30 0.05 2.46 0.12 1.549 NGC2158
06073417+2403429 6017 66 4.13 0.17 -0.36 0.05 2.69 0.08 1.549 NGC2158
06073563+2354136 5743 64 4.32 0.18 -0.30 0.06 2.74 0.10 1.549 NGC2158
06073646+2406085 5717 65 3.96 0.18 -0.29 0.05 2.26 0.11 1.549 NGC2158
06073725+2408200 6553 67 4.03 0.17 -0.33 0.06 2.87 0.16 1.549 NGC2158
06073821+2413302 5945 83 3.95 0.22 -0.18 0.07 3.13 0.13 1.549 NGC2158
06073844+2404425 6030 67 4.32 0.18 -0.38 0.05 2.48 0.16 1.549 NGC2158
06073876+2405115 6585 82 4.23 0.33 -0.21 0.08 3.31 0.19 1.549 NGC2158
06073920+2406203 6677 85 4.22 0.21 -0.35 0.08 2.89 0.19 1.549 NGC2158
06073951+2407013 5941 84 4.41 0.34 -0.63 0.08 2.71 0.19 1.549 NGC2158
06073960+2411071 6727 67 3.92 0.17 -0.34 0.05 2.46 0.00 1.549 NGC2158
06074098+2404037 6624 82 4.05 0.22 -0.23 0.08 2.69 0.24 1.549 NGC2158
06074126+2408473 5896 82 3.98 0.22 -0.21 0.08 3.04 0.17 1.549 NGC2158
06074630+2358595 5754 82 3.23 0.22 -0.14 0.08 2.29 0.00 1.549 NGC2158
06075001+2406211 6598 64 4.12 0.17 -0.54 0.05 2.69 0.20 1.549 NGC2158
06075097+2413372 4366 63 1.86 0.17 -0.60 0.06 0.66 0.10 1.549 NGC2158
06075322+2402210 5646 64 3.78 0.17 -0.83 0.06 2.06 0.18 1.549 NGC2158
06081191+2407024 6446 83 4.11 0.22 -0.46 0.08 3.04 0.19 1.549 NGC2158
06073290+2410161 6432 82 3.12 0.22 -0.16 0.08 3.33 0.16 1.549 NGC2158
06073453+2403025 5857 95 3.24 0.26 -0.27 0.15 2.48 0.00 1.549 NGC2158
06071407+2406547 4341 31 1.69 0.06 -0.27 0.05 0.16 0.05 1.549 NGC2158
06071765+2410276 5084 30 2.61 0.05 -0.23 0.05 0.89 0.00 1.549 NGC2158
06073998+2403546 4949 29 2.71 0.05 -0.18 0.05 -0.30 0.00 1.549 NGC2158
