OBJECT TEFF E_TEFF LOGG E_LOGG FEH E_FEH LI1 E_LI1 "AGE (Gyr)" GES_FLD MEM3D
07382476+2143589 6223 35 4.11 0.05 0.04 0.06 2.7 0.08 1.698 NGC2420 1
07375398+2139470 6531 67 4.03 0.17 -0.13 0.05 3.18 0.06 1.698 NGC2420 1
07380140+2135429 6378 65 4.04 0.18 -0.1 0.05 3.23 0.06 1.698 NGC2420 1
07380584+2137093 6531 79 4.1 0.2 -0.31 0.15 2.53 0.14 1.698 NGC2420 1
07380604+2139555 5204 65 3.52 0.18 -0.26 0.05 1.55 0.09 1.698 NGC2420 1
07380850+2129369 6441 65 4.06 0.18 -0.23 0.05 3.1 0.05 1.698 NGC2420 1
07380932+2130588 6694 56 4.11 0.16 -0.4 0.11 2.67 0.09 1.698 NGC2420 1
07381099+2128539 6633 56 3.61 0.16 -0.91 0.07 2.7 0.09 1.698 NGC2420 1
07381240+2136510 6509 64 4.31 0.18 -0.25 0.05 3.26 0.06 1.698 NGC2420 1
07381257+2138537 6529 66 4.03 0.17 -0.15 0.06 3.23 0.05 1.698 NGC2420 1
07381513+2134466 6176 64 3.92 0.17 -0.28 0.06 3.05 0.08 1.698 NGC2420 1
07381774+2132443 6691 64 4.17 0.18 -0.14 0.05 2.96 0.09 1.698 NGC2420 1
07381785+2133235 6690 65 4.17 0.18 -0.15 0.05 2.92 0.06 1.698 NGC2420 1
07381861+2134577 6250 65 3.99 0.17 -0.22 0.05 2.78 0.06 1.698 NGC2420 1
07381909+2134457 6725 64 4.1 0.17 -0.09 0.06 2.31 0.13 1.698 NGC2420 1
07381973+2135543 6665 65 4.13 0.17 -0.19 0.05 3.21 0.05 1.698 NGC2420 1
07382038+2134015 6615 65 4.02 0.17 -0.19 0.05 3.14 0.06 1.698 NGC2420 0.9939
07382086+2133119 6653 55 3.99 0.16 -0.45 0.1 3.13 0.05 1.698 NGC2420 1
07382252+2132087 6580 66 4.1 0.17 -0.22 0.06 3.16 0.06 1.698 NGC2420 0.988
07382323+2137052 6300 64 3.97 0.17 -0.11 0.05 2.02 0.19 1.698 NGC2420 1
07382341+2135433 6618 65 4.2 0.17 -0.14 0.05 2.87 0.06 1.698 NGC2420 1
07382401+2134013 6614 65 4.19 0.17 -0.07 0.05 2.92 0.07 1.698 NGC2420 1
07382442+2135193 6665 67 4.16 0.17 -0.12 0.05 2.77 0.08 1.698 NGC2420 0.9997
07382506+2134102 6352 65 4.05 0.17 -0.13 0.05 2.77 0.07 1.698 NGC2420 0.9999
07382529+2133498 6533 65 4.07 0.17 -0.15 0.05 3.18 0.06 1.698 NGC2420 1
07382649+2130153 6536 67 4.15 0.17 -0.15 0.06 2.8 0.07 1.698 NGC2420 1
07382653+2132339 6314 65 3.89 0.17 -0.2 0.06 2.56 0.06 1.698 NGC2420 1
07382680+2133075 6526 64 4.05 0.18 -0.14 0.05 2.84 0.05 1.698 NGC2420 1
07382706+2131410 6312 65 3.94 0.17 -0.17 0.05 2.27 0.1 1.698 NGC2420 1
07382843+2124543 6611 66 3.94 0.18 -0.16 0.05 3.17 0.05 1.698 NGC2420 1
07383085+2135498 6470 69 4.05 0.17 -0.24 0.06 3.08 0.06 1.698 NGC2420 1
07383121+2136543 6421 67 4.19 0.17 -0.32 0.05 2.06 0.21 1.698 NGC2420 1
07383374+2134265 6413 66 4.05 0.17 -0.21 0.05 3.09 0.06 1.698 NGC2420 1
07383400+2136138 6631 55 4.01 0.16 -0.48 0.11 3.17 0.05 1.698 NGC2420 1
07383462+2132041 6687 66 4.2 0.17 -0.15 0.06 2.42 0.14 1.698 NGC2420 1
07383502+2133049 6593 67 3.97 0.18 -0.24 0.06 3.03 0.05 1.698 NGC2420 0.9798
07383512+2132439 6769 67 4.15 0.18 -0.2 0.05 3.29 0.05 1.698 NGC2420 1
07383554+2138029 6631 65 4.03 0.17 -0.08 0.05 3.31 0.05 1.698 NGC2420 1
07383701+2136521 6624 56 3.64 0.16 -0.89 0.06 3.21 0.05 1.698 NGC2420 1
07383861+2133060 6626 64 4.04 0.17 -0.19 0.05 3.29 0.06 1.698 NGC2420 1
07384239+2132216 6654 65 4.11 0.17 -0.2 0.06 2.93 0.08 1.698 NGC2420 1
07385117+2135581 6577 55 4.26 0.16 -0.24 0.1 3.37 0.05 1.698 NGC2420 1
07385696+2140569 6653 56 3.89 0.16 -0.62 0.05 2.89 0.06 1.698 NGC2420 1
07380627+2136542 4804 33 2.62 0.05 -0.16 0.05 1.22 0.04 1.698 NGC2420 1
07381822+2132062 4924 35 2.71 0.05 -0.13 0.05 0.61 0.08 1.698 NGC2420 1
07382195+2135508 4895 36 2.71 0.05 -0.14 0.05 0.03 0.0 1.698 NGC2420 1
07382670+2128515 4922 36 2.7 0.05 -0.15 0.05 -0.19 0.0 1.698 NGC2420 1
07382984+2134509 4850 36 2.78 0.05 -0.14 0.05 1.27 0.04 1.698 NGC2420 1
07383760+2134119 4918 35 2.69 0.05 -0.15 0.05 0.31 0.0 1.698 NGC2420 1
07375804+2131533 6205 65 4.33 0.17 -0.24 0.05 2.65 0.07 1.698 NGC2420 1
07375996+2130533 5979 65 4.48 0.14 -0.19 0.07 2.71 0.08 1.698 NGC2420 1
07380240+2140041 6142 67 4.58 0.17 -0.12 0.06 2.92 0.08 1.698 NGC2420 1
07380391+2138216 6282 66 4.51 0.15 -0.15 0.07 3.02 0.08 1.698 NGC2420 1
07380656+2138339 6079 66 4.45 0.18 -0.33 0.05 2.8 0.12 1.698 NGC2420 1
07381098+2142313 5906 66 4.45 0.17 -0.36 0.05 2.51 0.09 1.698 NGC2420 1
07381229+2144027 6309 66 4.19 0.17 -0.13 0.05 2.98 0.07 1.698 NGC2420 0.9999
07381298+2140494 6010 65 4.47 0.14 -0.21 0.07 2.68 0.08 1.698 NGC2420 1
07381342+2134333 6517 54 4.37 0.16 -0.63 0.11 2.37 0.11 1.698 NGC2420 1
07381388+2138019 6266 65 4.26 0.17 -0.23 0.06 2.65 0.06 1.698 NGC2420 1
07381469+2136247 6424 65 4.4 0.14 -0.38 0.07 2.43 0.1 1.698 NGC2420 1
07381574+2134116 6229 66 4.43 0.17 -0.26 0.05 2.77 0.07 1.698 NGC2420 1
07381672+2133571 6490 56 4.32 0.16 -0.56 0.11 2.25 0.12 1.698 NGC2420 1
07381709+2132362 6765 66 4.18 0.18 -0.15 0.06 2.81 0.07 1.698 NGC2420 0.9741
07381741+2128300 5953 66 4.55 0.15 -0.24 0.07 2.65 0.11 1.698 NGC2420 1
07381803+2138153 5998 65 4.45 0.14 -0.21 0.07 2.61 0.1 1.698 NGC2420 1
07381888+2138547 6354 64 4.45 0.14 -0.29 0.07 2.84 0.06 1.698 NGC2420 1
07381968+2133510 5944 64 4.48 0.15 -0.28 0.07 2.76 0.09 1.698 NGC2420 1
07382070+2141234 6372 64 4.49 0.15 -0.23 0.07 2.98 0.06 1.698 NGC2420 1
07382099+2134199 5967 67 4.64 0.18 -0.16 0.05 2.55 0.1 1.698 NGC2420 1
07382240+2137104 6444 64 4.43 0.14 -0.29 0.07 2.96 0.08 1.698 NGC2420 1
07382318+2136226 6322 63 4.42 0.17 -0.21 0.05 2.45 0.07 1.698 NGC2420 0.9999
07382321+2132155 6687 56 4.06 0.16 -0.44 0.11 3.14 0.05 1.698 NGC2420 1
07382461+2133196 6312 67 4.2 0.17 -0.28 0.05 2.78 0.07 1.698 NGC2420 1
07382502+2137031 6253 65 4.36 0.14 -0.26 0.07 2.95 0.07 1.698 NGC2420 1
07382531+2134427 6424 64 4.24 0.18 -0.21 0.06 3.16 0.07 1.698 NGC2420 1
07382617+2134129 6388 63 4.01 0.18 -0.12 0.06 3.13 0.06 1.698 NGC2420 0.9987
07382770+2136183 6723 64 4.24 0.17 -0.14 0.05 2.24 0.18 1.698 NGC2420 1
07382818+2138066 5852 65 4.42 0.17 -0.16 0.05 2.5 0.08 1.698 NGC2420 1
07382850+2138276 6396 65 4.42 0.14 -0.25 0.07 2.69 0.07 1.698 NGC2420 1
07383019+2136284 6076 65 4.52 0.14 -0.16 0.07 2.66 0.07 1.698 NGC2420 1
07383045+2136518 5916 64 4.43 0.17 -0.22 0.06 2.72 0.08 1.698 NGC2420 1
07383099+2140209 6038 63 4.59 0.15 -0.23 0.07 2.71 0.07 1.698 NGC2420 1
07383120+2134035 6704 64 4.16 0.18 -0.17 0.06 3.18 0.05 1.698 NGC2420 1
07383261+2134114 5919 64 4.5 0.14 -0.26 0.07 2.59 0.09 1.698 NGC2420 1
07383314+2141592 6115 65 4.27 0.17 -0.19 0.05 2.8 0.07 1.698 NGC2420 1
07383363+2132490 6584 55 4.3 0.16 -0.44 0.11 2.17 0.18 1.698 NGC2420 1
07383698+2131456 5904 64 4.51 0.15 -0.2 0.07 2.49 0.09 1.698 NGC2420 1
07383726+2133499 6360 66 4.11 0.17 -0.14 0.05 2.71 0.05 1.698 NGC2420 1
07383854+2134272 6481 65 4.29 0.18 -0.18 0.06 2.77 0.08 1.698 NGC2420 1
07383885+2135562 6077 64 4.54 0.14 -0.17 0.07 2.66 0.07 1.698 NGC2420 1
07383907+2134426 5957 66 4.36 0.17 -0.21 0.05 2.49 0.07 1.698 NGC2420 1
07383954+2139153 5903 62 4.58 0.14 -0.19 0.07 2.51 0.09 1.698 NGC2420 1
07383997+2131417 6236 64 4.54 0.15 -0.1 0.07 2.52 0.09 1.698 NGC2420 1
07384002+2134433 6382 65 4.34 0.14 -0.24 0.07 2.98 0.06 1.698 NGC2420 1
07384029+2140040 6655 56 4.09 0.16 -0.35 0.1 2.35 0.1 1.698 NGC2420 1
07384301+2132174 6524 55 4.26 0.16 -0.63 0.11 2.17 0.14 1.698 NGC2420 1
07384574+2135420 5646 65 4.51 0.17 -0.19 0.05 2.08 0.12 1.698 NGC2420 1
07384780+2138268 5965 64 4.54 0.15 -0.23 0.07 2.38 0.11 1.698 NGC2420 1
07384815+2136204 6187 66 4.48 0.14 -0.2 0.07 2.83 0.07 1.698 NGC2420 1
07384874+2130573 6056 65 4.54 0.14 -0.21 0.07 2.78 0.07 1.698 NGC2420 1
07390159+2135457 6447 64 4.38 0.14 -0.28 0.07 2.91 0.06 1.698 NGC2420 1
07381317+2131524 5259 32 3.64 0.05 -0.12 0.05 1.45 0.05 1.698 NGC2420 1
07381931+2135220 6756 46 3.92 0.06 -0.35 0.05 3.21 0.03 1.698 NGC2420 0.9999
07382241+2133466 5343 35 3.75 0.05 -0.14 0.05 1.65 0.04 1.698 NGC2420 1
07382580+2132594 6670 51 3.93 0.06 -0.34 0.05 2.9 0.05 1.698 NGC2420 1
07382696+2133313 5130 35 2.48 0.05 -0.19 0.05 0.18 0.0 1.698 NGC2420 1
07382696+2138244 4880 34 2.65 0.05 -0.14 0.05 0.07 0.1 1.698 NGC2420 1
07382935+2132375 4972 36 2.93 0.05 -0.13 0.05 0.99 0.06 1.698 NGC2420 0.9992
07374414+2135131 6396 65 4.4 0.15 -0.24 0.07 2.57 0.09 1.698 NGC2420 1
07380192+2128503 6613 66 4.24 0.18 -0.22 0.05 2.21 0.16 1.698 NGC2420 1
07380834+2134431 6568 56 3.71 0.16 -0.25 0.15 1.77 0.0 1.698 NGC2420 1
07381001+2139477 6606 59 4.19 0.16 -0.51 0.11 2.33 0.12 1.698 NGC2420 1
07381130+2135438 6440 64 4.13 0.17 -0.42 0.05 2.12 0.0 1.698 NGC2420 1
07381132+2140004 6331 64 4.43 0.15 -0.25 0.07 2.94 0.07 1.698 NGC2420 1
07381225+2132576 6704 59 3.55 0.16 -0.23 0.15 2.49 0.15 1.698 NGC2420 1
07381400+2131141 6291 63 4.44 0.14 -0.26 0.07 2.74 0.1 1.698 NGC2420 1
07381522+2125084 6350 65 4.39 0.14 -0.28 0.07 2.64 0.07 1.698 NGC2420 1
07381539+2133064 6558 55 4.2 0.16 -0.61 0.11 2.02 0.22 1.698 NGC2420 1
07381646+2131586 5842 64 4.02 0.17 -0.28 0.05 2.88 0.06 1.698 NGC2420 1
07381774+2135503 6422 63 4.38 0.15 -0.28 0.07 2.9 0.07 1.698 NGC2420 1
07381774+2141300 6466 64 4.43 0.14 -0.19 0.07 2.44 0.15 1.698 NGC2420 1
07381812+2128213 6654 58 4.14 0.16 -0.36 0.11 2.62 0.07 1.698 NGC2420 1
07381876+2133358 6607 64 4.12 0.17 -0.14 0.05 2.23 0.2 1.698 NGC2420 1
07381878+2135332 6437 64 4.06 0.18 -0.38 0.05 2.69 0.09 1.698 NGC2420 1
07381969+2131106 6613 66 4.1 0.17 -0.11 0.05 2.39 0.16 1.698 NGC2420 1
07382106+2134098 6533 66 4.18 0.17 -0.14 0.05 1.95 0.23 1.698 NGC2420 1
07382130+2134332 6721 64 4.19 0.18 -0.18 0.05 3.18 0.05 1.698 NGC2420 0.9997
07382194+2140273 6359 66 4.43 0.14 -0.11 0.07 3.01 0.07 1.698 NGC2420 1
07382223+2126127 6202 65 4.44 0.14 -0.23 0.07 2.03 0.24 1.698 NGC2420 1
07382357+2135572 5917 66 4.4 0.17 -0.28 0.06 2.54 0.09 1.698 NGC2420 1
07382377+2133154 6645 67 4.11 0.17 -0.16 0.05 3.19 0.05 1.698 NGC2420 1
07382478+2134496 5949 64 4.36 0.18 -0.22 0.05 2.35 0.1 1.698 NGC2420 1
07382488+2136027 6619 57 4.24 0.16 -0.36 0.11 2.15 0.19 1.698 NGC2420 1
07382520+2127195 6605 55 3.92 0.16 -0.53 0.1 3.07 0.04 1.698 NGC2420 1
07382620+2136532 6542 65 4.3 0.15 -0.27 0.07 1.99 0.0 1.698 NGC2420 1
07382650+2134579 6383 66 4.02 0.18 -0.27 0.05 3.19 0.06 1.698 NGC2420 1
07382677+2131131 6575 55 3.79 0.16 -0.94 0.06 2.19 0.18 1.698 NGC2420 1
07382725+2137470 6478 65 4.04 0.17 -0.33 0.06 2.77 0.08 1.698 NGC2420 1
07382735+2132400 6334 67 4.36 0.15 -0.21 0.07 2.77 0.07 1.698 NGC2420 1
07382805+2127496 6348 64 4.46 0.14 -0.23 0.07 2.84 0.06 1.698 NGC2420 1
07382820+2136290 6456 67 3.9 0.18 -0.39 0.05 2.62 0.12 1.698 NGC2420 1
07382827+2131511 6426 64 4.42 0.14 -0.33 0.07 1.93 0.0 1.698 NGC2420 1
07382834+2130246 6736 67 4.17 0.17 -0.15 0.05 2.08 0.33 1.698 NGC2420 1
07382929+2138238 6390 65 4.46 0.14 -0.19 0.07 3.07 0.06 1.698 NGC2420 1
07383012+2133357 6321 64 4.51 0.15 -0.21 0.07 2.9 0.07 1.698 NGC2420 1
07383026+2132311 6401 66 4.03 0.17 -0.19 0.05 2.73 0.07 1.698 NGC2420 1
07383037+2135289 6684 66 4 0.17 -0.18 0.05 3.04 0.05 1.698 NGC2420 0.9998
07383110+2139020 6607 55 4.09 0.16 -0.61 0.05 2.84 0.05 1.698 NGC2420 1
07383116+2134344 6329 65 4.38 0.17 -0.3 0.06 3.04 0.06 1.698 NGC2420 1
07383169+2136114 6170 64 4.19 0.17 -0.3 0.05 2.34 0.1 1.698 NGC2420 1
07383172+2126584 6508 67 4.06 0.18 -0.14 0.05 2.08 0.0 1.698 NGC2420 1
07383282+2134181 6738 64 4.2 0.18 -0.18 0.05 2.85 0.07 1.698 NGC2420 1
07383294+2130261 6362 66 4.46 0.14 -0.25 0.07 2.95 0.09 1.698 NGC2420 1
07383295+2136488 6703 66 4.04 0.17 -0.17 0.05 3.08 0.05 1.698 NGC2420 0.9982
07383326+2127050 6589 56 3.95 0.16 -0.59 0.11 2.43 0.1 1.698 NGC2420 1
07383357+2139018 6460 66 4.14 0.17 -0.28 0.05 3.02 0.06 1.698 NGC2420 0.9999
07383404+2129046 6587 56 3.98 0.17 -0.48 0.11 3.15 0.05 1.698 NGC2420 1
07383424+2138042 6242 66 4.38 0.18 -0.14 0.05 2.87 0.08 1.698 NGC2420 1
07383433+2126554 6630 56 3.93 0.16 -0.65 0.05 2.43 0.14 1.698 NGC2420 1
07383473+2139228 6716 64 4.16 0.17 -0.17 0.05 3.17 0.05 1.698 NGC2420 0.9999
07383634+2140177 6705 66 4.22 0.18 -0.13 0.05 2.16 0.0 1.698 NGC2420 1
07383715+2135307 6595 54 3.96 0.17 -0.54 0.11 2.12 0.18 1.698 NGC2420 1
07383811+2136314 6722 62 4.23 0.17 -0.19 0.05 2.92 0.06 1.698 NGC2420 1
07383834+2133388 6266 64 4.5 0.17 -0.13 0.06 2.97 0.06 1.698 NGC2420 1
07383950+2131351 6456 63 4.23 0.18 -0.09 0.06 2.28 0.15 1.698 NGC2420 0.9999
07384099+2127025 6713 65 4.25 0.17 -0.13 0.05 2.02 0.0 1.698 NGC2420 1
07384118+2125588 6380 65 4.4 0.14 -0.28 0.07 2.74 0.1 1.698 NGC2420 1
07384127+2137483 6787 66 4.05 0.18 -0.13 0.05 2.37 0.0 1.698 NGC2420 0.995
07384182+2129272 6616 56 4.19 0.16 -0.6 0.05 2.31 0.14 1.698 NGC2420 1
07384292+2142142 6526 65 4.42 0.15 -0.32 0.07 2.41 0.12 1.698 NGC2420 1
07384312+2135339 6608 55 4.24 0.17 -0.64 0.05 1.75 0.0 1.698 NGC2420 1
07384395+2132153 6368 65 4.35 0.18 -0.16 0.05 2.73 0.08 1.698 NGC2420 1
07384622+2136219 6330 66 4.55 0.15 -0.14 0.07 2.97 0.07 1.698 NGC2420 1
07384796+2135169 6201 65 4.41 0.14 -0.21 0.07 3.05 0.1 1.698 NGC2420 1
07385964+2139224 6255 65 4.49 0.14 -0.23 0.07 2.91 0.07 1.698 NGC2420 1
07390101+2139061 6312 65 4.33 0.14 -0.37 0.07 2.91 0.07 1.698 NGC2420 1
07390157+2131041 6485 63 4.15 0.18 -0.13 0.06 2.57 0.12 1.698 NGC2420 1
07390457+2135219 6550 64 4.11 0.17 -0.17 0.05 2.92 0.07 1.698 NGC2420 1
07381549+2138015 4930 35 2.72 0.05 -0.16 0.05 0.8 0.07 1.698 NGC2420 1
07382166+2133514 4475 35 2.09 0.05 -0.23 0.05 -0.37 0.0 1.698 NGC2420 0.9983
07382208+2136432 4938 35 2.73 0.05 -0.17 0.05 0.18 0.0 1.698 NGC2420 1
07382418+2132540 4395 35 1.83 0.05 -0.2 0.05 -0.45 0.11 1.698 NGC2420 1
07380599+2133071 5242 35 3.53 0.05 -0.16 0.05 1.44 0.05 1.698 NGC2420 1
07381367+2136371 6000 38 3.69 0.04 -0.21 0.06 2.71 0.04 1.698 NGC2420 1
07382148+2135051 4908 34 2.82 0.05 -0.14 0.05 0.04 0.0 1.698 NGC2420 1
07382327+2132569 5246 36 3.59 0.05 -0.16 0.05 1.52 0.05 1.698 NGC2420 1
07382347+2124448 4937 35 2.57 0.05 -0.22 0.05 0.37 0.0 1.698 NGC2420 0.9918
07382406+2132148 4937 36 2.72 0.05 -0.15 0.05 0.12 0.0 1.698 NGC2420 1
07383194+2133225 6348 39 3.59 0.04 -0.31 0.05 3.19 0.03 1.698 NGC2420 1
07380399+2134122 6009 38 3.64 0.05 -0.26 0.05 2.47 0.04 1.698 NGC2420 1
07380545+2136507 4899 34 2.8 0.05 -0.17 0.05 1.25 0.04 1.698 NGC2420 0.9998
07381972+2136522 5205 36 3.47 0.05 -0.16 0.05 1.15 0.08 1.698 NGC2420 1
07382501+2133283 5257 35 3.6 0.05 -0.14 0.05 1.54 0.05 1.698 NGC2420 1
07382724+2133166 4945 35 2.93 0.05 -0.13 0.05 1.21 0.05 1.698 NGC2420 1
07374737+2137133 6384 64 4.46 0.14 -0.24 0.07 2.87 0.06 1.698 NGC2420 1
07375208+2139069 6170 66 4.47 0.15 -0.27 0.07 2.8 0.08 1.698 NGC2420 1
07375764+2132544 5885 63 4.54 0.17 -0.22 0.05 2.41 0.1 1.698 NGC2420 0.9996
07375933+2135145 5862 65 4.75 0.17 -0.06 0.06 2.37 0.12 1.698 NGC2420 1
07380113+2136052 5804 64 4.58 0.17 -0.01 0.05 2.29 0.12 1.698 NGC2420 1
07380173+2126209 6165 65 4.46 0.14 -0.19 0.07 2.89 0.08 1.698 NGC2420 1
07380348+2132405 6000 66 4.61 0.18 -0.15 0.05 2.36 0.12 1.698 NGC2420 1
07380485+2130301 5854 64 4.75 0.17 -0.38 0.05 2.61 0.08 1.698 NGC2420 1
07380789+2129481 6632 57 3.78 0.16 -0.73 0.05 2.32 0.13 1.698 NGC2420 1
07380830+2135511 6357 64 4.32 0.17 -0.22 0.06 1.94 0.0 1.698 NGC2420 1
07380832+2132066 6390 66 4.44 0.14 -0.21 0.07 2.92 0.07 1.698 NGC2420 1
07380898+2131038 5172 72 4.71 0.21 -0.28 0.05 1.26 0.22 1.698 NGC2420 1
07381386+2132540 5984 64 4.62 0.17 -0.29 0.05 2.21 0.14 1.698 NGC2420 1
07381589+2133307 5690 64 4.28 0.17 -0.13 0.05 2.33 0.11 1.698 NGC2420 1
07381610+2132306 5967 65 4.55 0.18 -0.09 0.06 2.23 0.17 1.698 NGC2420 1
07381856+2133483 6364 65 4.39 0.14 -0.17 0.07 2.61 0.08 1.698 NGC2420 1
07382003+2134199 5850 71 4.38 0.21 -0.21 0.06 2.53 0.1 1.698 NGC2420 1
07382018+2135160 6606 67 4.15 0.18 -0.12 0.06 2.26 0.11 1.698 NGC2420 1
07382027+2141508 5759 66 4.6 0.17 -0.38 0.06 2.42 0.1 1.698 NGC2420 1
07382082+2134385 6504 65 4.37 0.14 -0.29 0.07 2.11 0.22 1.698 NGC2420 1
07382453+2127409 5600 66 4.24 0.17 -0.38 0.06 2.2 0.13 1.698 NGC2420 1
07382462+2134565 6398 65 4.36 0.15 -0.33 0.07 2.67 0.08 1.698 NGC2420 1
07382488+2132223 6407 66 4.42 0.15 -0.34 0.07 2.59 0.08 1.698 NGC2420 1
07382575+2135451 6056 66 4.56 0.15 -0.21 0.07 2.77 0.07 1.698 NGC2420 1
07382617+2132414 5520 65 4.44 0.17 -0.28 0.05 1.72 0.21 1.698 NGC2420 1
07382782+2127308 5798 68 4.26 0.18 -0.19 0.06 2.31 0.11 1.698 NGC2420 1
07382845+2129202 5830 66 4.64 0.18 -0.37 0.05 2.68 0.08 1.698 NGC2420 1
07382985+2136523 5167 70 4.67 0.21 -0.52 0.06 2.1 0.11 1.698 NGC2420 1
07383089+2133308 6171 66 4.46 0.17 -0.23 0.05 2.89 0.08 1.698 NGC2420 1
07383223+2131536 5220 64 4.67 0.18 -0.27 0.05 1.69 0.14 1.698 NGC2420 1
07383235+2132440 6157 66 4.48 0.17 -0.24 0.06 2.67 0.08 1.698 NGC2420 1
07383408+2139058 6359 65 4.2 0.18 -0.16 0.05 2.7 0.07 1.698 NGC2420 1
07383462+2135045 6683 64 4.27 0.17 -0.13 0.05 3.23 0.05 1.698 NGC2420 1
07383548+2138183 5935 64 4.57 0.18 -0.14 0.05 2.65 0.09 1.698 NGC2420 1
07383565+2135520 5739 64 4.53 0.17 -0.17 0.05 2.43 0.08 1.698 NGC2420 1
07383585+2141379 5927 65 4.56 0.15 -0.22 0.07 2.43 0.12 1.698 NGC2420 1
07383738+2141329 5960 63 4.61 0.14 -0.22 0.07 2.54 0.1 1.698 NGC2420 1
07383811+2129427 6039 64 4.5 0.14 -0.15 0.07 2.86 0.08 1.698 NGC2420 1
07383843+2136476 6617 57 3.73 0.16 -0.39 0.15 1.91 0.0 1.698 NGC2420 1
07384014+2136548 6559 56 4.12 0.17 -0.43 0.11 2.36 0.1 1.698 NGC2420 1
07384136+2132223 6201 66 4.3 0.17 -0.15 0.05 2.88 0.07 1.698 NGC2420 1
07384228+2138340 5752 64 4.59 0.18 -0.17 0.06 2.32 0.11 1.698 NGC2420 0.9991
07384312+2127031 5851 71 4.39 0.21 -0.34 0.06 2.29 0.13 1.698 NGC2420 1
07384523+2134215 6359 66 4.24 0.18 -0.15 0.05 2.9 0.07 1.698 NGC2420 1
07384680+2134520 6010 65 4.52 0.18 -0.24 0.05 2.76 0.08 1.698 NGC2420 1
07385015+2133371 5911 64 4.49 0.15 -0.17 0.07 2.78 0.08 1.698 NGC2420 1
07385119+2130407 5361 66 4.26 0.17 -0.55 0.06 1.68 0.14 1.698 NGC2420 1
07390151+2134311 5857 65 4.51 0.17 -0.2 0.05 2.43 0.12 1.698 NGC2420 1
07390202+2133069 5540 70 4.54 0.21 -0.38 0.05 1.83 0.21 1.698 NGC2420 0.9999
07375085+2135167 5499 72 4.58 0.2 -0.32 0.05 1.71 0.0 1.698 NGC2420 1
07375132+2132380 6558 78 4.09 0.2 -0.35 0.16 2.76 0.1 1.698 NGC2420 1
07380146+2136384 5458 103 4.74 0.33 -0.14 0.09 1.84 0.25 1.698 NGC2420 1
07380272+2139289 5422 67 4.02 0.17 -0.58 0.06 1.84 0.15 1.698 NGC2420 1
07380926+2132373 5023 64 3.97 0.18 -0.48 0.05 1.29 0.0 1.698 NGC2420 1
07381270+2137438 5966 65 4.69 0.17 -0.22 0.05 2.73 0.1 1.698 NGC2420 1
07381327+2133197 5511 65 4.39 0.17 -0.21 0.05 1.73 0.29 1.698 NGC2420 1
07381528+2137365 5895 67 4.5 0.17 -0.13 0.05 2.67 0.09 1.698 NGC2420 1
07381635+2134329 5659 69 4.48 0.21 -0.22 0.05 2.36 0.14 1.698 NGC2420 1
07381652+2130177 5739 66 4.37 0.18 -0.32 0.06 2.16 0.14 1.698 NGC2420 1
07381794+2125313 5246 62 4.48 0.18 -0.38 0.05 1.89 0.17 1.698 NGC2420 1
07381814+2135083 5303 63 4.44 0.18 -0.27 0.05 1.61 0.0 1.698 NGC2420 0.9999
07381884+2132312 5752 70 4.49 0.21 -0.16 0.05 2.28 0.13 1.698 NGC2420 1
07382051+2137285 5274 62 4.54 0.17 -0.37 0.05 1.22 1.25 1.698 NGC2420 1
07382142+2131155 5910 63 4.58 0.18 -0.3 0.05 3.05 0.08 1.698 NGC2420 0.9957
07382230+2134375 5882 64 4.66 0.18 -0.34 0.05 2.76 0.08 1.698 NGC2420 1
07382246+2135361 6589 55 3.71 0.16 -0.89 0.06 1.86 0.0 1.698 NGC2420 1
07382414+2135108 4869 80 4.35 0.22 -0.04 0.08 1.05 0.45 1.698 NGC2420 1
07382500+2136311 5381 68 4.67 0.21 -0.38 0.05 1.61 0.25 1.698 NGC2420 1
07382575+2133354 5795 67 4.73 0.17 -0.28 0.05 2.11 0.11 1.698 NGC2420 1
07382713+2134451 6410 64 4.29 0.17 -0.27 0.05 3.12 0.06 1.698 NGC2420 1
07382763+2139202 5532 69 4.49 0.2 -0.26 0.05 2.22 0.12 1.698 NGC2420 1
07382805+2138311 5810 71 4.42 0.21 -0.24 0.06 2.38 0.12 1.698 NGC2420 1
07382945+2135118 5496 69 4.27 0.21 -0.33 0.06 1.44 0.0 1.698 NGC2420 1
07382949+2136586 5771 65 4.53 0.18 -0.25 0.05 2.46 0.11 1.698 NGC2420 1
07383251+2133163 6006 65 4.33 0.17 -0.28 0.05 2.79 0.08 1.698 NGC2420 1
07383387+2139424 5347 63 4.96 0.17 -0.37 0.05 1.53 0.25 1.698 NGC2420 1
07383397+2130214 5197 65 4.26 0.18 -0.39 0.05 1.32 0.0 1.698 NGC2420 0.9991
07383427+2136204 5412 65 4.66 0.18 -0.33 0.05 1.81 0.19 1.698 NGC2420 1
07383438+2143440 5723 65 4.37 0.17 -0.22 0.05 2.23 0.14 1.698 NGC2420 1
07383566+2133185 5455 83 4.28 0.22 -0.3 0.08 1.6 0.0 1.698 NGC2420 1
07383576+2135072 5694 66 3.87 0.17 -0.43 0.06 2.42 0.11 1.698 NGC2420 0.9991
07383729+2125316 5762 64 4.31 0.18 -0.25 0.06 2.09 0.14 1.698 NGC2420 1
07383753+2141584 5904 65 4.56 0.14 -0.21 0.07 2.53 0.1 1.698 NGC2420 1
07383837+2135375 5868 65 4.75 0.18 -0.22 0.05 2.34 0.12 1.698 NGC2420 1
07383993+2129357 5809 65 4.73 0.18 -0.13 0.05 2.1 0.18 1.698 NGC2420 1
07383994+2139130 5820 64 4.7 0.17 -0.16 0.05 2.49 0.13 1.698 NGC2420 1
07384027+2130343 5062 64 4.28 0.18 -0.33 0.05 1.01 0.43 1.698 NGC2420 1
07384058+2138127 5787 66 4.25 0.18 -0.12 0.06 1.88 0.0 1.698 NGC2420 0.9868
07384062+2136481 6030 66 4.41 0.17 -0.17 0.05 2.89 0.08 1.698 NGC2420 0.9999
07384163+2137166 5400 106 4.92 0.3 -0.08 0.09 1.88 0.25 1.698 NGC2420 1
07384474+2134286 5158 67 4.33 0.17 -0.23 0.06 1.4 0.25 1.698 NGC2420 1
07384608+2134130 6063 65 4.51 0.14 -0.21 0.07 2.64 0.08 1.698 NGC2420 1
07384625+2128104 5236 66 4.9 0.18 -0.36 0.06 1.44 0.0 1.698 NGC2420 1
07385001+2134293 6478 65 4.18 0.18 -0.17 0.05 2.65 0.08 1.698 NGC2420 1
07385035+2138090 5525 66 4.33 0.17 -0.08 0.05 1.82 0.26 1.698 NGC2420 1
07385108+2132548 5473 66 4.55 0.17 -0.33 0.06 1.86 0.19 1.698 NGC2420 1
07385255+2134488 5968 65 4.65 0.17 -0.29 0.05 2.65 0.08 1.698 NGC2420 1
07385310+2133014 5133 107 3.93 0.23 -0.61 0.09 1.68 0.2 1.698 NGC2420 0.9998
07385723+2135386 5659 64 4.15 0.18 -0.31 0.05 2.17 0.15 1.698 NGC2420 1
07385814+2132566 5624 68 4.43 0.21 -0.34 0.05 1.95 0.21 1.698 NGC2420 1
07385831+2130199 5152 65 4.63 0.17 -0.51 0.05 1.43 0.31 1.698 NGC2420 1
07390206+2133589 6206 65 4.21 0.17 -0.26 0.05 2.74 0.09 1.698 NGC2420 1
07390269+2136084 6380 66 4.37 0.15 -0.15 0.07 2.97 0.07 1.698 NGC2420 1
07390468+2130597 5814 65 4.11 0.18 -0.17 0.05 2 0.0 1.698 NGC2420 1
07390502+2131386 5648 82 3.88 0.21 -0.43 0.07 2.02 0.38 1.698 NGC2420 0.9866
07375683+2136052 4827 79 4.67 0.22 -0.53 0.08 1.45 0.21 1.698 NGC2420 0.9999
07380334+2131456 4770 82 4.99 0.21 0.08 0.08 1.44 0.22 1.698 NGC2420 1
07380364+2138453 5992 66 4.55 0.15 -0.13 0.07 2.86 0.08 1.698 NGC2420 1
07380514+2142375 5768 65 4.65 0.18 -0.39 0.05 2.2 0.12 1.698 NGC2420 1
07380529+2136033 6210 66 4.43 0.14 -0.26 0.07 2.7 0.07 1.698 NGC2420 1
07380638+2134335 4960 108 4.57 0.34 0.14 0.1 1.04 0.0 1.698 NGC2420 1
07380808+2137078 5854 69 4.46 0.21 -0.17 0.05 2.48 0.09 1.698 NGC2420 1
07380866+2127571 4870 82 4.27 0.22 -0.09 0.08 0.94 0.0 1.698 NGC2420 0.9998
07380960+2140409 5115 82 4.04 0.22 -0.23 0.08 1.49 0.34 1.698 NGC2420 0.9885
07380979+2137584 6123 64 4.41 0.14 -0.21 0.07 2.82 0.07 1.698 NGC2420 1
07381062+2136462 4873 81 4.3 0.22 -0.19 0.08 0.93 0.0 1.698 NGC2420 1
07381171+2136425 4826 107 4.51 0.24 -0.46 0.09 1.3 0.22 1.698 NGC2420 1
07381177+2136201 5057 70 4.73 0.21 -0.2 0.05 1.13 0.0 1.698 NGC2420 1
07381203+2127547 5360 64 4.67 0.18 -0.18 0.05 1.87 0.15 1.698 NGC2420 1
07381227+2134184 5832 69 4.39 0.21 -0.22 0.06 2.4 0.09 1.698 NGC2420 1
07381288+2131220 4709 103 4.5 0.32 0.19 0.09 1.29 0.27 1.698 NGC2420 0.9997
07381342+2139332 5363 70 4.66 0.21 -0.26 0.06 1.4 0.31 1.698 NGC2420 0.999
07381536+2133282 4937 80 4.07 0.21 -0.12 0.08 1.16 0.37 1.698 NGC2420 1
07381574+2130541 4212 96 4.36 0.26 -0.21 0.15 0.21 0.0 1.698 NGC2420 0.9997
07381586+2126265 4397 82 3.51 0.22 -0.06 0.07 0.7 0.27 1.698 NGC2420 1
07381594+2136398 5206 105 4.88 0.31 0.21 0.09 1.42 0.0 1.698 NGC2420 1
07381658+2131389 5031 103 4.38 0.33 0.18 0.09 1.44 0.0 1.698 NGC2420 1
07381701+2136079 4972 82 4.65 0.21 0.03 0.08 1.57 0.23 1.698 NGC2420 1
07381725+2126442 5123 83 4.78 0.22 0 0.08 1.68 0.0 1.698 NGC2420 1
07381817+2138241 5984 66 4.58 0.17 -0.17 0.05 2.76 0.08 1.698 NGC2420 1
07381946+2134040 4637 79 4.26 0.22 0.08 0.08 1.01 0.3 1.698 NGC2420 1
07381949+2130067 6280 65 4.37 0.17 -0.28 0.05 2.34 0.1 1.698 NGC2420 1
07382038+2138545 6579 55 3.72 0.16 -0.88 0.05 1.84 0.0 1.698 NGC2420 1
07382178+2134482 6694 67 4.33 0.18 -0.17 0.05 2.09 0.21 1.698 NGC2420 1
07382336+2133369 6002 66 4.27 0.17 -0.16 0.05 2.66 0.08 1.698 NGC2420 0.9957
07382375+2142550 5595 68 4.47 0.21 -0.12 0.05 1.79 0.24 1.698 NGC2420 1
07382379+2135271 4934 96 3.66 0.26 -0.39 0.15 1.05 0.43 1.698 NGC2420 1
07382422+2131399 5324 63 4.26 0.17 -0.35 0.05 1.62 0.25 1.698 NGC2420 1
07382469+2136525 5907 70 4.36 0.21 -0.29 0.05 2.51 0.09 1.698 NGC2420 0.9993
07382491+2132059 5862 64 4.65 0.18 -0.09 0.05 2.42 0.1 1.698 NGC2420 0.9999
07382516+2134366 6461 65 4.38 0.14 -0.28 0.07 2.02 0.21 1.698 NGC2420 1
07382570+2135354 4952 81 4.56 0.22 -0.16 0.08 1.21 0.34 1.698 NGC2420 1
07382572+2135190 5012 104 4.68 0.32 0.12 0.09 1.38 0.31 1.698 NGC2420 1
07382607+2136388 5108 82 4.67 0.22 -0.11 0.08 1.64 0.22 1.698 NGC2420 1
07382765+2136020 5647 64 4.6 0.17 -0.23 0.05 1.68 0.35 1.698 NGC2420 1
07382791+2133225 6366 65 4.32 0.14 -0.26 0.07 2.92 0.06 1.698 NGC2420 1
07383042+2137370 4997 64 4.57 0.18 -0.29 0.06 1.29 0.17 1.698 NGC2420 1
07383090+2133530 5909 64 4.66 0.17 0.07 0.05 2.25 0.14 1.698 NGC2420 1
07383433+2132466 4981 83 4.89 0.22 -0.14 0.08 1.29 0.32 1.698 NGC2420 1
07383956+2142099 5451 104 4.83 0.31 0.08 0.09 1.49 0.0 1.698 NGC2420 1
07383986+2129295 5016 65 4.58 0.17 -0.29 0.05 1.3 0.16 1.698 NGC2420 1
07384052+2134425 4732 83 3.83 0.22 -0.18 0.07 1.31 0.0 1.698 NGC2420 1
07384106+2143461 5072 82 4.76 0.22 0.21 0.08 1.53 0.0 1.698 NGC2420 1
07384131+2135078 5110 80 3.86 0.22 -0.14 0.07 1.63 0.22 1.698 NGC2420 1
07385213+2132588 6145 64 4.45 0.14 -0.2 0.07 2.8 0.07 1.698 NGC2420 1
07385389+2131058 4830 82 4.43 0.22 -0.25 0.08 0.87 0.0 1.698 NGC2420 1
07385884+2134122 5575 66 4.35 0.17 -0.17 0.05 1.81 0.0 1.698 NGC2420 1
07390024+2136423 4497 81 4.81 0.22 -0.37 0.08 1.08 0.25 1.698 NGC2420 1
07390151+2138160 5161 63 4.61 0.17 -0.43 0.06 1.67 0.17 1.698 NGC2420 0.9999
07390227+2135193 4893 82 3.98 0.21 -0.05 0.07 1.43 0.0 1.698 NGC2420 1
07381228+2136269 6265 35 4.12 0.05 -0.19 0.05 2.57 0.06 1.698 NGC2420 1
07381784+2132585 6143 33 3.95 0.05 -0.21 0.05 2.68 0.05 1.698 NGC2420 1
07382020+2130400 5927 34 4.2 0.05 -0.03 0.05 2.33 0.07 1.698 NGC2420 1
07382854+2133366 6165 34 4.12 0.05 -0.21 0.05 2.65 0.04 1.698 NGC2420 0.9997
07383354+2136531 6240 33 4.08 0.05 -0.08 0.05 2.72 0.06 1.698 NGC2420 1
