OBJECT TEFF E_TEFF LOGG E_LOGG FEH E_FEH LI1 E_LI1 "AGE (Gyr)" GES_FLD
06264165-0444172 4898 81 2.86 0.27 -0.08 0.06 0.55 0.48 0.018 NGC2232
06264172-0443146 5987 82 4.25 0.14 0.19 0.07 2.28 0.10 0.018 NGC2232
06264482-0452134 5055 81 3.06 0.33 -0.02 0.08 1.27 0.24 0.018 NGC2232
06264520-0452285 5741 83 4.34 0.18 -0.06 0.08 2.56 0.09 0.018 NGC2232
06264971-0449557 5967 80 4.24 0.15 -0.14 0.07 2.55 0.09 0.018 NGC2232
06265821-0453387 3926.71 63.64 4.66 0.10 -0.05 0.08 -0.17 0.29 0.018 NGC2232
06265943-0438170 6841 82 4.13 0.16 0.08 0.09 2.71 0.15 0.018 NGC2232
06270169-0456567 4617 80 2.43 0.19 -0.25 0.07 0.65 0.13 0.018 NGC2232
06271051-0448339 4435.84 91.5 4.69 0.16 0.03 0.06 0.28 0.27 0.018 NGC2232
06271400-0436541 4012.22 71.06 4.61 0.13 -0.43 0.13 0.39 0.14 0.018 NGC2232
06271439-0440374 4747 82 2.66 0.12 -0.14 0.06 0.45 0.22 0.018 NGC2232
06271578-0448274 5860 82 4.24 0.20 0.06 0.08 2.47 0.11 0.018 NGC2232
06271614-0443369 5977 82 4.32 0.17 -0.14 0.09 2.29 0.11 0.018 NGC2232
06272297-0457075 4583 82 2.43 0.15 -0.23 0.08 0.59 0.00 0.018 NGC2232
06272332-0434000 6828 83 4.16 0.10 -0.13 0.06 3.00 0.06 0.018 NGC2232
06272587-0441357 4568 84 2.65 0.22 0.17 0.08 0.30 0.76 0.018 NGC2232
06272607-0440016 5786 80 4.41 0.09 -0.04 0.06 1.26 0.19 0.018 NGC2232
06272643-0447193 5992 80 4.27 0.10 0.07 0.06 1.59 0.19 0.018 NGC2232
06272705-0449483 4677 84 2.57 0.12 -0.28 0.07 -0.39 0.48 0.018 NGC2232
06272707-0443168 5141 81 3.38 0.33 -0.32 0.10 1.53 0.16 0.018 NGC2232
06272759-0445230 3807.07 58.69 4.73 0.09 0.26 0.07 2.50 0.12 0.018 NGC2232
06272899-0449546 6001 80 4.16 0.13 -0.08 0.06 3.02 0.07 0.018 NGC2232
06272929-0441493 6466 83 4.05 0.12 -0.07 0.06 2.07 0.19 0.018 NGC2232
06272968-0448142 5927 84 4.40 0.12 -0.12 0.08 1.55 0.23 0.018 NGC2232
06273067-0436414 6224 82 4.14 0.17 0.16 0.08 2.03 0.00 0.018 NGC2232
06273228-0439406 6323 82 4.03 0.12 -0.07 0.06 1.60 0.00 0.018 NGC2232
06273346-0455455 5144 82 3.48 0.21 0.05 0.06 1.26 0.00 0.018 NGC2232
06273408-0446556 5805 82 4.42 0.10 0.01 0.06 1.60 0.00 0.018 NGC2232
06273516-0447176 5268 85 4.45 0.11 0.00 0.06 1.27 0.14 0.018 NGC2232
06273523-0452315 6179 85 4.03 0.13 -0.06 0.07 2.29 0.10 0.018 NGC2232
06274250-0439569 6456 83 4.03 0.15 -0.17 0.08 1.75 0.00 0.018 NGC2232
06274369-0440075 4369.1 74.06 4.76 0.10 0.12 0.05 0.14 0.00 0.018 NGC2232
06274422-0454450 5478 83 3.91 0.17 0.11 0.06 1.27 0.16 0.018 NGC2232
06274490-0437213 4968 84 4.59 0.12 0.03 0.05 2.27 0.11 0.018 NGC2232
06274591-0435377 4663 83 2.58 0.15 -0.21 0.07 0.64 0.00 0.018 NGC2232
06274602-0446224 5927 83 4.20 0.09 0.06 0.05 3.39 0.08 0.018 NGC2232
06274617-0446532 6487 82 4.15 0.12 0.00 0.06 2.38 0.00 0.018 NGC2232
06274686-0448095 5302 83 4.45 0.16 -0.26 0.07 1.18 0.25 0.018 NGC2232
06274781-0435399 5242 83 3.40 0.29 -0.10 0.10 1.42 0.25 0.018 NGC2232
06275087-0449361 6039 81 4.36 0.12 0.08 0.06 2.53 0.08 0.018 NGC2232
06274401-0441021 6376 95 4.57 0.34 -0.88 0.16 2.58 0.12 0.018 NGC2232
06274726-0441268 5253 83 4.62 0.18 -0.19 0.08 1.00 0.00 0.018 NGC2232
06275072-0443030 5782 94 4.53 0.33 -0.66 0.12 2.26 0.12 0.018 NGC2232
06275713-0454087 4561.71 95.03 2.09 0.20 -0.36 0.09 0.21 0.30 0.018 NGC2232
06280027-0454468 4630 82 4.55 0.15 -0.06 0.06 -0.07 0.63 0.018 NGC2232
06280105-0439320 5946 80 4.15 0.17 0.05 0.08 1.66 0.00 0.018 NGC2232
06280109-0450514 4766 84 2.76 0.27 -0.28 0.09 0.75 0.24 0.018 NGC2232
06280119-0438299 6741 82 4.10 0.09 -0.10 0.05 3.09 0.06 0.018 NGC2232
06280304-0454239 5280 83 3.54 0.25 0.04 0.07 1.50 0.18 0.018 NGC2232
06280628-0447421 6594 81 4.11 0.10 0.06 0.05 1.82 0.22 0.018 NGC2232
06280710-0453359 5837 79 4.29 0.13 -0.07 0.07 2.34 0.08 0.018 NGC2232
06280844-0457232 4709 82 2.58 0.16 -0.07 0.04 0.75 0.00 0.018 NGC2232
06280929-0448496 5150 83 3.73 0.24 -0.15 0.09 0.53 0.00 0.018 NGC2232
06281070-0436434 6701 81 4.27 0.12 0.10 0.06 1.93 0.00 0.018 NGC2232
06281635-0441510 6223 84 4.21 0.17 0.04 0.08 2.21 0.00 0.018 NGC2232
06281740-0454162 6795 84 4.18 0.13 0.00 0.07 3.05 0.10 0.018 NGC2232
06281895-0452011 6070 85 4.06 0.13 -0.14 0.06 2.72 0.07 0.018 NGC2232
06281955-0439350 6010 85 4.15 0.22 -0.25 0.10 2.22 0.14 0.018 NGC2232
06282237-0436525 6746 101 4.06 0.23 -0.54 0.11 3.11 0.09 0.018 NGC2232
06282344-0449036 5555 84 4.25 0.12 0.02 0.07 2.27 0.08 0.018 NGC2232
06282373-0439042 4852 82 4.74 0.15 0.01 0.06 0.81 0.00 0.018 NGC2232
06282600-0450481 5320 82 4.61 0.11 -0.19 0.07 1.22 0.12 0.018 NGC2232
06282832-0444249 4936 81 4.65 0.17 0.01 0.06 1.98 0.11 0.018 NGC2232
06283040-0447386 5347 83 4.60 0.16 -0.37 0.08 1.22 0.00 0.018 NGC2232
06283270-0442182 5882 84 4.09 0.16 0.29 0.06 1.80 0.23 0.018 NGC2232
06283327-0458372 5192 84 4.57 0.13 0.14 0.06 1.14 0.19 0.018 NGC2232
06283370-0446583 5695 82 4.31 0.10 -0.07 0.07 3.02 0.08 0.018 NGC2232
06283587-0449472 5992 83 4.44 0.11 0.13 0.05 2.49 0.08 0.018 NGC2232
06283780-0449463 4649 82 4.68 0.12 0.03 0.05 0.47 0.00 0.018 NGC2232
06283845-0438555 5054 82 3.13 0.23 -0.11 0.08 2.34 0.11 0.018 NGC2232
06283870-0446213 6348 85 3.91 0.18 -0.19 0.10 2.63 0.11 0.018 NGC2232
06283873-0439315 5934 84 4.36 0.11 -0.15 0.08 1.97 0.10 0.018 NGC2232
06283877-0442387 6369 83 4.10 0.17 -0.15 0.08 2.35 0.00 0.018 NGC2232
06284499-0453163 4512.84 75.15 2.44 0.10 -0.08 0.07 -1.00 0.00 0.018 NGC2232
06284891-0441507 4535 81 4.76 0.21 0.14 0.07 0.68 0.19 0.018 NGC2232
06284994-0445482 5749 81 4.23 0.10 -0.05 0.06 3.14 0.08 0.018 NGC2232
06285563-0444318 4767 83 2.71 0.13 -0.14 0.07 0.10 0.73 0.018 NGC2232
06285630-0449096 5163 81 3.95 0.15 0.03 0.05 3.31 0.11 0.018 NGC2232
06285692-0448290 5053 80 2.98 0.22 -0.17 0.08 1.10 0.00 0.018 NGC2232
06275445-0449487 6976 44 4.09 0.06 -0.19 0.08 3.42 0.03 0.018 NGC2232
06274655-0457436 6140 81 4.11 0.10 0.10 0.05 2.06 0.08 0.018 NGC2232
06274772-0459415 5495 81 4.34 0.17 -0.30 0.09 1.46 0.20 0.018 NGC2232
06274853-0504524 6009 81 4.26 0.12 -0.22 0.07 2.60 0.07 0.018 NGC2232
06275341-0458329 6173 82 4.25 0.17 -0.02 0.08 2.65 0.09 0.018 NGC2232
06275919-0447243 6252 82 3.98 0.14 -0.06 0.07 1.86 0.33 0.018 NGC2232
06275965-0457173 6025 82 4.32 0.11 0.15 0.06 1.98 0.11 0.018 NGC2232
06280399-0450125 5135 82 4.44 0.13 -0.02 0.06 0.65 0.38 0.018 NGC2232
06280556-0504389 6785 84 4.07 0.13 -0.03 0.07 2.69 0.15 0.018 NGC2232
06280619-0501383 6239 83 4.22 0.11 -0.12 0.06 2.22 0.08 0.018 NGC2232
06280937-0503545 6058 84 4.04 0.15 -0.08 0.08 1.96 0.19 0.018 NGC2232
06281093-0505171 5889 83 4.23 0.13 -0.03 0.07 2.12 0.10 0.018 NGC2232
06281126-0458043 5869 81 4.35 0.11 0.01 0.07 2.33 0.08 0.018 NGC2232
06281345-0507301 6151 81 4.08 0.09 0.14 0.05 2.90 0.07 0.018 NGC2232
06281400-0501422 6197 80 4.05 0.14 -0.23 0.08 2.35 0.10 0.018 NGC2232
06282655-0507563 6675 84 4.07 0.09 -0.05 0.05 2.15 0.15 0.018 NGC2232
06283206-0507062 5094 83 4.64 0.13 0.11 0.05 0.79 0.28 0.018 NGC2232
06283326-0447134 6240 82 4.14 0.18 -0.02 0.08 2.59 0.11 0.018 NGC2232
06284792-0501569 4628 83 2.60 0.10 -0.01 0.05 0.80 0.00 0.018 NGC2232
06284981-0459275 5432 81 4.48 0.16 -0.17 0.07 1.45 0.20 0.018 NGC2232
06285437-0458553 6787 84 4.05 0.15 -0.04 0.08 3.15 0.08 0.018 NGC2232
06285753-0502160 4691 82 2.68 0.18 -0.13 0.09 0.99 0.16 0.018 NGC2232
06285859-0453521 6374 83 3.98 0.18 0.08 0.09 2.28 0.20 0.018 NGC2232
06285962-0502440 6305 83 4.24 0.18 0.00 0.09 2.35 0.15 0.018 NGC2232
06290171-0455283 4243.51 76.4 4.56 0.12 -0.06 0.06 0.25 0.17 0.018 NGC2232
06261451-0501289 6188 83 4.24 0.11 0.09 0.06 2.82 0.07 0.018 NGC2232
06261602-0503315 6129 83 3.88 0.20 -0.29 0.09 2.09 0.20 0.018 NGC2232
06262006-0452027 4993 82 2.82 0.12 -0.02 0.05 1.02 0.00 0.018 NGC2232
06262108-0502120 4721 80 2.72 0.21 -0.22 0.09 0.70 0.24 0.018 NGC2232
06262485-0505438 4741 84 2.69 0.10 -0.07 0.05 0.86 0.00 0.018 NGC2232
06262629-0504482 5708 81 4.40 0.10 -0.01 0.07 2.71 0.08 0.018 NGC2232
06263227-0504329 5545 82 4.19 0.15 0.06 0.07 1.63 0.15 0.018 NGC2232
06263493-0500109 6670 81 4.19 0.10 -0.08 0.06 1.81 0.00 0.018 NGC2232
06263507-0502598 6200 80 4.13 0.12 -0.05 0.07 1.94 0.00 0.018 NGC2232
06263915-0448307 6470 80 4.21 0.15 -0.05 0.08 2.21 0.20 0.018 NGC2232
06264227-0503442 6187 81 4.14 0.13 -0.01 0.07 1.41 0.80 0.018 NGC2232
06264864-0459421 4640 83 2.49 0.17 -0.08 0.06 0.77 0.00 0.018 NGC2232
06264913-0457063 4578 83 2.36 0.15 -0.23 0.07 -0.84 0.42 0.018 NGC2232
06264998-0505033 4743 83 2.65 0.26 -0.10 0.08 0.48 0.37 0.018 NGC2232
06265183-0447546 5164 83 4.58 0.15 0.02 0.07 2.48 0.11 0.018 NGC2232
06265560-0504247 4645 85 2.65 0.10 -0.01 0.06 0.75 0.00 0.018 NGC2232
06265578-0500322 4537.5 79.56 2.44 0.13 -0.07 0.07 -0.17 0.37 0.018 NGC2232
06265737-0459299 5634 81 4.33 0.11 -0.16 0.07 1.36 0.00 0.018 NGC2232
06265810-0458444 4995 82 3.17 0.26 -0.16 0.09 1.31 0.15 0.018 NGC2232
06270518-0509303 6232 80 4.25 0.15 0.12 0.07 2.76 0.08 0.018 NGC2232
06270580-0504598 6332 83 4.16 0.16 -0.30 0.09 2.20 0.14 0.018 NGC2232
06270620-0457431 5925 83 4.23 0.13 -0.03 0.07 2.74 0.08 0.018 NGC2232
06271295-0500060 4601 83 2.44 0.15 -0.08 0.06 0.53 0.00 0.018 NGC2232
06271506-0508384 4570 86 4.75 0.27 0.07 0.08 0.60 0.00 0.018 NGC2232
06271780-0504320 4593.76 87.7 2.41 0.21 -0.26 0.08 0.50 0.00 0.018 NGC2232
06271872-0458567 4707 79 2.64 0.18 -0.16 0.10 0.78 0.00 0.018 NGC2232
06272242-0507363 6227 83 4.01 0.14 -0.19 0.08 2.57 0.09 0.018 NGC2232
06273711-0506149 6241 83 4.12 0.14 -0.07 0.07 2.08 0.00 0.018 NGC2232
06273862-0502469 5380 82 3.95 0.17 -0.06 0.07 1.37 0.14 0.018 NGC2232
06273890-0502212 6807 84 4.11 0.15 -0.12 0.08 3.08 0.07 0.018 NGC2232
06271258-0444489 4326.62 116.54 4.77 0.23 -0.06 0.10 0.01 0.00 0.018 NGC2232
06271284-0436032 4376.7 79.77 2.22 0.18 -0.15 0.09 0.42 0.00 0.018 NGC2232
06271426-0442015 4156.68 109.9 4.71 0.22 0.22 0.12 -1.00 0.00 0.018 NGC2232
06271632-0438379 3995.51 63.33 4.50 0.09 -0.08 0.04 -0.22 0.29 0.018 NGC2232
06272385-0437392 4158.12 100.09 3.38 0.28 0.12 0.12 -0.32 0.00 0.018 NGC2232
06272773-0448405 4754 95 4.60 0.10 0.09 0.05 0.64 0.19 0.018 NGC2232
06272804-0447041 4529 80 2.47 0.16 -0.04 0.07 0.19 0.18 0.018 NGC2232
06272877-0439550 4875 80 2.81 0.24 -0.30 0.09 0.49 0.45 0.018 NGC2232
06272973-0441138 5112 81 4.51 0.17 -0.30 0.08 1.27 0.15 0.018 NGC2232
06273125-0443051 3963.23 86.3 4.48 0.27 -0.03 0.18 -0.84 0.00 0.018 NGC2232
06274087-0440108 5149 97 3.57 0.51 0.02 0.12 1.66 0.23 0.018 NGC2232
06274290-0453047 4494 81 2.33 0.17 -0.17 0.08 -0.04 0.31 0.018 NGC2232
06274471-0433566 4570 95 3.70 0.67 -0.31 0.17 0.45 0.00 0.018 NGC2232
06275371-0452537 3884.7 61.11 4.68 0.09 0.05 0.07 -1.00 0.00 0.018 NGC2232
06275762-0434507 5261 82 4.41 0.18 -0.03 0.09 1.37 0.22 0.018 NGC2232
06280424-0454129 4325.26 71.2 2.12 0.13 -0.21 0.07 -0.82 0.27 0.018 NGC2232
06280581-0439338 4575 81 2.41 0.23 -0.30 0.09 0.41 0.00 0.018 NGC2232
06280586-0448123 4178.94 113.17 4.58 0.22 -0.12 0.16 0.31 0.00 0.018 NGC2232
06280748-0440457 5018 84 3.61 0.25 0.06 0.06 1.10 0.22 0.018 NGC2232
06281202-0444323 4039.73 66.8 4.69 0.10 0.01 0.05 -1.00 0.00 0.018 NGC2232
06281958-0438197 4493.59 170.03 4.29 0.54 0.00 0.15 0.97 0.31 0.018 NGC2232
06281965-0444547 3847.2 77.32 4.39 0.28 0.35 0.21 -0.60 0.85 0.018 NGC2232
06282044-0437093 4884 80 4.65 0.22 0.00 0.07 0.69 0.45 0.018 NGC2232
06282194-0446471 4240.44 73.09 4.74 0.11 0.09 0.05 -0.98 0.40 0.018 NGC2232
06275034-0441552 5795 28 3.01 0.06 -0.60 0.05 1.33 0.00 0.018 NGC2232
06281610-0447046 4899 31 2.91 0.05 -0.47 0.05 0.60 0.08 0.018 NGC2232
06282006-0441518 5593 36 3.87 0.05 0.10 0.05 1.63 0.05 0.018 NGC2232
06272616-0458415 4658 81 4.58 0.19 -0.14 0.07 0.52 0.00 0.018 NGC2232
06274205-0453360 4976 80 4.71 0.24 -0.45 0.09 0.81 0.00 0.018 NGC2232
06274336-0452015 4241 132.27 3.78 0.40 -0.34 0.23 0.78 0.25 0.018 NGC2232
06274600-0455498 4188 69.62 4.60 0.09 -0.02 0.04 -0.34 0.33 0.018 NGC2232
06274605-0504090 4060.41 96.9 4.77 0.20 -0.39 0.21 0.08 0.00 0.018 NGC2232
06274992-0505027 3957.13 78.14 4.62 0.17 -0.11 0.16 -1.00 0.00 0.018 NGC2232
06275129-0459101 6015 81 4.22 0.17 0.07 0.07 2.67 0.09 0.018 NGC2232
06275190-0452393 5348 95 5.10 0.35 -0.65 0.10 1.81 0.13 0.018 NGC2232
06275368-0504299 3904.4 64.81 4.77 0.12 -0.36 0.13 0.16 0.21 0.018 NGC2232
06275372-0452386 3805.89 59.87 4.62 0.11 -0.58 0.23 -1.00 0.00 0.018 NGC2232
06280023-0500136 5862 83 4.28 0.17 0.08 0.08 2.91 0.09 0.018 NGC2232
06280097-0500045 4683 85 4.43 0.32 -0.08 0.10 0.50 0.00 0.018 NGC2232
06280467-0503365 4062.5 76.17 4.83 0.14 -0.26 0.11 0.52 0.14 0.018 NGC2232
06280620-0457369 3979.04 67.05 4.73 0.12 -0.02 0.08 -0.27 0.45 0.018 NGC2232
06280697-0506202 4429 94 4.66 0.10 -0.01 0.08 0.48 0.29 0.018 NGC2232
06280886-0505058 5031 83 4.42 0.27 -0.28 0.11 0.98 0.41 0.018 NGC2232
06280952-0453389 4567.22 131.36 4.52 0.24 0.03 0.09 0.57 0.00 0.018 NGC2232
06281062-0448424 4587.91 97.24 4.73 0.17 0.04 0.07 0.41 0.27 0.018 NGC2232
06281141-0454026 3870.96 68.92 4.73 0.15 -0.89 0.35 0.22 0.20 0.018 NGC2232
06281151-0445172 4163.65 69.12 4.72 0.09 0.13 0.03 -1.00 0.00 0.018 NGC2232
06281356-0451385 4223.55 110.03 4.69 0.10 -0.06 0.11 -0.61 0.00 0.018 NGC2232
06281898-0456379 4404.05 194.92 2.90 0.72 -0.35 0.19 0.22 0.00 0.018 NGC2232
06281988-0505152 4999 82 3.25 0.27 -0.18 0.09 1.06 0.22 0.018 NGC2232
06282062-0455190 4435.25 81.14 4.59 0.13 0.08 0.05 -0.16 0.51 0.018 NGC2232
06282298-0502575 4536.55 109.83 4.58 0.20 0.00 0.07 0.29 0.44 0.018 NGC2232
06282443-0459380 4239.34 102.17 4.59 0.19 0.07 0.08 -1.00 0.00 0.018 NGC2232
06282625-0454469 4617 81 4.53 0.18 -0.03 0.07 0.50 0.00 0.018 NGC2232
06283566-0448463 4635 81 2.58 0.20 -0.23 0.09 0.52 0.00 0.018 NGC2232
06284107-0450040 3931.93 81.96 5.22 0.30 0.01 0.20 0.04 0.00 0.018 NGC2232
06284124-0455266 4238.5 129.09 5.15 0.46 -0.39 0.23 -0.03 0.00 0.018 NGC2232
06284343-0454137 4922 82 2.79 0.27 -0.29 0.10 0.55 0.68 0.018 NGC2232
06284499-0450446 4317.49 125.58 4.79 0.41 -0.29 0.18 0.29 0.00 0.018 NGC2232
06284731-0455239 4943 83 4.42 0.30 0.05 0.09 0.82 0.00 0.018 NGC2232
06284739-0501021 4390 92 4.66 0.10 -0.04 0.10 0.24 0.00 0.018 NGC2232
06284987-0459156 4845 82 2.66 0.26 -0.35 0.10 1.24 0.14 0.018 NGC2232
06285579-0458421 5022 84 4.50 0.22 -0.05 0.08 0.94 0.00 0.018 NGC2232
06274892-0458366 4911 32 2.75 0.05 -0.12 0.05 0.00 0.00 0.018 NGC2232
06282023-0457070 4597 32 2.48 0.06 0.05 0.05 0.24 0.07 0.018 NGC2232
06282289-0453210 4505 31 2.23 0.05 -0.17 0.05 0.61 0.05 0.018 NGC2232
06264931-0455543 4990 82 4.19 0.32 -0.17 0.10 1.53 0.17 0.018 NGC2232
06265041-0454157 4912 94 2.63 0.58 -0.64 0.18 1.45 0.20 0.018 NGC2232
06265065-0455299 5565 95 3.79 0.39 -0.74 0.14 2.10 0.13 0.018 NGC2232
06265372-0459093 4200.58 94.49 4.80 0.19 0.03 0.09 0.91 0.15 0.018 NGC2232
06265658-0453546 5043 94 4.09 0.23 0.10 0.08 1.48 0.20 0.018 NGC2232
06270086-0453548 4964 82 4.56 0.20 -0.10 0.08 1.11 0.20 0.018 NGC2232
06270097-0449065 3809.5 58.68 4.65 0.09 -0.40 0.13 0.01 0.21 0.018 NGC2232
06270147-0455411 5764 98 3.23 0.40 -0.12 0.13 2.59 0.13 0.018 NGC2232
06270364-0502370 4592 84 2.56 0.13 -0.09 0.06 0.01 0.27 0.018 NGC2232
06270380-0456011 4542.91 92.75 4.54 0.15 0.09 0.06 -0.10 0.00 0.018 NGC2232
06270494-0457059 5117 83 3.83 0.18 0.01 0.06 1.30 0.13 0.018 NGC2232
06270630-0459295 3965.41 88.95 5.19 0.29 0.14 0.17 0.87 0.00 0.018 NGC2232
06271272-0455029 3811.33 61.12 4.55 0.12 0.19 0.13 0.30 0.19 0.018 NGC2232
06271350-0445594 4827 82 4.61 0.14 -0.04 0.06 0.54 0.22 0.018 NGC2232
06271975-0458522 3843.16 72.93 3.14 0.26 0.39 0.19 0.16 0.39 0.018 NGC2232
06272287-0456286 3807.63 60.1 4.50 0.11 0.40 0.11 -1.00 0.00 0.018 NGC2232
06272349-0455040 3925.53 64.01 4.68 0.11 -0.38 0.11 0.29 0.15 0.018 NGC2232
06272967-0454532 4623 81 4.66 0.14 0.04 0.06 0.64 0.15 0.018 NGC2232
06275235-0459477 4506.1 80.92 4.78 0.12 0.09 0.05 0.05 0.00 0.018 NGC2232
06265632-0454106 5798 40 4.45 0.07 -0.12 0.08 3.17 0.04 0.018 NGC2232
06270027-0458318 5932 32 4.34 0.05 -0.03 0.05 2.20 0.04 0.018 NGC2232
06272453-0454116 5747 31 4.15 0.05 0.06 0.05 2.10 0.03 0.018 NGC2232
06272494-0457028 4605 31 2.46 0.05 0.07 0.05 0.21 0.06 0.018 NGC2232
06243886-0449311 4708 84 2.78 0.12 -0.10 0.07 0.35 0.26 0.018 NGC2232
06244320-0450192 6205 81 4.21 0.12 -0.20 0.07 2.86 0.07 0.018 NGC2232
06245127-0445091 6308 83 4.32 0.14 0.23 0.07 2.60 0.10 0.018 NGC2232
06245238-0441297 4912 83 4.56 0.14 0.01 0.05 0.91 0.00 0.018 NGC2232
06245299-0449270 4954 82 3.07 0.21 -0.29 0.09 0.57 0.41 0.018 NGC2232
06245317-0452179 4809 83 2.61 0.21 -0.17 0.08 0.47 0.67 0.018 NGC2232
06245351-0441266 6207 81 4.25 0.12 -0.13 0.06 1.96 0.13 0.018 NGC2232
06245757-0450086 4616 82 2.71 0.09 0.03 0.05 -0.11 0.23 0.018 NGC2232
06250119-0454462 6444 82 4.19 0.21 -0.05 0.10 2.67 0.14 0.018 NGC2232
06250357-0456194 6330 83 4.22 0.10 0.00 0.05 3.26 0.06 0.018 NGC2232
06250430-0453198 5203 83 4.69 0.17 -0.23 0.08 1.18 0.20 0.018 NGC2232
06250814-0457572 4989 82 3.20 0.19 -0.02 0.07 1.19 0.00 0.018 NGC2232
06250964-0454389 6832 82 4.16 0.09 0.03 0.05 2.45 0.10 0.018 NGC2232
06251285-0439263 6296 83 4.22 0.18 -0.07 0.08 2.65 0.09 0.018 NGC2232
06251324-0445010 5372 81 4.42 0.16 0.18 0.06 1.34 0.20 0.018 NGC2232
06251342-0440467 4458.66 86.2 2.19 0.18 -0.24 0.08 0.49 0.00 0.018 NGC2232
06251366-0439134 6404 85 3.97 0.18 -0.10 0.08 2.35 0.19 0.018 NGC2232
06251478-0441276 4773 82 2.75 0.20 -0.18 0.07 0.93 0.00 0.018 NGC2232
06251621-0454309 4652 83 2.48 0.20 -0.19 0.09 0.52 0.21 0.018 NGC2232
06251834-0458086 6872 83 4.18 0.12 0.02 0.07 2.67 0.12 0.018 NGC2232
06251933-0442048 5420 81 4.08 0.13 0.02 0.06 3.36 0.10 0.018 NGC2232
06252024-0457484 6141 81 4.10 0.14 -0.11 0.08 1.76 0.00 0.018 NGC2232
06252182-0443522 5957 82 4.32 0.17 -0.02 0.09 2.64 0.09 0.018 NGC2232
06252279-0442357 6265 81 4.14 0.19 0.06 0.08 2.04 0.37 0.018 NGC2232
06252405-0443575 6110 83 3.95 0.18 -0.38 0.10 2.66 0.08 0.018 NGC2232
06252417-0459330 5803 78 4.16 0.20 -0.37 0.11 1.74 0.22 0.018 NGC2232
06252537-0441171 6512 83 4.11 0.14 0.07 0.06 3.23 0.07 0.018 NGC2232
06252591-0457213 4321.81 95.83 2.18 0.24 0.02 0.09 -0.12 0.43 0.018 NGC2232
06252823-0456494 4675 83 2.64 0.13 -0.21 0.08 0.76 0.16 0.018 NGC2232
06252942-0447196 6695 82 4.13 0.09 -0.04 0.05 3.23 0.06 0.018 NGC2232
06253281-0455488 6007 82 4.35 0.12 0.11 0.06 2.31 0.09 0.018 NGC2232
06253651-0437548 6699 82 4.04 0.10 -0.10 0.06 2.21 0.14 0.018 NGC2232
06254238-0447322 6924 86 4.17 0.13 0.03 0.07 2.41 0.00 0.018 NGC2232
06254376-0454485 5953 81 4.32 0.09 0.05 0.05 3.30 0.07 0.018 NGC2232
06254467-0454592 5673 79 4.33 0.13 0.20 0.05 2.22 0.09 0.018 NGC2232
06254476-0446436 6530 85 4.09 0.16 0.06 0.07 2.57 0.14 0.018 NGC2232
06254529-0457582 5222 83 4.42 0.15 -0.35 0.07 1.11 0.20 0.018 NGC2232
06254845-0439358 5834 83 4.26 0.16 -0.06 0.08 2.42 0.09 0.018 NGC2232
06255044-0450338 4684 80 2.61 0.17 -0.25 0.08 0.28 0.30 0.018 NGC2232
06255175-0442178 5745 81 4.09 0.18 0.02 0.08 1.60 0.31 0.018 NGC2232
06255796-0449139 6995 99 4.05 0.11 -0.10 0.06 2.66 0.17 0.018 NGC2232
06260045-0452087 4122.95 67.72 4.57 0.10 -0.21 0.05 -0.25 0.27 0.018 NGC2232
06260585-0452591 5028 84 3.25 0.26 -0.04 0.08 1.12 0.21 0.018 NGC2232
06260985-0446267 4848 82 2.98 0.20 -0.06 0.06 1.03 0.00 0.018 NGC2232
06253649-0430207 5001 81 3.45 0.36 -0.40 0.12 1.28 0.20 0.018 NGC2232
06254546-0423572 4820 81 2.81 0.27 -0.56 0.11 0.91 0.19 0.018 NGC2232
06260009-0435574 6369 85 3.94 0.17 -0.11 0.08 2.36 0.15 0.018 NGC2232
06260043-0436250 5668 82 4.33 0.12 -0.07 0.06 1.24 0.25 0.018 NGC2232
06260182-0436159 6270 83 4.15 0.14 -0.24 0.08 2.48 0.09 0.018 NGC2232
06260445-0427268 6188 81 4.30 0.11 0.16 0.05 2.48 0.08 0.018 NGC2232
06260685-0420086 5236 82 4.52 0.17 -0.19 0.08 0.98 0.39 0.018 NGC2232
06260749-0424227 4413 92 4.58 0.11 -0.09 0.07 0.20 0.00 0.018 NGC2232
06260898-0418521 5738 80 4.18 0.18 0.19 0.06 2.50 0.09 0.018 NGC2232
06261361-0436168 6289 82 4.19 0.11 0.05 0.06 3.33 0.06 0.018 NGC2232
06261474-0439301 6886 83 4.16 0.08 0.00 0.05 2.16 0.12 0.018 NGC2232
06261478-0426250 4665 82 2.65 0.15 -0.15 0.08 -0.09 0.67 0.018 NGC2232
06261636-0438026 5762 81 4.37 0.16 0.04 0.08 2.30 0.10 0.018 NGC2232
06261649-0426526 4571 82 2.31 0.20 -0.31 0.08 0.12 0.26 0.018 NGC2232
06261719-0418465 5729 82 4.17 0.16 -0.46 0.08 1.98 0.11 0.018 NGC2232
06261849-0436593 5767 84 4.43 0.13 -0.01 0.07 1.14 0.00 0.018 NGC2232
06262096-0433135 6838 83 4.15 0.09 -0.01 0.06 2.34 0.12 0.018 NGC2232
06262216-0416530 4443.48 93.06 2.15 0.21 -0.37 0.08 0.34 0.00 0.018 NGC2232
06262866-0437367 5840 83 4.38 0.10 0.02 0.06 3.10 0.08 0.018 NGC2232
06263150-0424423 5869 80 4.44 0.09 0.06 0.06 2.11 0.08 0.018 NGC2232
06263249-0436047 4677 83 2.61 0.10 -0.07 0.05 0.82 0.00 0.018 NGC2232
06263334-0425090 5625 83 4.58 0.15 0.01 0.08 1.64 0.00 0.018 NGC2232
06263381-0416432 4512 83 4.64 0.20 0.09 0.06 0.50 0.23 0.018 NGC2232
06263662-0432290 5747 84 4.19 0.13 -0.35 0.07 2.25 0.08 0.018 NGC2232
06263920-0417022 4821 81 2.69 0.10 -0.04 0.04 0.31 0.20 0.018 NGC2232
06263970-0437505 4571 82 2.35 0.20 -0.28 0.08 0.47 0.17 0.018 NGC2232
06264039-0420320 6356 83 4.08 0.11 -0.05 0.06 2.61 0.07 0.018 NGC2232
06264170-0418463 5421 82 4.36 0.18 -0.36 0.07 1.50 0.15 0.018 NGC2232
06264299-0422492 4482 79 2.24 0.19 -0.31 0.09 0.08 0.29 0.018 NGC2232
06264770-0429145 4821 80 2.81 0.14 0.02 0.06 1.07 0.00 0.018 NGC2232
06264955-0437598 5834 80 4.45 0.19 0.01 0.08 2.03 0.15 0.018 NGC2232
06265343-0417390 5922 81 4.22 0.17 -0.09 0.07 2.87 0.09 0.018 NGC2232
06265365-0419503 4983 83 3.20 0.25 -0.28 0.10 1.22 0.18 0.018 NGC2232
06265661-0425439 5427 81 4.62 0.15 -0.16 0.08 1.27 0.25 0.018 NGC2232
06244374-0451030 5767 82 4.34 0.34 -0.21 0.14 2.66 0.13 0.018 NGC2232
06244698-0446172 4677 83 4.67 0.28 -0.10 0.08 0.76 0.25 0.018 NGC2232
06245629-0444205 4378.6 88.87 4.83 0.15 -0.11 0.07 0.02 0.42 0.018 NGC2232
06250049-0447050 4006.09 74.97 4.75 0.14 -0.08 0.11 -0.31 0.00 0.018 NGC2232
06250341-0452567 4195.75 107.68 4.52 0.22 -0.04 0.15 0.66 0.21 0.018 NGC2232
06250444-0456250 4056.25 95.47 4.68 0.20 -0.23 0.18 0.24 0.00 0.018 NGC2232
06250667-0448327 4783 82 2.87 0.25 -0.15 0.07 0.91 0.00 0.018 NGC2232
06251254-0441423 4396.52 87.16 4.62 0.14 0.11 0.06 0.01 0.00 0.018 NGC2232
06251936-0444422 3929.8 83.02 5.04 0.29 0.24 0.17 0.58 0.26 0.018 NGC2232
06251947-0458138 4399.84 106.08 4.81 0.20 -0.16 0.09 0.44 0.00 0.018 NGC2232
06252082-0453046 4175.53 95.66 4.66 0.10 -0.16 0.13 0.49 0.20 0.018 NGC2232
06252097-0447586 3979.25 68.4 4.80 0.12 -0.30 0.11 0.15 0.22 0.018 NGC2232
06252165-0447426 4184.29 114.66 4.81 0.37 -0.68 0.26 0.27 0.00 0.018 NGC2232
06252333-0444406 5078 85 4.43 0.18 0.07 0.07 0.92 0.34 0.018 NGC2232
06252533-0438483 6873 98 3.66 0.39 -0.46 0.21 3.21 0.12 0.018 NGC2232
06252873-0456515 5270 83 3.37 0.40 -0.09 0.12 1.49 0.00 0.018 NGC2232
06252986-0440559 4019.61 71.31 4.69 0.12 0.18 0.07 -1.00 0.00 0.018 NGC2232
06253003-0459065 3826.8 59.05 4.57 0.09 0.08 0.08 -0.33 0.42 0.018 NGC2232
06253060-0444353 4221.43 93.34 4.65 0.18 -0.03 0.09 0.34 0.00 0.018 NGC2232
06253080-0447061 5197 83 4.07 0.27 0.09 0.07 1.28 0.31 0.018 NGC2232
06253119-0457394 3957.79 64.62 4.61 0.10 -0.08 0.07 -0.07 0.28 0.018 NGC2232
06253628-0449479 4340.5 136.67 5.36 0.48 0.17 0.12 0.50 0.39 0.018 NGC2232
06253753-0443249 4063.6 94.15 5.05 0.32 -0.29 0.20 0.52 0.24 0.018 NGC2232
06253949-0455512 4380 95 4.66 0.10 0.07 0.09 0.72 0.00 0.018 NGC2232
06254455-0457323 4832 95 3.03 0.60 0.23 0.13 0.90 0.00 0.018 NGC2232
06254654-0439123 5119 96 3.98 0.60 0.12 0.13 1.46 0.00 0.018 NGC2232
06255177-0441123 4143.25 105.08 4.33 0.32 0.03 0.15 0.49 0.25 0.018 NGC2232
06255685-0452429 4562.08 129.77 4.69 0.25 0.04 0.08 0.61 0.33 0.018 NGC2232
06255791-0445209 5050 83 2.96 0.25 -0.25 0.10 1.35 0.16 0.018 NGC2232
06260014-0451309 4084.44 88.95 4.66 0.17 0.35 0.09 -0.46 0.87 0.018 NGC2232
06260413-0442127 4615 96 2.81 0.63 -0.08 0.16 0.73 0.46 0.018 NGC2232
06252198-0457059 5257 55 3.42 0.09 -0.36 0.17 0.69 0.00 0.018 NGC2232
06253465-0442195 4915 31 2.63 0.05 -0.27 0.17 -0.12 0.00 0.018 NGC2232
06254941-0453169 6230 45 3.34 0.07 -0.80 0.17 1.82 0.00 0.018 NGC2232
06255461-0448200 5091 30 2.84 0.05 -0.13 0.17 0.03 0.00 0.018 NGC2232
06254609-0423263 3899 78.02 4.79 0.27 -1.22 0.61 0.75 0.21 0.018 NGC2232
06255134-0421110 4883 98 3.14 0.72 -0.30 0.18 1.21 0.00 0.018 NGC2232
06255156-0422473 6273 97 3.71 0.52 0.13 0.18 2.42 0.00 0.018 NGC2232
06255763-0429526 5289 95 4.56 0.67 0.47 0.12 2.17 0.21 0.018 NGC2232
06255800-0434453 4584 94 3.81 0.71 -0.23 0.21 0.61 0.00 0.018 NGC2232
06260352-0421185 5162 96 4.54 0.10 -0.29 0.12 1.16 0.28 0.018 NGC2232
06260536-0416084 4671 94 4.15 0.77 -0.03 0.17 0.93 0.00 0.018 NGC2232
06261315-0428320 6043 95 4.17 0.60 -0.04 0.19 2.73 0.17 0.018 NGC2232
06261788-0433540 5879 99 4.98 0.67 0.47 0.15 2.27 0.00 0.018 NGC2232
06261884-0426150 4685 97 4.90 0.66 0.01 0.13 0.75 0.00 0.018 NGC2232
06261957-0422320 4499.53 211.88 2.88 0.75 -0.19 0.18 0.56 0.00 0.018 NGC2232
06262222-0421350 4053.37 87.39 4.66 0.19 -0.14 0.16 -0.74 0.00 0.018 NGC2232
06262266-0428086 3845.92 77.27 3.00 0.30 -0.88 0.63 -0.22 0.42 0.018 NGC2232
06262280-0429223 4599.56 118.12 4.63 0.10 -0.07 0.08 0.93 0.20 0.018 NGC2232
06262464-0437543 4491.08 270.74 3.66 1.08 -0.61 0.30 0.85 0.50 0.018 NGC2232
06262527-0425103 4762 95 5.42 0.96 0.21 0.14 0.98 0.00 0.018 NGC2232
06262732-0437011 4821 97 3.43 0.87 -0.74 0.25 1.50 0.20 0.018 NGC2232
06262980-0430234 5590 80 4.48 0.33 -0.11 0.11 1.72 0.36 0.018 NGC2232
06263034-0434077 4593 97 3.93 0.67 -0.12 0.18 0.88 0.32 0.018 NGC2232
06263178-0434272 4599.38 201.63 4.24 0.67 -0.73 0.30 0.81 0.00 0.018 NGC2232
06263223-0428351 5748 80 4.36 0.27 -0.17 0.10 1.92 0.23 0.018 NGC2232
06263251-0419184 4495.97 94.34 4.58 0.16 0.00 0.06 0.32 0.00 0.018 NGC2232
06263469-0431562 4949 82 3.67 0.34 -0.05 0.09 1.44 0.17 0.018 NGC2232
06263617-0432261 4443.42 178.66 4.45 0.58 -0.12 0.19 0.63 0.00 0.018 NGC2232
06264016-0431569 4636 85 4.66 0.22 -0.06 0.07 0.57 0.24 0.018 NGC2232
06264155-0427379 4663 96 4.53 0.68 -0.20 0.16 2.49 0.21 0.018 NGC2232
06264209-0422537 5045 96 5.23 0.65 -0.16 0.14 1.51 0.23 0.018 NGC2232
06264455-0431549 4656 94 4.61 0.67 0.13 0.13 0.85 0.39 0.018 NGC2232
06264480-0426428 4856 91 3.81 0.80 -0.14 0.18 1.37 0.28 0.018 NGC2232
06264833-0421468 3944.33 96.8 3.17 0.32 -0.11 0.26 -1.00 0.00 0.018 NGC2232
06265004-0434467 4513 94 4.63 0.10 -0.11 0.08 0.06 0.71 0.018 NGC2232
06265104-0427514 4514 83 4.78 0.34 -0.06 0.11 0.65 0.33 0.018 NGC2232
06265624-0420080 4451 84 4.46 0.31 -0.06 0.11 0.62 0.30 0.018 NGC2232
06265664-0426571 4782 96 2.49 0.68 -0.29 0.18 1.32 0.24 0.018 NGC2232
06270081-0431027 5268 97 3.09 0.68 0.22 0.16 1.87 0.31 0.018 NGC2232
06255787-0425266 5113 31 2.92 0.05 -0.03 0.04 -0.02 0.00 0.018 NGC2232
06261909-0430304 4935 28 2.76 0.06 -0.05 0.05 0.40 0.00 0.018 NGC2232
06262777-0433218 6003 33 4.51 0.06 0.02 0.05 3.32 0.03 0.018 NGC2232
06265007-0432433 5276 31 3.64 0.05 -0.28 0.05 1.25 0.05 0.018 NGC2232
06274579-0424185 4777 81 2.61 0.20 -0.20 0.09 0.81 0.20 0.018 NGC2232
06274704-0423491 4663 83 2.55 0.14 -0.24 0.07 -0.33 0.55 0.018 NGC2232
06275124-0430062 6043 81 4.08 0.10 -0.20 0.06 2.25 0.07 0.018 NGC2232
06275397-0430378 6171 82 4.08 0.15 -0.27 0.08 1.93 0.18 0.018 NGC2232
06275540-0424556 4682 85 2.62 0.16 -0.10 0.08 0.21 0.55 0.018 NGC2232
06275690-0434473 6265 82 4.22 0.16 0.01 0.07 2.78 0.08 0.018 NGC2232
06275753-0425528 4473.93 74.4 2.25 0.15 -0.21 0.07 0.41 0.00 0.018 NGC2232
06275902-0429430 4856 81 3.01 0.17 -0.06 0.05 0.98 0.00 0.018 NGC2232
06280088-0423402 6245 83 4.09 0.11 0.12 0.06 2.10 0.11 0.018 NGC2232
06280316-0434313 5012 82 3.13 0.16 0.05 0.05 1.13 0.15 0.018 NGC2232
06280545-0415138 4758 83 2.69 0.14 -0.18 0.07 0.45 0.21 0.018 NGC2232
06280834-0418527 5281 83 4.64 0.13 0.02 0.06 1.25 0.00 0.018 NGC2232
06281344-0426161 5810 82 4.46 0.11 0.13 0.05 2.04 0.09 0.018 NGC2232
06281372-0433538 4642 83 2.61 0.15 -0.04 0.07 0.38 0.28 0.018 NGC2232
06281384-0415013 5098 79 2.98 0.21 -0.15 0.09 0.81 0.50 0.018 NGC2232
06281465-0422299 4976 85 4.63 0.11 -0.02 0.05 2.28 0.11 0.018 NGC2232
06281551-0418361 5725 81 4.39 0.11 0.27 0.05 1.44 0.17 0.018 NGC2232
06281589-0427107 6794 84 4.14 0.09 0.01 0.06 2.11 0.15 0.018 NGC2232
06281857-0423505 6233 80 3.98 0.13 -0.13 0.06 2.14 0.13 0.018 NGC2232
06281899-0423067 4481.41 88.7 4.70 0.15 -0.03 0.06 0.18 0.33 0.018 NGC2232
06282224-0418398 5647 82 4.45 0.14 0.14 0.07 1.41 0.00 0.018 NGC2232
06282348-0420525 6252 81 4.08 0.14 0.03 0.07 2.36 0.14 0.018 NGC2232
06282736-0413377 6322 83 4.13 0.08 0.00 0.05 2.61 0.06 0.018 NGC2232
06282738-0433169 6296 81 4.13 0.13 -0.21 0.08 1.75 0.29 0.018 NGC2232
06283193-0418020 6061 82 4.12 0.11 -0.19 0.06 2.77 0.07 0.018 NGC2232
06283426-0425075 5103 82 3.95 0.14 0.02 0.05 2.90 0.11 0.018 NGC2232
06284055-0428371 5816 82 4.21 0.15 -0.23 0.08 2.40 0.09 0.018 NGC2232
06284817-0427425 5861 82 4.27 0.19 -0.34 0.09 2.35 0.10 0.018 NGC2232
06284986-0417209 4594 82 2.69 0.10 -0.15 0.07 0.36 0.15 0.018 NGC2232
06285541-0435496 5022 83 4.54 0.18 -0.32 0.08 0.81 0.32 0.018 NGC2232
06290117-0424141 4693 80 2.57 0.19 -0.26 0.09 0.41 0.32 0.018 NGC2232
06290316-0427212 6358 82 4.04 0.15 -0.11 0.07 3.25 0.07 0.018 NGC2232
06290644-0417590 4700 81 2.53 0.19 -0.04 0.05 0.79 0.00 0.018 NGC2232
06290791-0421560 6036 84 4.39 0.08 0.19 0.05 1.51 0.17 0.018 NGC2232
06290952-0427199 5644 83 4.18 0.23 -0.35 0.09 1.66 0.00 0.018 NGC2232
06291037-0427438 5102 81 3.24 0.13 -0.01 0.05 1.17 0.00 0.018 NGC2232
06291216-0428534 5701 82 4.23 0.15 -0.40 0.07 2.00 0.11 0.018 NGC2232
06291273-0431023 5749 83 4.47 0.13 0.13 0.06 1.75 0.14 0.018 NGC2232
06273272-0521026 4796 96 4.97 0.87 0.13 0.14 0.76 0.00 0.018 NGC2232
06273756-0517306 3852.54 66.6 4.66 0.14 -0.71 0.30 -0.73 0.00 0.018 NGC2232
06274043-0516521 4019.44 68.78 4.67 0.12 -0.44 0.11 0.56 0.12 0.018 NGC2232
06274459-0526096 4591.66 182.76 3.59 0.56 0.14 0.13 1.02 0.00 0.018 NGC2232
06274479-0525077 4476 83 4.69 0.31 0.04 0.09 0.60 0.00 0.018 NGC2232
06274562-0519185 3950.31 79.9 4.71 0.18 -0.57 0.26 0.67 0.17 0.018 NGC2232
06274617-0515024 4100.17 88.77 4.65 0.17 -0.61 0.19 0.35 0.00 0.018 NGC2232
06274717-0519418 4152.19 99.57 4.52 0.20 -0.19 0.16 -0.35 0.74 0.018 NGC2232
06274874-0524519 4886 81 3.33 0.42 -0.21 0.13 1.14 0.00 0.018 NGC2232
06275024-0523386 3840.69 67.92 4.53 0.16 -0.18 0.22 0.54 0.17 0.018 NGC2232
06275194-0528568 5923 95 4.45 0.74 -0.90 0.31 2.53 0.16 0.018 NGC2232
06275257-0516294 4723 80 4.71 0.14 0.06 0.06 0.43 0.00 0.018 NGC2232
06275455-0520227 4416.48 79.77 4.73 0.12 0.10 0.05 -0.10 0.40 0.018 NGC2232
06275812-0519002 5567 82 4.32 0.28 -0.13 0.10 2.21 0.14 0.018 NGC2232
06275922-0518136 5184 82 4.41 0.14 -0.02 0.07 1.38 0.14 0.018 NGC2232
06280108-0517194 4777 96 3.91 0.56 0.03 0.12 1.11 0.00 0.018 NGC2232
06280124-0526422 4565 81 4.75 0.33 -0.18 0.10 0.41 0.00 0.018 NGC2232
06280198-0514366 4348.54 104.81 4.69 0.10 0.05 0.08 0.49 0.24 0.018 NGC2232
06281024-0526313 4528.68 121.98 4.77 0.23 0.00 0.08 0.58 0.30 0.018 NGC2232
06281342-0509575 5289 83 4.42 0.24 -0.12 0.09 1.65 0.19 0.018 NGC2232
06281720-0521450 4729 84 4.66 0.21 -0.05 0.07 0.70 0.00 0.018 NGC2232
06281909-0523363 5509 100 4.11 0.68 -0.11 0.18 2.09 0.25 0.018 NGC2232
06282361-0527089 5073 83 3.56 0.28 -0.16 0.09 1.14 0.00 0.018 NGC2232
06282385-0521580 4102.74 105.23 4.27 0.34 -0.65 0.29 0.74 0.20 0.018 NGC2232
06282460-0525071 4498.1 149.75 4.69 0.29 -0.06 0.11 0.53 0.44 0.018 NGC2232
06282907-0519503 4466 83 4.65 0.13 -0.05 0.06 0.06 0.25 0.018 NGC2232
06283039-0523230 3901.5 71.8 4.75 0.15 -0.06 0.16 -0.14 0.00 0.018 NGC2232
06283284-0517364 4028.25 107.3 4.94 0.37 0.40 0.15 -1.00 0.00 0.018 NGC2232
06283288-0523082 5103 82 3.10 0.33 -0.26 0.12 1.30 0.26 0.018 NGC2232
06283379-0520579 4887 80 4.44 0.21 0.02 0.07 0.84 0.31 0.018 NGC2232
06283563-0528055 5114 95 4.08 0.27 -0.34 0.13 1.42 0.30 0.018 NGC2232
06283662-0520570 3895.85 63.84 4.72 0.11 -0.27 0.12 -0.35 0.00 0.018 NGC2232
06283827-0525006 5016 85 4.72 0.30 -0.25 0.10 1.25 0.26 0.018 NGC2232
06284015-0520256 4923 81 4.69 0.22 0.08 0.08 1.17 0.19 0.018 NGC2232
06284253-0523077 4981 82 4.66 0.27 -0.27 0.11 1.13 0.26 0.018 NGC2232
06284289-0518578 5424 94 3.12 0.75 -0.81 0.27 1.94 0.22 0.018 NGC2232
06284348-0517048 4349.57 113.05 4.52 0.21 -0.15 0.10 0.19 0.00 0.018 NGC2232
06274913-0512421 4949 31 2.67 0.05 -0.27 0.05 -0.63 0.00 0.018 NGC2232
06275202-0518544 4517 31 2.50 0.05 0.07 0.05 -0.46 0.00 0.018 NGC2232
06280698-0517581 4696 31 2.70 0.05 0.14 0.05 -0.21 0.20 0.018 NGC2232
06280769-0525184 4919 31 4.51 0.05 -0.12 0.05 0.23 0.00 0.018 NGC2232
06281663-0523175 5188 30 3.81 0.05 0.09 0.05 1.32 0.05 0.018 NGC2232
06284435-0520121 4245 41 1.37 0.09 -0.44 0.04 -0.15 0.10 0.018 NGC2232
06274064-0520366 4285.2 73.75 2.03 0.16 -0.12 0.08 -0.77 0.35 0.018 NGC2232
06274408-0527465 4790 84 2.85 0.21 -0.10 0.07 0.57 0.28 0.018 NGC2232
06274606-0520522 4779 82 2.63 0.21 -0.23 0.09 0.85 0.19 0.018 NGC2232
06275052-0509332 4798 79 2.64 0.25 -0.15 0.08 0.83 0.20 0.018 NGC2232
06275138-0516416 6000 83 4.18 0.11 0.00 0.07 1.32 0.29 0.018 NGC2232
06275354-0524533 5545 81 4.26 0.14 0.11 0.06 1.57 0.14 0.018 NGC2232
06275506-0515566 4197.95 84.19 4.57 0.15 -0.11 0.09 0.05 0.32 0.018 NGC2232
06275854-0530212 5884 81 4.21 0.10 0.01 0.06 1.62 0.15 0.018 NGC2232
06275981-0525315 5939 84 4.27 0.16 -0.24 0.07 2.87 0.08 0.018 NGC2232
06280295-0527389 4394.96 101.74 2.06 0.25 -0.29 0.10 0.16 0.31 0.018 NGC2232
06280494-0527202 6108 81 4.06 0.11 -0.19 0.06 1.65 0.00 0.018 NGC2232
06280509-0525346 6731 85 4.09 0.10 -0.04 0.06 3.38 0.06 0.018 NGC2232
06280623-0530452 5974 82 4.10 0.18 -0.22 0.09 2.45 0.09 0.018 NGC2232
06281106-0513452 6740 83 4.08 0.10 -0.07 0.05 3.20 0.06 0.018 NGC2232
06281130-0524246 6011 80 4.24 0.12 -0.02 0.06 2.45 0.07 0.018 NGC2232
06281207-0528557 5755 81 4.19 0.10 -0.07 0.07 1.59 0.13 0.018 NGC2232
06281356-0523547 6364 82 4.15 0.14 0.03 0.06 2.18 0.17 0.018 NGC2232
06281382-0517551 4731 81 2.73 0.22 -0.12 0.05 0.89 0.00 0.018 NGC2232
06281444-0512003 4634 81 2.53 0.25 -0.21 0.09 0.65 0.00 0.018 NGC2232
06281681-0514415 6496 97 4.14 0.20 -0.22 0.08 2.36 0.18 0.018 NGC2232
06281916-0516088 5424 80 4.24 0.19 -0.15 0.07 1.07 0.31 0.018 NGC2232
06282032-0531236 4668 83 2.57 0.16 -0.27 0.08 -0.07 0.63 0.018 NGC2232
06282163-0511372 4584 83 2.39 0.20 -0.30 0.08 0.57 0.00 0.018 NGC2232
06282298-0526166 5451 81 4.26 0.19 -0.27 0.08 1.64 0.16 0.018 NGC2232
06282655-0525454 6242 80 4.24 0.17 -0.06 0.09 2.19 0.16 0.018 NGC2232
06282706-0531145 5674 82 4.46 0.15 -0.28 0.08 1.36 0.29 0.018 NGC2232
06282847-0525051 5845 83 4.29 0.12 0.03 0.06 1.41 0.30 0.018 NGC2232
06282849-0524006 5880 81 4.12 0.17 -0.32 0.08 2.07 0.13 0.018 NGC2232
06282935-0514211 6071 81 4.23 0.11 0.19 0.05 1.58 0.00 0.018 NGC2232
06283195-0512175 6603 82 4.19 0.10 -0.04 0.06 3.05 0.06 0.018 NGC2232
06283329-0524004 6374 80 4.13 0.13 -0.25 0.08 2.11 0.13 0.018 NGC2232
06283552-0524245 4582 81 2.40 0.22 -0.25 0.08 -0.12 0.62 0.018 NGC2232
06283592-0520264 6150 80 4.12 0.14 -0.17 0.07 2.65 0.07 0.018 NGC2232
06283791-0528051 6338 82 4.21 0.17 0.09 0.08 2.43 0.13 0.018 NGC2232
06283859-0522041 5875 82 4.36 0.10 0.19 0.06 1.38 0.28 0.018 NGC2232
06283890-0514484 6836 84 4.23 0.11 -0.09 0.06 3.09 0.07 0.018 NGC2232
06284131-0515403 4598 83 2.72 0.13 0.11 0.06 0.80 0.00 0.018 NGC2232
06284487-0515540 6766 83 4.18 0.12 0.03 0.06 2.07 0.00 0.018 NGC2232
06284848-0520301 6073 82 4.22 0.14 -0.03 0.07 2.86 0.07 0.018 NGC2232
06285988-0514048 6198 82 4.11 0.15 0.05 0.07 1.99 0.21 0.018 NGC2232
06275627-0425561 4538.17 94.3 4.66 0.10 0.03 0.06 0.28 0.31 0.018 NGC2232
06275885-0426013 5133 85 3.70 0.28 -0.10 0.09 1.10 0.28 0.018 NGC2232
06280150-0428490 4468 96 4.62 0.10 -0.15 0.08 0.64 0.20 0.018 NGC2232
06280537-0420398 4871 82 4.64 0.17 -0.40 0.09 0.74 0.00 0.018 NGC2232
06280573-0422482 5070 84 3.12 0.23 -0.24 0.09 1.33 0.14 0.018 NGC2232
06280755-0429541 4526 95 4.61 0.10 -0.21 0.09 0.33 0.00 0.018 NGC2232
06281028-0435002 5161 81 3.91 0.21 -0.03 0.07 1.27 0.17 0.018 NGC2232
06281047-0432438 4489 82 4.46 0.14 -0.15 0.06 0.25 0.00 0.018 NGC2232
06281322-0428190 4163.53 87.44 4.75 0.17 -0.04 0.11 0.29 0.00 0.018 NGC2232
06281365-0431513 4441.4 116.63 4.64 0.22 0.15 0.07 0.34 0.00 0.018 NGC2232
06281471-0432536 4112.59 120.78 4.52 0.39 -0.01 0.19 0.15 0.00 0.018 NGC2232
06281580-0423438 4320.04 117.39 4.67 0.10 0.13 0.08 0.38 0.35 0.018 NGC2232
06282226-0425145 5052 82 4.63 0.27 -0.33 0.09 1.35 0.19 0.018 NGC2232
06282411-0428444 5389 98 3.13 0.54 -1.55 0.26 1.89 0.13 0.018 NGC2232
06282415-0425424 4957 82 3.43 0.24 -0.06 0.05 1.09 0.00 0.018 NGC2232
06282653-0427255 4196.99 72.87 4.70 0.11 0.01 0.05 -0.23 0.37 0.018 NGC2232
06283046-0421453 5500 94 4.11 0.59 -0.35 0.17 2.02 0.22 0.018 NGC2232
06283366-0421506 4364 94 4.55 0.12 -0.11 0.08 0.00 0.00 0.018 NGC2232
06283483-0435552 5059 83 3.57 0.36 -0.14 0.10 1.55 0.17 0.018 NGC2232
06283537-0417431 4755 84 4.77 0.20 0.00 0.07 0.92 0.19 0.018 NGC2232
06283829-0430093 3806.62 66.5 4.69 0.22 0.18 0.21 -1.00 0.00 0.018 NGC2232
06284169-0426275 4354.14 130.68 4.23 0.41 -0.03 0.14 0.37 0.00 0.018 NGC2232
06284172-0421172 3854.5 63.38 4.65 0.12 -0.23 0.15 0.53 0.13 0.018 NGC2232
06284237-0416558 4139.79 98.18 4.58 0.20 -0.56 0.20 0.21 0.00 0.018 NGC2232
06284249-0422464 4449 95 4.62 0.10 0.13 0.09 0.46 0.00 0.018 NGC2232
06284716-0426553 4501.89 173.28 4.87 0.61 -0.12 0.18 0.54 0.00 0.018 NGC2232
06285042-0426388 4468.82 111.97 4.71 0.21 0.02 0.08 0.77 0.21 0.018 NGC2232
06285122-0434470 4713 93 3.02 0.94 -0.57 0.26 1.62 0.22 0.018 NGC2232
06285153-0423260 4263.76 80.38 4.74 0.13 0.08 0.06 0.03 0.30 0.018 NGC2232
06285803-0424151 4503 82 4.56 0.17 -0.03 0.07 1.26 0.12 0.018 NGC2232
06290110-0423141 3983.15 96.87 5.17 0.35 0.08 0.21 0.41 0.34 0.018 NGC2232
06290725-0417553 4839 99 2.48 0.55 -0.35 0.15 1.01 0.00 0.018 NGC2232
06290962-0424374 4561.88 167.76 4.46 0.59 -0.25 0.18 0.67 0.00 0.018 NGC2232
06291461-0423391 5279 98 2.84 0.76 -0.39 0.23 1.90 0.00 0.018 NGC2232
06280625-0423254 4563 31 2.37 0.05 -0.01 0.05 1.02 0.04 0.018 NGC2232
06283174-0434117 4852 30 2.61 0.05 -0.16 0.05 1.06 0.04 0.018 NGC2232
06283953-0424474 4560 32 2.33 0.05 -0.04 0.05 -0.27 0.00 0.018 NGC2232
06284491-0430195 4739 30 2.48 0.06 -0.31 0.05 0.08 0.00 0.018 NGC2232
06294069-0435516 5217 81 4.42 0.13 -0.01 0.06 1.22 0.00 0.018 NGC2232
06294518-0442595 4669 85 4.67 0.09 -0.07 0.05 0.23 0.00 0.018 NGC2232
06294817-0439147 4931 82 2.82 0.18 -0.13 0.09 0.68 0.43 0.018 NGC2232
06294987-0437391 6233 80 4.08 0.12 -0.45 0.09 2.71 0.07 0.018 NGC2232
06300024-0436508 6263 84 4.13 0.15 -0.14 0.08 2.68 0.09 0.018 NGC2232
06300109-0444567 5990 81 4.21 0.13 0.05 0.06 2.53 0.08 0.018 NGC2232
06300202-0435151 4642 84 2.61 0.11 -0.01 0.06 2.53 0.14 0.018 NGC2232
06300422-0446351 5732 83 4.12 0.16 -0.44 0.07 2.30 0.09 0.018 NGC2232
06300608-0442263 4626 83 2.64 0.22 -0.28 0.09 1.13 0.14 0.018 NGC2232
06300791-0448390 4703 80 2.55 0.12 -0.25 0.07 0.55 0.15 0.018 NGC2232
06301015-0437191 4910 84 3.06 0.26 -0.27 0.10 1.23 0.17 0.018 NGC2232
06301419-0433039 5869 82 4.27 0.11 0.04 0.06 2.74 0.08 0.018 NGC2232
06301427-0431469 6098 82 4.19 0.12 0.09 0.06 2.23 0.07 0.018 NGC2232
06302147-0429315 6087 83 4.42 0.16 -0.01 0.08 3.28 0.08 0.018 NGC2232
06302346-0453166 4806 82 3.20 0.27 0.06 0.05 0.47 0.25 0.018 NGC2232
06302511-0446151 4635 83 2.64 0.17 -0.12 0.07 0.24 0.31 0.018 NGC2232
06302623-0451441 4580.24 85.68 2.53 0.12 -0.20 0.08 0.65 0.00 0.018 NGC2232
06302674-0437367 6036 83 4.31 0.14 0.14 0.06 2.69 0.08 0.018 NGC2232
06302686-0450367 4573 82 2.57 0.09 -0.16 0.07 -0.35 0.43 0.018 NGC2232
06302727-0438327 6233 82 4.04 0.14 0.10 0.07 2.16 0.14 0.018 NGC2232
06302732-0438139 4550 84.48 2.39 0.21 -0.11 0.07 0.56 0.15 0.018 NGC2232
06302749-0446068 5716 81 4.09 0.16 -0.45 0.07 2.36 0.09 0.018 NGC2232
06303061-0435364 5965 82 4.36 0.14 -0.11 0.08 2.62 0.08 0.018 NGC2232
06303470-0450053 5676 83 4.21 0.13 -0.13 0.07 1.67 0.14 0.018 NGC2232
06303596-0443101 4794 82 2.60 0.30 -0.25 0.11 1.22 0.16 0.018 NGC2232
06304035-0444569 5634 81 4.41 0.13 -0.04 0.06 1.43 0.00 0.018 NGC2232
06304129-0435505 4698 80 2.72 0.13 -0.06 0.05 -0.13 0.60 0.018 NGC2232
06304397-0437462 5268 82 4.32 0.22 -0.40 0.09 1.02 0.41 0.018 NGC2232
06304900-0439493 6793 84 4.18 0.11 -0.15 0.07 2.63 0.10 0.018 NGC2232
06293080-0445094 4160.96 151.36 2.95 0.42 0.36 0.17 0.51 0.31 0.018 NGC2232
06293542-0439133 4407.56 122.44 4.72 0.24 0.11 0.08 0.24 0.62 0.018 NGC2232
06293566-0444455 4579 84 4.70 0.17 -0.09 0.07 0.36 0.25 0.018 NGC2232
06294116-0440492 4008.57 64.78 4.62 0.09 0.02 0.05 -0.37 0.49 0.018 NGC2232
06295340-0431054 4493.97 115.66 4.55 0.21 0.04 0.08 0.46 0.34 0.018 NGC2232
06300560-0438532 4079.6 78.69 4.57 0.14 0.09 0.09 -1.00 0.00 0.018 NGC2232
06300990-0447236 4710 82 2.61 0.23 -0.10 0.06 0.55 0.00 0.018 NGC2232
06301179-0450421 4289.36 89.52 4.76 0.17 0.14 0.07 0.50 0.19 0.018 NGC2232
06301201-0439476 3994.29 71.27 4.79 0.13 0.13 0.08 -0.23 0.53 0.018 NGC2232
06301404-0434595 4419.24 79.2 4.72 0.12 0.02 0.05 -0.17 0.44 0.018 NGC2232
06301534-0429575 4060.42 128.49 4.41 0.43 0.45 0.17 0.65 0.34 0.018 NGC2232
06301846-0438577 4028.2 94 3.85 0.29 0.36 0.13 -1.00 0.00 0.018 NGC2232
06302005-0446533 4588 83 4.66 0.15 0.07 0.06 0.09 0.00 0.018 NGC2232
06302038-0443144 5284 83 4.70 0.36 -0.19 0.13 1.84 0.21 0.018 NGC2232
06302164-0448159 3855.49 66.25 4.72 0.14 -1.09 0.44 -0.10 0.00 0.018 NGC2232
06302489-0431583 4575.52 91 4.72 0.15 0.02 0.06 0.59 0.17 0.018 NGC2232
06302547-0447534 4471 93 4.62 0.10 -0.13 0.09 0.62 0.24 0.018 NGC2232
06302652-0444050 5920 84 4.39 0.21 -0.14 0.10 2.68 0.10 0.018 NGC2232
06302800-0447067 4199.52 71.95 4.85 0.11 0.05 0.04 0.16 0.21 0.018 NGC2232
06303109-0440595 4533 82 4.49 0.28 0.03 0.09 0.26 0.00 0.018 NGC2232
06303137-0434165 3970.01 71.01 4.54 0.13 -0.06 0.12 0.00 0.16 0.018 NGC2232
06303147-0437108 5077 80 3.75 0.25 -0.30 0.08 1.09 0.15 0.018 NGC2232
06303155-0444027 4240.49 166.08 4.79 0.57 -0.17 0.24 0.92 0.27 0.018 NGC2232
06303450-0440304 5940 82 4.25 0.21 0.01 0.10 2.36 0.14 0.018 NGC2232
06303594-0443440 3884.81 70.4 4.75 0.15 -0.34 0.22 0.51 0.16 0.018 NGC2232
06303878-0451119 5355 96 4.03 0.22 0.20 0.09 1.60 0.00 0.018 NGC2232
06304385-0445173 4619 82 4.63 0.13 -0.10 0.06 0.43 0.18 0.018 NGC2232
06304680-0447353 5152 95 4.56 0.10 -0.30 0.10 1.97 0.15 0.018 NGC2232
06305142-0443091 5043 83 3.17 0.32 -0.47 0.11 1.19 0.00 0.018 NGC2232
06305180-0444238 6382 83 4.08 0.21 0.09 0.10 2.94 0.10 0.018 NGC2232
06305265-0440498 4077.24 111.22 4.80 0.39 -0.79 0.39 0.30 0.00 0.018 NGC2232
06305268-0438440 3999.65 98.22 4.55 0.34 -0.14 0.24 0.53 0.00 0.018 NGC2232
06305628-0439239 5263 81 4.56 0.27 -0.09 0.09 1.70 0.18 0.018 NGC2232
06305634-0436408 3832.7 65.57 4.62 0.15 -0.60 0.33 -1.00 0.00 0.018 NGC2232
06300415-0439388 5770 30 4.26 0.05 0.03 0.17 0.87 0.00 0.018 NGC2232
06300989-0437442 5353 54 3.57 0.09 -0.41 0.17 1.70 0.06 0.018 NGC2232
06302094-0431254 5793 31 4.04 0.05 0.12 0.17 2.64 0.03 0.018 NGC2232
06302210-0442091 5015 30 3.19 0.05 -0.12 0.16 0.60 0.00 0.018 NGC2232
