OBJECT TEFF E_TEFF LOGG E_LOGG FEH E_FEH LI1 E_LI1 "AGE (Gyr)" GES_FLD
07370094-3838376 4378.57 78.35 4.79 0.12 -0.02 0.06 -0.39 0.53 0.035 NGC2451
07370699-3839350 4755 81 2.64 0.18 -0.18 0.06 -0.01 0.34 0.035 NGC2451
07370748-3832200 4232.81 71.59 4.81 0.10 -0.07 0.06 -0.17 0.28 0.035 NGC2451
07371315-3831279 4836 83 2.77 0.22 -0.17 0.07 0.62 0.26 0.035 NGC2451
07371524-3833349 4777 83 2.74 0.12 -0.22 0.08 0.13 0.52 0.035 NGC2451
07371652-3840438 4728 82 2.62 0.18 -0.09 0.06 0.38 0.18 0.035 NGC2451
07371735-3845494 4774 85 2.69 0.16 -0.17 0.08 0.89 0.00 0.035 NGC2451
07372527-3832597 3934.45 60.68 4.79 0.07 -0.38 0.04 0.42 0.12 0.035 NGC2451
07372754-3835023 4797 79 2.77 0.15 -0.15 0.07 0.03 0.71 0.035 NGC2451
07372879-3832574 4627 82 2.44 0.20 -0.26 0.07 0.58 0.00 0.035 NGC2451
07373166-3836154 4473.36 78.75 2.61 0.11 0.07 0.06 0.14 0.19 0.035 NGC2451
07373282-3849053 4576 83 2.59 0.23 -0.05 0.10 0.13 0.76 0.035 NGC2451
07373343-3841507 4712 82 2.65 0.12 -0.10 0.06 0.87 0.00 0.035 NGC2451
07374709-3826089 4379.14 73.59 4.78 0.09 0.03 0.05 -0.38 0.44 0.035 NGC2451
07374771-3835171 3813.49 58.1 4.79 0.08 -0.05 0.07 -0.25 0.28 0.035 NGC2451
07375150-3838234 4103.29 65.6 4.56 0.08 0.20 0.02 -1.00 0.00 0.035 NGC2451
07380297-3838157 4277.38 70.86 4.72 0.09 0.12 0.05 -0.22 0.00 0.035 NGC2451
07381460-3846037 4679 83 2.51 0.21 -0.31 0.08 0.98 0.14 0.035 NGC2451
07381506-3834334 4493 84 2.29 0.15 -0.22 0.07 0.74 0.14 0.035 NGC2451
07381660-3847181 4777 80 2.69 0.19 -0.20 0.07 0.86 0.17 0.035 NGC2451
07381734-3840111 4697 83 2.58 0.15 -0.27 0.08 1.20 0.13 0.035 NGC2451
07381938-3835077 4614 82 2.42 0.19 -0.32 0.08 0.38 0.16 0.035 NGC2451
07382256-3828391 4633 83 2.60 0.11 -0.11 0.06 -0.56 0.52 0.035 NGC2451
07382880-3840344 4591 79 2.45 0.20 -0.30 0.08 0.35 0.00 0.035 NGC2451
07383377-3831065 3927.59 61.73 4.71 0.09 -0.14 0.06 0.06 0.18 0.035 NGC2451
07383609-3841124 4532 83 2.56 0.13 -0.19 0.07 -0.73 0.44 0.035 NGC2451
07371492-3839194 5966 36 4.03 0.05 -0.19 0.05 2.36 0.04 0.035 NGC2451
07372474-3844072 5008 36 2.69 0.05 -0.11 0.05 0.15 0.00 0.035 NGC2451
07385094-3741136 4611 81 2.39 0.17 -0.21 0.07 -0.04 0.35 0.035 NGC2451
07390813-3740193 4105.56 68.31 4.67 0.10 0.08 0.04 -0.25 0.34 0.035 NGC2451
07391476-3748459 4817 81 2.67 0.11 -0.13 0.06 0.76 0.00 0.035 NGC2451
07391623-3735349 4656 82 2.48 0.16 -0.22 0.07 0.20 0.20 0.035 NGC2451
07393567-3733327 4769 83 2.73 0.12 -0.17 0.05 -0.28 0.58 0.035 NGC2451
07394392-3744056 4531.61 78.27 2.64 0.10 0.04 0.05 0.01 0.22 0.035 NGC2451
07395131-3743160 4462.47 75.25 2.57 0.09 0.15 0.05 0.25 0.16 0.035 NGC2451
07401148-3732225 4907 82 2.82 0.16 -0.16 0.07 1.51 0.12 0.035 NGC2451
07402127-3737351 4769 83 2.72 0.12 -0.15 0.05 0.43 0.21 0.035 NGC2451
07403148-3741028 4231.67 81.53 4.49 0.14 0.02 0.07 0.28 0.20 0.035 NGC2451
07391084-3739216 5327 36 4.47 0.05 0.07 0.05 2.64 0.04 0.035 NGC2451
07392014-3736599 6306 39 4.14 0.07 0.31 0.05 1.71 0.06 0.035 NGC2451
07392096-3742247 5602 35 4.35 0.05 -0.10 0.05 2.89 0.04 0.035 NGC2451
07394770-3743365 6268 37 4.22 0.05 0.09 0.05 2.91 0.03 0.035 NGC2451
07394512-3718189 4736 82 2.70 0.17 -0.13 0.09 1.47 0.13 0.035 NGC2451
07400739-3718003 5002 79 3.61 0.27 -0.34 0.09 1.25 0.12 0.035 NGC2451
07400901-3719596 4623 83 2.71 0.13 -0.01 0.06 0.79 0.00 0.035 NGC2451
07401483-3727350 4933 82 2.96 0.28 -0.37 0.11 0.94 0.26 0.035 NGC2451
07401627-3709304 3847.71 59.84 4.72 0.09 0.07 0.07 0.30 0.16 0.035 NGC2451
07402142-3725461 4580.16 82.95 2.33 0.16 -0.18 0.08 0.21 0.20 0.035 NGC2451
07402928-3718034 5017 83 3.53 0.28 -0.29 0.09 1.02 0.21 0.035 NGC2451
07403290-3717052 4793 82 2.89 0.14 -0.09 0.06 0.88 0.00 0.035 NGC2451
07403319-3716253 4478 83 2.34 0.17 -0.08 0.08 0.29 0.20 0.035 NGC2451
07404341-3717587 4779 83 2.78 0.25 -0.33 0.09 1.27 0.13 0.035 NGC2451
07404373-3712259 4215.13 68.8 4.74 0.08 0.05 0.05 -0.26 0.36 0.035 NGC2451
07404863-3724396 4658 84 2.54 0.15 -0.25 0.08 0.95 0.14 0.035 NGC2451
07405066-3715288 4641 82 2.60 0.15 -0.27 0.08 0.50 0.15 0.035 NGC2451
07410641-3721061 4818 82 2.73 0.17 -0.07 0.07 1.01 0.00 0.035 NGC2451
07411348-3728314 4656 85 2.64 0.11 -0.06 0.05 0.26 0.22 0.035 NGC2451
07413068-3716047 4899 81 3.05 0.25 -0.02 0.05 1.07 0.00 0.035 NGC2451
07400185-3717353 5765 35 4.45 0.05 -0.02 0.05 3.27 0.04 0.035 NGC2451
07404978-3719309 5114 40 4.39 0.06 -0.13 0.11 2.92 0.05 0.035 NGC2451
07405202-3722025 6446 38 3.90 0.05 -0.13 0.05 3.13 0.03 0.035 NGC2451
07410816-3715319 4963 36 3.90 0.05 0.01 0.05 0.39 0.12 0.035 NGC2451
07411761-3722089 6238 38 3.76 0.05 -0.15 0.05 2.73 0.03 0.035 NGC2451
07420937-3806380 3877.22 61.04 4.73 0.09 -0.30 0.09 0.30 0.14 0.035 NGC2451
07422057-3803004 4031.7 64.6 4.68 0.09 0.03 0.04 -0.62 0.51 0.035 NGC2451
07422870-3802594 4044.98 65.1 4.69 0.09 0.06 0.04 -0.08 0.25 0.035 NGC2451
07423566-3800599 4404.17 73.66 4.74 0.09 0.07 0.05 0.13 0.00 0.035 NGC2451
07424241-3801456 4521.43 85.09 4.54 0.13 -0.08 0.06 -0.09 0.63 0.035 NGC2451
07424477-3758240 4618 83 2.75 0.11 0.02 0.05 -0.51 0.49 0.035 NGC2451
07424513-3758028 5059 81 3.56 0.30 -0.52 0.08 0.84 0.00 0.035 NGC2451
07424656-3753385 4834 82 3.01 0.22 -0.01 0.06 0.50 0.52 0.035 NGC2451
07424809-3758047 4978 82 3.28 0.26 -0.38 0.10 0.84 0.00 0.035 NGC2451
07425690-3808544 4610 81 2.60 0.21 -0.26 0.09 0.16 0.54 0.035 NGC2451
07430133-3806263 4609 81 2.36 0.21 -0.36 0.08 0.11 0.26 0.035 NGC2451
07430270-3803157 3940.4 62.97 4.73 0.09 -0.03 0.06 0.02 0.22 0.035 NGC2451
07431512-3807248 4709 83 2.81 0.26 -0.33 0.09 0.35 0.00 0.035 NGC2451
07431783-3800543 4691 82 2.62 0.19 -0.20 0.09 0.55 0.24 0.035 NGC2451
07431847-3808209 4518.71 93.26 2.52 0.15 -0.11 0.09 0.63 0.00 0.035 NGC2451
07432406-3801003 4813 81 2.76 0.24 -0.28 0.09 0.45 0.34 0.035 NGC2451
07434426-3810217 4638 82 2.50 0.30 -0.40 0.09 0.69 0.21 0.035 NGC2451
07434702-3809009 4745 82 2.75 0.16 -0.12 0.08 0.51 0.32 0.035 NGC2451
07422175-3805322 5239 38 4.43 0.05 0.49 0.04 -0.25 0.00 0.035 NGC2451
07424464-3806142 6460 36 4.11 0.05 -0.07 0.04 3.32 0.03 0.035 NGC2451
07425263-3803269 6291 38 4.11 0.05 0.06 0.05 2.75 0.03 0.035 NGC2451
07430445-3804555 5761 35 4.31 0.05 0.30 0.05 1.11 0.00 0.035 NGC2451
07421362-3833589 5059 82 3.73 0.27 0.06 0.07 1.33 0.17 0.035 NGC2451
07422291-3830043 4914 83 3.16 0.24 -0.35 0.10 0.46 0.90 0.035 NGC2451
07424255-3831130 5021 80 3.17 0.16 -0.02 0.05 1.24 0.12 0.035 NGC2451
07424840-3840489 5202 87 3.62 0.29 -0.05 0.09 1.46 0.20 0.035 NGC2451
07425226-3829462 4072.24 70.76 4.60 0.11 0.05 0.06 -0.38 0.56 0.035 NGC2451
07425630-3827454 4932 82 2.84 0.24 -0.21 0.09 0.88 0.00 0.035 NGC2451
07430263-3827030 4905 82 2.87 0.28 -0.26 0.10 0.82 0.00 0.035 NGC2451
07430505-3824381 4710 84 2.66 0.14 -0.06 0.07 0.12 0.72 0.035 NGC2451
07430581-3823429 4725 82 2.72 0.15 -0.10 0.09 0.06 0.72 0.035 NGC2451
07432578-3829561 4882 82 3.20 0.32 -0.24 0.10 1.56 0.14 0.035 NGC2451
07432984-3834056 4857 80 2.69 0.19 -0.13 0.08 0.75 0.25 0.035 NGC2451
07433111-3833424 4719 80 2.63 0.33 -0.34 0.10 0.75 0.21 0.035 NGC2451
07433234-3842307 4594 82 2.60 0.19 -0.14 0.09 -0.19 0.60 0.035 NGC2451
07433429-3825083 4570.79 80.47 2.55 0.11 -0.02 0.06 -0.09 0.34 0.035 NGC2451
07433482-3838427 4990 84 3.28 0.27 -0.17 0.08 1.27 0.16 0.035 NGC2451
07434370-3845474 4847 81 2.75 0.17 -0.03 0.07 0.94 0.00 0.035 NGC2451
07434788-3830570 4597 82 2.72 0.12 0.03 0.05 -0.54 0.50 0.035 NGC2451
07434932-3834599 4923 86 2.79 0.23 -0.24 0.09 0.76 0.24 0.035 NGC2451
07435386-3839276 4610 83 2.58 0.19 -0.15 0.09 0.75 0.19 0.035 NGC2451
07435686-3842549 4064.22 69.99 4.77 0.11 -0.08 0.07 0.17 0.17 0.035 NGC2451
07435894-3835456 4580.99 89.98 2.46 0.17 -0.18 0.08 0.59 0.17 0.035 NGC2451
07441084-3834431 5092 79 3.03 0.22 -0.13 0.08 1.10 0.23 0.035 NGC2451
07441458-3835148 3993.77 68.29 4.75 0.12 -0.21 0.09 0.35 0.16 0.035 NGC2451
07424713-3829535 4975 36 3.25 0.05 -0.15 0.05 0.42 0.10 0.035 NGC2451
07425133-3840380 6094 37 4.06 0.05 0.04 0.05 1.14 0.00 0.035 NGC2451
07430754-3841144 5660 35 4.03 0.05 0.04 0.06 0.22 0.00 0.035 NGC2451
07434022-3839285 5771 36 4.37 0.05 -0.05 0.05 2.01 0.03 0.035 NGC2451
07434119-3836348 5819 36 4.35 0.05 -0.16 0.05 2.05 0.03 0.035 NGC2451
07365560-3845210 4496.39 87.07 2.50 0.14 0.10 0.06 0.33 0.21 0.035 NGC2451
07365890-3841036 4521.24 83.03 2.20 0.16 -0.30 0.08 0.01 0.27 0.035 NGC2451
07365899-3841500 4588 81 4.62 0.33 -0.09 0.10 0.72 0.25 0.035 NGC2451
07370536-3846508 4728 81 2.69 0.18 -0.14 0.08 1.16 0.14 0.035 NGC2451
07370656-3838206 4952 82 4.38 0.14 -0.37 0.07 0.29 0.69 0.035 NGC2451
07370748-3847583 4528.55 85.16 2.46 0.15 -0.06 0.08 0.11 0.28 0.035 NGC2451
07371008-3846180 5276 83 3.94 0.17 -0.07 0.07 1.62 0.10 0.035 NGC2451
07371583-3844213 4566 83 2.36 0.20 -0.34 0.09 0.34 0.20 0.035 NGC2451
07371983-3850113 4807 83 4.64 0.09 0.02 0.04 0.66 0.00 0.035 NGC2451
07372128-3842499 4585 80 2.54 0.17 -0.05 0.06 0.60 0.00 0.035 NGC2451
07372174-3837157 6107 81 4.33 0.10 0.17 0.06 2.76 0.07 0.035 NGC2451
07372304-3836117 4655 81 2.75 0.13 -0.05 0.06 0.35 0.24 0.035 NGC2451
07372428-3838226 4705 81 2.59 0.15 -0.19 0.07 0.28 0.25 0.035 NGC2451
07374692-3833209 4664 83 2.50 0.21 -0.30 0.08 0.37 0.20 0.035 NGC2451
07375005-3836495 4449.61 74.48 4.63 0.10 0.08 0.05 1.75 0.09 0.035 NGC2451
07375577-3846154 4584.04 80.9 2.52 0.10 -0.14 0.07 -0.14 0.37 0.035 NGC2451
07375705-3846096 5451 82 4.31 0.12 -0.11 0.07 1.90 0.09 0.035 NGC2451
07380043-3838553 4703 80 2.59 0.13 -0.11 0.06 0.50 0.00 0.035 NGC2451
07380352-3842386 4556 81 2.56 0.13 0.02 0.07 0.21 0.24 0.035 NGC2451
07381800-3834572 4730 81 2.66 0.12 -0.05 0.05 -0.13 0.64 0.035 NGC2451
07382656-3833477 4861 81 2.78 0.16 -0.05 0.06 0.89 0.00 0.035 NGC2451
07383736-3842303 4596 82 2.41 0.20 -0.21 0.08 0.66 0.00 0.035 NGC2451
07384304-3849307 6458 84 4.05 0.09 -0.05 0.05 3.22 0.06 0.035 NGC2451
07385704-3839471 4574.14 97.1 2.44 0.21 -0.14 0.10 -0.19 0.63 0.035 NGC2451
07371406-3843587 6767 38 3.89 0.06 -0.12 0.06 2.16 0.08 0.035 NGC2451
07373014-3849083 5767 36 4.35 0.05 0.00 0.05 1.69 0.05 0.035 NGC2451
07384318-3844205 6356 39 3.88 0.05 -0.32 0.05 1.81 0.07 0.035 NGC2451
07434938-3759497 4701 83 2.66 0.16 -0.13 0.08 0.82 0.00 0.035 NGC2451
07435989-3740524 4615 83 2.81 0.14 -0.12 0.08 0.20 0.29 0.035 NGC2451
07440013-3748035 3813.54 61.74 4.60 0.13 0.11 0.16 -1.00 0.00 0.035 NGC2451
07440307-3754375 4738 81 2.57 0.18 -0.17 0.07 0.63 0.00 0.035 NGC2451
07440508-3800132 4854 83 2.70 0.18 -0.28 0.09 0.79 0.22 0.035 NGC2451
07440596-3740557 4582.36 82.31 2.57 0.11 -0.04 0.06 0.35 0.16 0.035 NGC2451
07440961-3746256 4391.45 85.55 2.54 0.15 0.09 0.06 0.32 0.00 0.035 NGC2451
07441496-3757248 4826 82 2.79 0.16 -0.11 0.07 0.97 0.00 0.035 NGC2451
07441767-3750113 4885 81 2.74 0.19 -0.15 0.08 1.04 0.00 0.035 NGC2451
07442546-3758316 4598 81 2.42 0.27 -0.34 0.10 0.33 0.00 0.035 NGC2451
07443137-3743241 4009.65 66.5 4.70 0.10 -0.18 0.07 0.25 0.15 0.035 NGC2451
07443840-3755183 4905 82 2.69 0.17 -0.15 0.07 0.65 0.00 0.035 NGC2451
07444591-3749288 4512.95 85.97 2.67 0.14 0.03 0.07 0.12 0.30 0.035 NGC2451
07445236-3759464 4094.18 67.4 4.57 0.09 -0.01 0.04 0.37 0.12 0.035 NGC2451
07440992-3754528 5591 40 4.30 0.07 -0.18 0.08 3.18 0.04 0.035 NGC2451
07442926-3746443 5874 50 4.50 0.08 -0.02 0.11 3.36 0.05 0.035 NGC2451
07445092-3751337 5287 35 4.46 0.05 0.16 0.05 0.93 0.08 0.035 NGC2451
07434920-3817588 4685 82 2.60 0.16 -0.24 0.08 -0.10 0.63 0.035 NGC2451
07434981-3811306 4833 80 3.00 0.28 -0.28 0.10 0.69 0.32 0.035 NGC2451
07435675-3822371 4993 82 3.21 0.28 -0.20 0.09 0.93 0.26 0.035 NGC2451
07440584-3818514 4738 84 2.66 0.18 -0.14 0.08 0.60 0.23 0.035 NGC2451
07441007-3815528 4864 82 2.93 0.25 -0.03 0.07 0.67 0.28 0.035 NGC2451
07441803-3824082 4661 84 2.72 0.21 -0.27 0.08 0.69 0.16 0.035 NGC2451
07442735-3818347 4706 80 2.66 0.16 -0.15 0.07 0.62 0.00 0.035 NGC2451
07445178-3810016 3915.14 62.25 4.78 0.09 -0.18 0.08 0.23 0.14 0.035 NGC2451
07445465-3807516 3994.71 63.12 4.73 0.08 0.10 0.03 -0.04 0.26 0.035 NGC2451
07435554-3811116 5870 35 4.48 0.05 0.00 0.05 3.13 0.03 0.035 NGC2451
07440859-3816520 5805 37 4.29 0.05 0.36 0.05 2.17 0.03 0.035 NGC2451
07443216-3821291 6391 38 3.89 0.05 -0.10 0.05 1.28 0.00 0.035 NGC2451
07450311-3723355 4836 79 2.68 0.22 -0.25 0.09 1.15 0.14 0.035 NGC2451
07452663-3724459 4570 82 2.57 0.10 -0.04 0.05 -0.03 0.26 0.035 NGC2451
07452834-3728370 4070.12 66.55 4.66 0.09 0.15 0.04 -0.53 0.57 0.035 NGC2451
07453041-3722599 4529.06 79.05 4.61 0.11 0.03 0.05 0.35 0.00 0.035 NGC2451
07453252-3723253 4557 82 4.49 0.10 0.03 0.05 0.04 0.24 0.035 NGC2451
07455074-3713013 4833 80 2.72 0.15 -0.11 0.07 0.85 0.00 0.035 NGC2451
07455612-3720454 4779 85 2.66 0.14 -0.19 0.08 0.71 0.19 0.035 NGC2451
07455620-3725134 4552.73 82.08 2.69 0.11 0.15 0.05 0.32 0.18 0.035 NGC2451
07455686-3728362 4598 82 2.53 0.21 -0.29 0.08 0.15 0.25 0.035 NGC2451
07455887-3722033 4730 80 2.60 0.13 -0.23 0.08 0.74 0.00 0.035 NGC2451
07460530-3725502 4659 82 2.61 0.19 -0.23 0.08 0.43 0.25 0.035 NGC2451
07460618-3723392 4622 83 2.58 0.14 -0.13 0.07 0.14 0.25 0.035 NGC2451
07461486-3723108 3835.13 60.88 4.56 0.11 -0.24 0.14 -0.08 0.27 0.035 NGC2451
07462051-3713582 4155.16 69.07 4.76 0.10 -0.10 0.04 0.14 0.18 0.035 NGC2451
07462456-3723195 4744 80 2.68 0.17 -0.12 0.08 0.80 0.17 0.035 NGC2451
07463621-3727188 5039 79 3.03 0.24 0.05 0.07 0.72 1.04 0.035 NGC2451
07452008-3718296 6236 37 4.05 0.05 0.01 0.05 1.87 0.05 0.035 NGC2451
07452252-3725012 6380 35 4.22 0.05 0.11 0.04 0.92 0.00 0.035 NGC2451
07445607-3749354 4589 83 2.48 0.22 -0.25 0.08 0.19 0.29 0.035 NGC2451
07451977-3740008 4575.17 82.57 2.54 0.12 -0.04 0.06 0.58 0.14 0.035 NGC2451
07453120-3738449 4704 81 2.60 0.20 -0.12 0.08 1.39 0.14 0.035 NGC2451
07454887-3743423 4743 81 2.65 0.20 -0.11 0.07 0.82 0.00 0.035 NGC2451
07455297-3751416 5057 83 3.32 0.26 -0.11 0.08 1.51 0.13 0.035 NGC2451
07461614-3737064 4957 82 3.45 0.24 -0.07 0.06 0.74 0.25 0.035 NGC2451
07461961-3747567 5200 83 3.36 0.30 -0.15 0.09 1.11 0.37 0.035 NGC2451
07462095-3741002 4508.39 84.3 2.57 0.13 -0.10 0.08 0.56 0.00 0.035 NGC2451
07462994-3742421 4578.96 90.51 2.43 0.22 -0.46 0.09 0.68 0.14 0.035 NGC2451
07463030-3745019 4564 83 2.55 0.15 -0.02 0.06 0.19 0.28 0.035 NGC2451
07463073-3741354 4770 80 2.95 0.15 -0.05 0.06 0.85 0.00 0.035 NGC2451
07464147-3750461 3917 62.34 4.57 0.09 -0.61 0.11 -0.04 0.22 0.035 NGC2451
07453855-3746418 5748 39 4.42 0.05 -0.10 0.06 3.23 0.04 0.035 NGC2451
07454219-3744382 6583 42 4.05 0.07 -0.05 0.06 3.44 0.03 0.035 NGC2451
07454586-3753499 5646 37 4.38 0.05 -0.10 0.05 3.02 0.04 0.035 NGC2451
07460070-3740155 6612 49 3.78 0.07 -0.17 0.06 1.24 0.00 0.035 NGC2451
07460194-3744541 6545 41 3.70 0.07 -0.09 0.06 1.58 0.00 0.035 NGC2451
07451149-3811420 4745 83 2.63 0.24 -0.13 0.07 0.91 0.00 0.035 NGC2451
07452441-3801305 5085 82 3.21 0.26 -0.23 0.09 1.33 0.13 0.035 NGC2451
07452780-3813113 4578 84 2.52 0.18 -0.24 0.09 0.47 0.19 0.035 NGC2451
07453285-3809483 4930 83 3.26 0.23 -0.07 0.06 0.89 0.22 0.035 NGC2451
07453699-3812446 4861 83 2.71 0.23 -0.19 0.08 0.85 0.19 0.035 NGC2451
07455767-3803322 4655 82 2.65 0.25 -0.26 0.09 0.47 0.25 0.035 NGC2451
07460450-3816319 4117.14 67.42 4.72 0.09 -0.01 0.04 -0.91 0.44 0.035 NGC2451
07461241-3757538 4753 81 2.65 0.13 -0.10 0.06 0.70 0.17 0.035 NGC2451
07461997-3804201 4758 81 2.95 0.27 0.02 0.06 0.78 0.00 0.035 NGC2451
07462432-3807247 4972 81 3.41 0.21 -0.02 0.05 0.99 0.00 0.035 NGC2451
07463106-3804184 5014 81 3.25 0.29 -0.06 0.07 1.47 0.15 0.035 NGC2451
07450374-3806107 5880 55 4.42 0.09 0.07 0.11 3.26 0.05 0.035 NGC2451
07462365-3805219 6465 61 3.90 0.09 0.08 0.11 1.10 0.00 0.035 NGC2451
07462485-3801106 4977 36 4.49 0.06 0.02 0.05 1.30 0.05 0.035 NGC2451
07454688-3858461 4670 78 2.64 0.14 0.05 0.06 0.00 0.69 0.035 NGC2451
07455109-3902045 5583 80 3.57 0.26 0.05 0.09 1.95 0.15 0.035 NGC2451
07455575-3858272 4388.74 85.34 4.73 0.14 0.06 0.06 0.33 0.20 0.035 NGC2451
07455685-3902003 5240 84 3.22 0.20 0.00 0.07 1.42 0.00 0.035 NGC2451
07455730-3853500 4740 81 2.69 0.15 -0.05 0.05 1.85 0.12 0.035 NGC2451
07460406-3900499 4552 83 2.45 0.13 -0.15 0.07 0.63 0.00 0.035 NGC2451
07460459-3906150 3818.07 59.53 4.69 0.10 -0.32 0.14 -0.14 0.27 0.035 NGC2451
07461175-3853229 4534.15 81.8 4.59 0.11 -0.08 0.06 -0.01 0.37 0.035 NGC2451
07461273-3850485 4135.2 71.01 4.70 0.11 0.04 0.05 -1.00 0.00 0.035 NGC2451
07462811-3903111 4633 82 2.59 0.21 -0.25 0.08 0.54 0.00 0.035 NGC2451
07463373-3900439 5158 82 3.68 0.29 -0.27 0.09 0.72 0.00 0.035 NGC2451
07463406-3901043 4978 84 3.57 0.32 -0.45 0.09 1.27 0.14 0.035 NGC2451
07463767-3853410 4847 83 2.78 0.24 -0.07 0.07 1.31 0.13 0.035 NGC2451
07464822-3859211 4735 82 2.88 0.13 -0.07 0.06 0.33 0.26 0.035 NGC2451
07465168-3853354 3905.19 60.29 4.73 0.08 0.09 0.04 -0.32 0.37 0.035 NGC2451
07470102-3900536 4689 81 2.70 0.28 -0.23 0.08 0.78 0.17 0.035 NGC2451
07470582-3903169 4650 84 2.64 0.16 -0.19 0.07 0.41 0.20 0.035 NGC2451
07470946-3905306 4727 83 2.64 0.17 -0.14 0.08 0.88 0.16 0.035 NGC2451
07472308-3859204 4688 81 2.59 0.14 -0.21 0.06 -0.39 0.53 0.035 NGC2451
07472830-3905437 4618 83 2.58 0.11 -0.15 0.07 0.61 0.00 0.035 NGC2451
07473538-3904355 4604 82 2.40 0.24 -0.43 0.08 0.47 0.19 0.035 NGC2451
07473843-3856513 4695 81 2.70 0.11 -0.03 0.07 -0.53 0.56 0.035 NGC2451
07474819-3903041 4613 82 2.82 0.15 -0.10 0.08 0.29 0.26 0.035 NGC2451
07475144-3858158 5330 83 3.44 0.44 -0.38 0.14 1.35 0.00 0.035 NGC2451
07462405-3900464 6128 37 3.97 0.05 0.06 0.05 0.85 0.00 0.035 NGC2451
07464064-3858460 6192 38 4.04 0.05 0.08 0.05 1.33 0.00 0.035 NGC2451
07464549-3907535 4898 35 4.47 0.05 0.40 0.05 0.38 0.09 0.035 NGC2451
07471043-3902494 4908 71 3.15 0.07 -0.46 0.05 0.21 0.00 0.035 NGC2451
07464611-3735453 4789 83 2.98 0.18 -0.10 0.05 0.89 0.00 0.035 NGC2451
07464778-3737076 3909.34 63.76 4.74 0.11 -0.08 0.10 0.09 0.22 0.035 NGC2451
07465781-3732249 4614 82 2.59 0.10 -0.03 0.06 -0.08 0.33 0.035 NGC2451
07470262-3748450 4795 84 2.76 0.23 -0.22 0.09 0.39 0.51 0.035 NGC2451
07471204-3736579 4692 82 2.60 0.17 -0.18 0.08 0.82 0.16 0.035 NGC2451
07471216-3746497 4750 84 2.88 0.10 -0.01 0.05 0.41 0.19 0.035 NGC2451
07472336-3737581 4173.5 73.61 4.78 0.12 -0.08 0.06 0.02 0.28 0.035 NGC2451
07472594-3750266 4724 84 2.60 0.16 -0.15 0.07 0.84 0.16 0.035 NGC2451
07472651-3748599 4736 80 2.72 0.11 -0.05 0.05 0.81 0.00 0.035 NGC2451
07472652-3732354 4797 83 2.75 0.11 -0.06 0.05 -0.24 0.60 0.035 NGC2451
07473076-3751193 4735 84 2.65 0.18 -0.13 0.07 0.77 0.00 0.035 NGC2451
07473132-3740029 4676 80 2.44 0.28 -0.26 0.10 0.59 0.27 0.035 NGC2451
07473612-3739223 4727 81 2.72 0.19 -0.25 0.09 0.51 0.33 0.035 NGC2451
07473961-3746294 4862 84 2.78 0.17 -0.05 0.07 0.92 0.19 0.035 NGC2451
07474339-3746008 4884 83 3.41 0.22 -0.07 0.05 0.51 0.24 0.035 NGC2451
07474464-3744530 3830.9 58.78 4.56 0.09 0.35 0.06 -1.00 0.00 0.035 NGC2451
07474684-3730274 3935.26 62.32 4.72 0.09 -0.23 0.07 -0.07 0.26 0.035 NGC2451
07474934-3742152 4850 81 2.77 0.12 -0.07 0.06 0.97 0.00 0.035 NGC2451
07475400-3739525 4972 83 3.64 0.34 -0.51 0.09 0.58 0.95 0.035 NGC2451
07464553-3749339 5843 36 4.05 0.05 -0.34 0.05 2.15 0.04 0.035 NGC2451
07471709-3740422 5690 35 4.36 0.05 -0.18 0.05 1.05 0.00 0.035 NGC2451
07471789-3739517 4501 34 2.60 0.05 0.21 0.05 -0.11 0.00 0.035 NGC2451
07472153-3747373 5646 36 3.99 0.05 0.08 0.05 0.65 0.00 0.035 NGC2451
07464926-3728311 5012 83 2.97 0.25 -0.31 0.10 0.71 0.57 0.035 NGC2451
07464963-3720407 4770 82 2.84 0.12 -0.02 0.05 0.55 0.17 0.035 NGC2451
07465263-3719371 4694 80 2.56 0.19 -0.27 0.09 0.55 0.22 0.035 NGC2451
07465666-3728540 4769 82 2.81 0.17 -0.15 0.07 0.58 0.26 0.035 NGC2451
07471017-3724293 3937.47 85.29 4.86 0.29 -0.31 0.25 -0.09 0.00 0.035 NGC2451
07471802-3715392 4673 81 2.63 0.19 -0.12 0.09 0.46 0.29 0.035 NGC2451
07472001-3720377 3929.2 60.96 4.58 0.08 0.09 0.04 0.08 0.19 0.035 NGC2451
07472390-3712373 4649 80 2.48 0.21 -0.22 0.07 0.68 0.00 0.035 NGC2451
07472469-3715219 4134.11 72.55 4.75 0.12 0.02 0.06 0.27 0.18 0.035 NGC2451
07472926-3715177 4776 81 2.71 0.18 -0.08 0.07 0.62 0.00 0.035 NGC2451
07474676-3732021 4898 84 2.91 0.23 -0.33 0.10 0.87 0.23 0.035 NGC2451
07475230-3720397 4567 81 2.77 0.11 0.07 0.05 0.11 0.23 0.035 NGC2451
07480106-3721191 4028.1 63.64 4.55 0.08 -0.04 0.04 -1.00 0.00 0.035 NGC2451
07483376-3723296 5164 81 2.89 0.32 -0.33 0.12 1.28 0.00 0.035 NGC2451
07471095-3715160 6212 37 3.97 0.05 -0.09 0.05 0.52 0.00 0.035 NGC2451
07474813-3809411 4594 82 2.61 0.19 -0.13 0.08 0.28 0.32 0.035 NGC2451
07474826-3805337 4902 82 2.85 0.26 -0.25 0.09 0.48 0.68 0.035 NGC2451
07475056-3806304 4309.37 73.11 4.58 0.10 0.03 0.05 -0.11 0.24 0.035 NGC2451
07480191-3811047 4647 83 2.85 0.14 -0.06 0.07 0.72 0.00 0.035 NGC2451
07480448-3757566 5136 80 3.04 0.25 -0.23 0.10 1.58 0.14 0.035 NGC2451
07480860-3805086 4918 82 2.86 0.18 0.00 0.06 0.97 0.00 0.035 NGC2451
07481712-3756318 4480.57 82.64 2.51 0.12 0.12 0.06 0.30 0.19 0.035 NGC2451
07482822-3800086 4625 83 4.77 0.21 -0.01 0.07 0.26 0.34 0.035 NGC2451
07482995-3801318 4972 84 2.94 0.26 -0.24 0.09 0.45 0.91 0.035 NGC2451
07484358-3755383 3826.61 58.86 4.58 0.09 -0.37 0.11 0.11 0.16 0.035 NGC2451
07484443-3756201 4789 82 2.80 0.13 -0.03 0.06 0.21 0.53 0.035 NGC2451
07484591-3806166 4713 81 2.74 0.35 -0.26 0.11 1.18 0.17 0.035 NGC2451
07484692-3814500 4739 83 2.65 0.16 -0.15 0.07 0.66 0.00 0.035 NGC2451
07485481-3811171 4264.68 78.34 4.69 0.12 0.08 0.06 0.03 0.00 0.035 NGC2451
07485958-3810546 3812.78 57.47 4.71 0.07 -0.47 0.06 0.25 0.12 0.035 NGC2451
07490628-3813167 4954 81 2.91 0.17 -0.05 0.06 1.10 0.00 0.035 NGC2451
07490947-3807143 4744 83 2.72 0.19 -0.18 0.08 0.82 0.00 0.035 NGC2451
07490956-3806012 4093.03 71.3 4.62 0.12 -0.20 0.07 0.23 0.16 0.035 NGC2451
07491961-3802229 5182 83 3.06 0.26 -0.04 0.08 1.24 0.30 0.035 NGC2451
07492803-3758050 4124.1 74.4 4.55 0.12 0.13 0.06 -1.00 0.00 0.035 NGC2451
07493232-3803221 4300.53 84.57 4.63 0.15 0.13 0.06 0.05 0.00 0.035 NGC2451
07493955-3812277 4621 82 2.61 0.31 -0.11 0.09 0.75 0.19 0.035 NGC2451
07483292-3801338 6151 36 4.11 0.05 -0.02 0.05 2.70 0.03 0.035 NGC2451
07483589-3810276 5415 73 3.09 0.08 -0.21 0.05 0.52 0.00 0.035 NGC2451
07485034-3807068 6655 62 3.92 0.09 -0.03 0.11 1.09 0.00 0.035 NGC2451
07490017-3810109 5206 34 4.41 0.05 0.46 0.05 0.04 0.00 0.035 NGC2451
07492008-3759453 5123 35 3.43 0.05 -0.21 0.05 1.09 0.05 0.035 NGC2451
07384988-3737119 4533.43 78.11 2.66 0.10 0.04 0.06 0.72 0.00 0.035 NGC2451
07385022-3734526 4799 85 2.75 0.12 -0.06 0.06 0.89 0.00 0.035 NGC2451
07385292-3740189 4443.06 73.97 4.55 0.08 0.03 0.04 -0.42 0.48 0.035 NGC2451
07385601-3745415 4579.35 81.19 4.60 0.11 0.01 0.05 0.23 0.19 0.035 NGC2451
07385994-3742511 4481.03 76.62 2.49 0.10 0.12 0.05 -0.04 0.23 0.035 NGC2451
07390879-3746434 4717 83 2.78 0.12 -0.02 0.05 0.90 0.00 0.035 NGC2451
07391308-3743244 4656 83 2.59 0.15 -0.18 0.08 -0.22 0.59 0.035 NGC2451
07391413-3733204 4932 82 2.71 0.21 -0.05 0.05 0.26 0.80 0.035 NGC2451
07391513-3748595 4695 80 2.67 0.15 -0.14 0.07 0.70 0.00 0.035 NGC2451
07391713-3750138 4731 81 2.63 0.14 -0.17 0.07 0.73 0.00 0.035 NGC2451
07391853-3733431 4778 79 2.82 0.23 -0.27 0.08 0.22 0.75 0.035 NGC2451
07391873-3732413 5184 83 3.85 0.20 -0.05 0.07 0.86 0.31 0.035 NGC2451
07392176-3737445 4547.92 82.21 2.76 0.12 0.07 0.05 0.76 0.00 0.035 NGC2451
07392223-3747283 4661 84 2.66 0.14 -0.21 0.08 0.41 0.24 0.035 NGC2451
07392321-3746057 4840 82 4.63 0.11 -0.06 0.05 0.59 0.00 0.035 NGC2451
07392423-3749565 4682 82 2.63 0.13 -0.14 0.07 0.67 0.00 0.035 NGC2451
07392615-3752460 4853 81 2.76 0.10 -0.02 0.05 0.00 0.66 0.035 NGC2451
07392658-3743127 4889 82 2.93 0.24 -0.09 0.05 1.00 0.00 0.035 NGC2451
07393097-3750264 4692 81 2.93 0.14 -0.07 0.06 0.49 0.19 0.035 NGC2451
07393142-3737498 4647 80 2.72 0.12 -0.02 0.06 0.73 0.00 0.035 NGC2451
07393255-3730216 4817 86 2.88 0.13 -0.09 0.06 0.91 0.00 0.035 NGC2451
07393494-3738393 5030 81 4.54 0.07 0.02 0.04 0.96 0.00 0.035 NGC2451
07393597-3737281 4760 80 2.74 0.15 -0.09 0.06 0.77 0.17 0.035 NGC2451
07394353-3735065 4563.33 79.72 4.55 0.10 0.02 0.05 0.41 0.00 0.035 NGC2451
07394825-3749329 4624 80 2.63 0.14 -0.12 0.08 0.74 0.00 0.035 NGC2451
07395273-3730001 5299 80 4.62 0.15 0.17 0.06 1.41 0.00 0.035 NGC2451
07395446-3738268 4698 83 2.62 0.22 -0.16 0.07 0.68 0.17 0.035 NGC2451
07400010-3740221 4800 83 2.71 0.11 -0.09 0.06 0.85 0.00 0.035 NGC2451
07400390-3732573 4641 82 4.75 0.22 0.03 0.06 0.46 0.29 0.035 NGC2451
07401119-3742127 4819 81 2.81 0.14 -0.09 0.06 0.09 0.73 0.035 NGC2451
07401722-3736384 5369 81 4.45 0.09 -0.06 0.07 2.84 0.09 0.035 NGC2451
07401851-3733007 6109 81 4.15 0.12 0.00 0.06 1.83 0.14 0.035 NGC2451
07402650-3740235 4613 83 2.72 0.21 -0.27 0.09 0.44 0.24 0.035 NGC2451
07403069-3737340 4881 82 2.70 0.21 -0.05 0.05 0.95 0.00 0.035 NGC2451
07403076-3747195 4617 80 2.61 0.12 -0.12 0.07 0.56 0.14 0.035 NGC2451
07400608-3713242 4739 84 2.73 0.12 -0.07 0.05 0.82 0.00 0.035 NGC2451
07401130-3719361 3914.69 60.36 4.49 0.08 0.05 0.04 -1.00 0.00 0.035 NGC2451
07401794-3707118 5685 96 3.21 0.61 -2.23 0.41 2.16 0.10 0.035 NGC2451
07402151-3726104 4407.79 74.34 4.79 0.09 0.01 0.05 -0.17 0.29 0.035 NGC2451
07402237-3709463 5116 82 3.44 0.22 -0.09 0.07 1.19 0.00 0.035 NGC2451
07403367-3724190 6045 83 4.26 0.11 -0.15 0.07 2.50 0.07 0.035 NGC2451
07403592-3712588 4827 79 2.70 0.23 -0.10 0.06 0.71 0.00 0.035 NGC2451
07404360-3707405 5133 82 3.68 0.25 -0.25 0.09 1.28 0.15 0.035 NGC2451
07404396-3721147 4778 83 2.71 0.12 -0.06 0.05 0.68 0.00 0.035 NGC2451
07410919-3711147 6199 83 4.12 0.09 0.06 0.05 2.05 0.08 0.035 NGC2451
07411282-3725350 4527 82 2.51 0.12 -0.04 0.07 0.08 0.22 0.035 NGC2451
07411786-3718377 4607 82 2.43 0.21 -0.27 0.08 0.74 0.13 0.035 NGC2451
07412076-3723458 4540.01 80.55 2.58 0.11 0.01 0.05 0.67 0.00 0.035 NGC2451
07412678-3723308 5072 80 4.47 0.08 -0.04 0.05 0.81 0.00 0.035 NGC2451
07421611-3813006 4599.36 83.12 4.49 0.11 0.13 0.05 0.63 0.13 0.035 NGC2451
07421960-3803281 6103 83 4.15 0.10 -0.14 0.05 2.52 0.07 0.035 NGC2451
07422220-3813183 5157 84 3.86 0.19 0.08 0.06 1.38 0.12 0.035 NGC2451
07422955-3805067 4251.63 71.47 4.75 0.10 0.10 0.05 -0.52 0.54 0.035 NGC2451
07423140-3815010 4931 81 2.83 0.11 0.01 0.05 0.68 0.19 0.035 NGC2451
07423168-3813042 4689 83 2.64 0.13 -0.11 0.06 0.84 0.00 0.035 NGC2451
07430058-3757301 6269 80 4.23 0.10 0.01 0.05 3.38 0.06 0.035 NGC2451
07431196-3759577 4583 84 4.50 0.09 -0.02 0.05 -0.57 0.42 0.035 NGC2451
07431591-3804224 4692 85 2.60 0.15 -0.13 0.07 0.87 0.15 0.035 NGC2451
07432295-3814318 5806 82 4.42 0.09 0.25 0.05 2.58 0.07 0.035 NGC2451
07432519-3815002 4876 83 2.76 0.22 -0.09 0.06 0.66 0.00 0.035 NGC2451
07432772-3801430 4845 80 2.78 0.12 -0.07 0.06 0.03 0.69 0.035 NGC2451
07434050-3808241 6001 82 4.22 0.11 0.03 0.05 2.57 0.08 0.035 NGC2451
07423080-3836427 5082 84 3.85 0.20 -0.03 0.05 1.65 0.10 0.035 NGC2451
07423427-3833075 5367 84 3.97 0.15 0.14 0.05 1.61 0.09 0.035 NGC2451
07423599-3841128 4760 84 2.71 0.13 -0.13 0.07 0.85 0.00 0.035 NGC2451
07430745-3829592 4692 85 2.78 0.14 -0.06 0.08 0.22 0.41 0.035 NGC2451
07431532-3836211 4907 83 2.79 0.13 -0.01 0.05 0.69 0.21 0.035 NGC2451
07433718-3838230 4285.19 71.8 4.67 0.09 0.00 0.05 -0.58 0.48 0.035 NGC2451
07434353-3840491 4801 82 2.74 0.13 -0.08 0.06 0.92 0.00 0.035 NGC2451
07435178-3837410 4812 82 2.87 0.14 -0.04 0.06 0.92 0.00 0.035 NGC2451
07435325-3835533 4814 83 2.72 0.12 -0.02 0.05 0.60 0.19 0.035 NGC2451
07435376-3834320 4543.21 78.15 2.72 0.10 0.11 0.05 -0.03 0.23 0.035 NGC2451
07435405-3830302 4524.42 84.57 4.65 0.13 -0.05 0.06 0.32 0.00 0.035 NGC2451
07435570-3838481 4876 82 2.66 0.24 -0.10 0.06 0.95 0.00 0.035 NGC2451
07435945-3830006 5009 83 3.03 0.17 0.05 0.06 1.00 0.21 0.035 NGC2451
07432816-3746330 4729 81 2.65 0.16 -0.23 0.08 0.54 0.00 0.035 NGC2451
07432827-3756573 4873 81 4.44 0.16 0.01 0.06 0.75 0.22 0.035 NGC2451
07433285-3751427 4628 83 2.75 0.11 0.01 0.05 -0.73 0.49 0.035 NGC2451
07433626-3748231 4563 84 2.57 0.13 0.06 0.06 0.25 0.23 0.035 NGC2451
07433630-3743067 5281 84 4.21 0.17 -0.25 0.07 0.93 0.22 0.035 NGC2451
07433777-3759463 4748 82 2.70 0.13 -0.06 0.06 0.94 0.00 0.035 NGC2451
07434343-3740265 4641 83 2.61 0.14 -0.23 0.08 0.09 0.45 0.035 NGC2451
07435391-3756293 4654 84 2.63 0.15 0.01 0.06 1.85 0.13 0.035 NGC2451
07435434-3800027 5104 81 4.19 0.15 0.00 0.05 2.43 0.10 0.035 NGC2451
07440150-3746585 4821 83 2.78 0.14 -0.05 0.06 0.06 0.72 0.035 NGC2451
07440789-3750454 3901.58 82.7 5.01 0.30 -0.20 0.26 -1.00 0.00 0.035 NGC2451
07441634-3800210 4817 84 2.89 0.14 0.01 0.06 1.06 0.00 0.035 NGC2451
07441914-3800195 4515.13 82.8 4.60 0.13 -0.02 0.06 2.57 0.12 0.035 NGC2451
07442079-3749215 4840 80 2.93 0.15 -0.03 0.05 0.89 0.00 0.035 NGC2451
07442212-3754544 5250 83 4.01 0.19 0.12 0.06 1.38 0.13 0.035 NGC2451
07442255-3752555 5400 81 4.21 0.12 -0.02 0.06 3.20 0.10 0.035 NGC2451
07442335-3748313 4755 81 2.84 0.09 -0.03 0.05 -0.34 0.53 0.035 NGC2451
07443709-3747403 5034 82 4.45 0.12 -0.33 0.07 0.38 0.43 0.035 NGC2451
07444047-3759428 4592.12 105.26 2.76 0.19 -0.02 0.08 0.33 0.36 0.035 NGC2451
07444108-3749315 4704 83 2.66 0.15 -0.09 0.08 0.21 0.50 0.035 NGC2451
07444254-3752156 4552.76 83.95 2.76 0.13 0.11 0.06 0.36 0.18 0.035 NGC2451
07444501-3752581 4596.73 85.1 2.47 0.14 -0.07 0.07 0.67 0.00 0.035 NGC2451
07444970-3744096 4532.25 80.01 2.29 0.15 -0.09 0.08 0.16 0.20 0.035 NGC2451
07445934-3752097 6293 84 4.16 0.10 0.18 0.05 1.61 0.00 0.035 NGC2451
07445935-3757245 4698 80 2.64 0.15 -0.05 0.06 0.86 0.00 0.035 NGC2451
07445964-3754238 4721 82 2.58 0.26 -0.15 0.08 0.63 0.00 0.035 NGC2451
07444692-3752047 5696 36 4.13 0.05 -0.10 0.05 1.19 0.00 0.035 NGC2451
07432935-3811444 6340 81 4.05 0.13 0.00 0.07 2.04 0.16 0.035 NGC2451
07433045-3821200 5795 83 4.36 0.11 0.27 0.05 2.08 0.08 0.035 NGC2451
07433880-3820404 5048 82 2.99 0.28 -0.17 0.10 1.29 0.17 0.035 NGC2451
07434266-3823315 4505 82 4.64 0.16 0.02 0.06 1.29 0.12 0.035 NGC2451
07434559-3810344 6334 83 3.96 0.11 0.00 0.06 2.78 0.08 0.035 NGC2451
07434596-3815481 5901 82 4.28 0.11 0.01 0.06 3.37 0.08 0.035 NGC2451
07435923-3825552 3996.88 87.11 4.89 0.28 -0.38 0.24 0.73 0.18 0.035 NGC2451
07441126-3818563 6217 83 4.14 0.12 -0.05 0.07 2.62 0.07 0.035 NGC2451
07441168-3826036 5191 83 4.70 0.16 -0.19 0.08 1.11 0.00 0.035 NGC2451
07441876-3817364 4688 80 2.62 0.18 -0.03 0.07 0.24 0.63 0.035 NGC2451
07442242-3816584 4787 83 2.71 0.20 -0.20 0.09 0.34 0.76 0.035 NGC2451
07443207-3817389 4715 82 2.65 0.19 -0.12 0.09 0.91 0.00 0.035 NGC2451
07443279-3829036 4823 81 2.65 0.18 -0.19 0.08 0.90 0.00 0.035 NGC2451
07443452-3813304 5213 81 4.16 0.19 0.01 0.06 0.92 0.25 0.035 NGC2451
07443581-3813126 5002 81 3.18 0.18 -0.10 0.07 0.98 0.00 0.035 NGC2451
07443798-3817388 5882 81 4.39 0.11 -0.08 0.07 2.62 0.08 0.035 NGC2451
07443984-3822018 4582 84 2.42 0.21 -0.19 0.08 0.47 0.18 0.035 NGC2451
07444268-3811024 5098 78 4.42 0.12 -0.03 0.07 2.60 0.10 0.035 NGC2451
07444720-3825580 4657 84 2.63 0.15 -0.04 0.08 0.82 0.00 0.035 NGC2451
07445108-3824205 4825 81 3.13 0.31 -0.12 0.08 0.81 0.22 0.035 NGC2451
07445620-3813569 4653 80 2.65 0.15 0.09 0.06 0.38 0.24 0.035 NGC2451
07445763-3817582 6230 81 4.15 0.11 -0.23 0.07 2.61 0.07 0.035 NGC2451
07450367-3822174 5738 82 4.20 0.16 -0.24 0.08 1.64 0.18 0.035 NGC2451
07450827-3816315 4734 81 2.70 0.12 0.04 0.05 0.81 0.00 0.035 NGC2451
07451696-3812477 4824 81 2.64 0.17 -0.16 0.07 0.36 0.65 0.035 NGC2451
07441001-3822591 5869 37 4.30 0.05 0.29 0.05 2.18 0.04 0.035 NGC2451
07445457-3819061 6495 38 4.11 0.07 -0.37 0.06 3.23 0.03 0.035 NGC2451
07444971-3722218 5102 84 3.78 0.24 -0.17 0.08 1.00 0.24 0.035 NGC2451
07445364-3722431 4598.3 88.93 2.82 0.14 0.04 0.06 -0.17 0.60 0.035 NGC2451
07450508-3717264 4755 83 2.59 0.16 -0.21 0.07 0.67 0.00 0.035 NGC2451
07451624-3724115 4529.73 82.61 2.81 0.12 0.10 0.06 -0.28 0.54 0.035 NGC2451
07451826-3724346 4785 82 2.76 0.13 0.04 0.06 1.01 0.00 0.035 NGC2451
07452905-3715030 6191 83 4.19 0.10 0.05 0.06 1.31 0.40 0.035 NGC2451
07453007-3721244 4723 84 2.59 0.12 -0.17 0.06 0.83 0.00 0.035 NGC2451
07453095-3722424 4481.95 80.36 2.56 0.12 0.07 0.06 0.22 0.20 0.035 NGC2451
07453176-3730262 5698 79 4.45 0.10 0.04 0.06 3.26 0.08 0.035 NGC2451
07454873-3711275 4939 82 3.53 0.28 -0.05 0.07 0.88 0.25 0.035 NGC2451
07455003-3721304 4607 86 2.58 0.12 -0.16 0.08 -0.36 0.55 0.035 NGC2451
07455070-3712078 4591.77 78.42 4.65 0.09 0.03 0.05 0.37 0.00 0.035 NGC2451
07455227-3725469 4697 85 2.59 0.16 -0.17 0.07 0.65 0.00 0.035 NGC2451
07455497-3714169 4637 82 2.64 0.16 0.00 0.06 0.87 0.00 0.035 NGC2451
07455655-3711244 4655 81 2.56 0.21 -0.18 0.09 0.62 0.00 0.035 NGC2451
07461701-3730307 5001 80 3.01 0.15 -0.06 0.06 1.05 0.00 0.035 NGC2451
07462124-3714248 4552.65 82.56 2.45 0.14 -0.06 0.07 1.19 0.12 0.035 NGC2451
07462577-3726108 4239.18 103.79 4.57 0.20 0.01 0.09 0.64 0.19 0.035 NGC2451
07462973-3719073 4665 82 2.71 0.13 -0.02 0.06 0.05 0.44 0.035 NGC2451
07463421-3726589 6282 84 4.07 0.10 0.04 0.06 2.59 0.07 0.035 NGC2451
07463463-3719536 4775 82 2.69 0.23 -0.25 0.08 0.70 0.17 0.035 NGC2451
07464011-3717430 4531 84 4.79 0.11 0.09 0.05 0.55 0.13 0.035 NGC2451
07464514-3723071 5146 84 3.47 0.21 -0.07 0.08 1.06 0.28 0.035 NGC2451
07450758-3739444 5829 81 4.27 0.11 0.01 0.06 1.68 0.14 0.035 NGC2451
07452889-3751234 5363 80 4.10 0.15 -0.11 0.07 2.79 0.09 0.035 NGC2451
07452913-3740043 4889 79 2.83 0.14 -0.08 0.05 0.26 0.36 0.035 NGC2451
07453133-3738124 4409.98 77.37 4.66 0.10 0.07 0.05 2.14 0.11 0.035 NGC2451
07453451-3751529 5422 81 4.01 0.14 0.05 0.06 2.86 0.09 0.035 NGC2451
07453900-3757065 4910 82 2.97 0.14 -0.08 0.05 1.01 0.00 0.035 NGC2451
07454212-3752396 4839 81 2.67 0.15 -0.08 0.07 0.70 0.21 0.035 NGC2451
07454338-3741080 4830 81 2.73 0.12 -0.10 0.05 0.83 0.00 0.035 NGC2451
07454687-3751517 4619 80 2.61 0.14 -0.01 0.06 0.81 0.00 0.035 NGC2451
07454914-3740238 4689 82 2.59 0.24 -0.29 0.09 0.46 0.25 0.035 NGC2451
07454972-3744561 4852 81 2.74 0.11 -0.07 0.05 0.94 0.00 0.035 NGC2451
07455649-3754408 4989 81 3.41 0.19 0.01 0.05 1.01 0.00 0.035 NGC2451
07455934-3757276 5522 82 4.20 0.15 -0.09 0.07 1.37 0.22 0.035 NGC2451
07460619-3738476 4814 82 2.78 0.22 -0.28 0.08 0.29 0.55 0.035 NGC2451
07460924-3746475 4577 85 2.57 0.12 0.03 0.06 0.44 0.17 0.035 NGC2451
07462331-3747213 4706 83 2.84 0.13 0.01 0.06 -0.07 0.64 0.035 NGC2451
07463324-3753036 4550.79 90.41 2.60 0.15 -0.05 0.08 -0.29 0.60 0.035 NGC2451
07463862-3741534 4597 82 2.58 0.10 -0.14 0.07 0.04 0.24 0.035 NGC2451
07444872-3805553 5664 82 4.49 0.11 0.04 0.06 3.17 0.08 0.035 NGC2451
07445137-3808014 5257 81 4.09 0.16 0.00 0.06 2.78 0.10 0.035 NGC2451
07450267-3801522 6036 83 4.24 0.10 -0.01 0.05 3.15 0.07 0.035 NGC2451
07450826-3808360 4409.86 74.55 4.69 0.09 0.08 0.05 -0.59 0.54 0.035 NGC2451
07451367-3814150 4701 82 2.62 0.15 -0.23 0.08 0.74 0.00 0.035 NGC2451
07452560-3808265 4901 82 4.60 0.13 -0.27 0.08 0.47 0.26 0.035 NGC2451
07452932-3806313 4589 79 2.68 0.13 0.14 0.06 0.08 0.40 0.035 NGC2451
07453330-3808158 4480 84 4.74 0.09 0.09 0.04 0.07 0.22 0.035 NGC2451
07454434-3801528 5856 84 4.24 0.09 0.00 0.05 2.39 0.07 0.035 NGC2451
07455125-3758087 4969 82 2.96 0.23 -0.03 0.05 1.15 0.00 0.035 NGC2451
07455380-3758363 4757 82 2.65 0.16 -0.19 0.07 0.67 0.19 0.035 NGC2451
07455901-3758422 5197 83 3.99 0.15 -0.01 0.05 3.02 0.11 0.035 NGC2451
07460170-3806409 6291 83 4.06 0.12 -0.28 0.08 1.95 0.00 0.035 NGC2451
07460186-3800271 5877 83 4.29 0.08 0.00 0.06 2.70 0.07 0.035 NGC2451
07460213-3817363 5580 83 4.41 0.12 0.04 0.06 0.98 0.36 0.035 NGC2451
07460611-3758427 4750 83 2.70 0.13 -0.04 0.06 0.02 0.71 0.035 NGC2451
07461079-3758217 5593 85 4.38 0.11 -0.26 0.06 1.14 0.19 0.035 NGC2451
07461206-3804041 4910 82 2.81 0.15 -0.02 0.06 0.56 0.37 0.035 NGC2451
07461470-3810144 4813 84 2.79 0.14 -0.08 0.06 0.30 0.44 0.035 NGC2451
07452652-3811471 6059 37 4.20 0.05 -0.07 0.05 2.52 0.03 0.035 NGC2451
07450791-3904046 4554 83 2.61 0.12 0.15 0.06 0.37 0.19 0.035 NGC2451
07451708-3855039 4834 84 2.72 0.14 -0.11 0.06 0.98 0.00 0.035 NGC2451
07451848-3906088 4574.18 97.7 2.56 0.17 0.01 0.07 0.60 0.20 0.035 NGC2451
07452402-3857410 4995 80 2.94 0.13 -0.04 0.05 1.15 0.13 0.035 NGC2451
07453166-3855078 4533 81 2.63 0.17 -0.16 0.09 0.63 0.00 0.035 NGC2451
07453644-3857508 4891 82 2.83 0.14 -0.14 0.06 0.87 0.00 0.035 NGC2451
07454455-3902218 4505.64 89.6 2.57 0.14 0.08 0.07 0.25 0.27 0.035 NGC2451
07454652-3854486 4908 81 2.97 0.19 -0.02 0.05 1.00 0.00 0.035 NGC2451
07454948-3904249 4286.68 84.21 4.84 0.15 -0.04 0.07 0.13 0.27 0.035 NGC2451
07455044-3907277 6350 80 4.13 0.10 -0.07 0.06 2.61 0.06 0.035 NGC2451
07455482-3854272 4913 81 2.79 0.12 -0.01 0.05 1.05 0.00 0.035 NGC2451
07460322-3857218 6854 84 4.14 0.09 0.01 0.05 3.29 0.05 0.035 NGC2451
07460532-3904188 6305 81 4.02 0.09 0.02 0.06 2.66 0.06 0.035 NGC2451
07460825-3851598 4673 82 2.49 0.24 -0.26 0.09 0.61 0.00 0.035 NGC2451
07460997-3859415 4878 80 4.68 0.11 -0.14 0.06 0.60 0.00 0.035 NGC2451
07461357-3902153 4566 83 2.55 0.18 -0.18 0.09 0.64 0.00 0.035 NGC2451
07461820-3901352 4805 83 2.72 0.13 -0.10 0.07 0.87 0.00 0.035 NGC2451
07462131-3854534 4849 82 2.80 0.16 -0.06 0.07 0.54 0.31 0.035 NGC2451
07462160-3851036 5176 81 3.11 0.23 0.03 0.07 1.28 0.00 0.035 NGC2451
07462834-3903296 4808 81 2.78 0.14 -0.09 0.08 0.25 0.79 0.035 NGC2451
07463059-3911385 5764 85 4.13 0.17 -0.17 0.08 1.66 0.21 0.035 NGC2451
07463965-3853483 4731 83 2.69 0.15 0.00 0.07 0.42 0.32 0.035 NGC2451
07464291-3859350 4597 79 2.79 0.15 -0.11 0.08 -0.15 0.62 0.035 NGC2451
07465306-3857062 5611 81 4.40 0.14 -0.34 0.06 2.03 0.09 0.035 NGC2451
07464266-3749045 4745 82 2.63 0.13 -0.18 0.06 0.81 0.00 0.035 NGC2451
07465455-3735309 4531.6 83.28 4.70 0.12 0.04 0.05 1.14 0.11 0.035 NGC2451
07465685-3752256 4727 83 2.73 0.14 -0.02 0.05 0.82 0.00 0.035 NGC2451
07465820-3738210 6782 80 4.14 0.08 -0.11 0.05 3.08 0.05 0.035 NGC2451
07470680-3747228 4682 83 2.60 0.18 -0.27 0.08 0.64 0.19 0.035 NGC2451
07470723-3742504 4587.8 83.48 2.52 0.12 0.03 0.05 0.22 0.22 0.035 NGC2451
07470796-3735145 4573 79 2.58 0.12 -0.15 0.08 0.62 0.00 0.035 NGC2451
07471328-3755592 4690 80 2.87 0.13 0.07 0.06 0.89 0.00 0.035 NGC2451
07471651-3748332 4526.07 81.56 2.63 0.12 0.01 0.07 -0.03 0.31 0.035 NGC2451
07472094-3748199 4740 83 2.89 0.13 0.09 0.06 0.92 0.00 0.035 NGC2451
07472344-3743090 4957 84 3.26 0.14 0.04 0.04 1.40 0.12 0.035 NGC2451
07472743-3755531 4356.61 78.71 4.65 0.12 0.07 0.05 0.09 0.00 0.035 NGC2451
07472764-3738271 4737 83 2.60 0.13 -0.16 0.06 1.09 0.13 0.035 NGC2451
07472808-3746547 4710 83 2.64 0.12 -0.15 0.07 0.31 0.28 0.035 NGC2451
07473768-3745020 4627 81 2.61 0.13 -0.07 0.07 0.69 0.00 0.035 NGC2451
07474385-3744473 4677 81 2.63 0.12 -0.01 0.05 1.68 0.13 0.035 NGC2451
07474842-3737328 4669 81 2.87 0.18 0.05 0.07 0.67 0.22 0.035 NGC2451
07475503-3755392 4903 83 2.79 0.10 -0.02 0.05 1.01 0.00 0.035 NGC2451
07480704-3750104 4733 81 2.62 0.16 -0.14 0.08 0.85 0.00 0.035 NGC2451
07480776-3751383 4616 83 2.61 0.11 -0.12 0.07 0.41 0.16 0.035 NGC2451
07472596-3748156 6112 58 4.16 0.09 0.23 0.12 3.28 0.05 0.035 NGC2451
07473514-3750487 6855 64 3.94 0.10 0.12 0.11 3.03 0.04 0.035 NGC2451
07465918-3721277 4731 82 2.62 0.17 -0.15 0.08 0.57 0.00 0.035 NGC2451
07471315-3724506 4802 81 2.73 0.20 -0.08 0.05 0.94 0.00 0.035 NGC2451
07471457-3714221 4813 81 2.77 0.15 -0.05 0.08 0.12 0.77 0.035 NGC2451
07471792-3729509 4819 82 2.71 0.13 -0.06 0.05 1.01 0.13 0.035 NGC2451
07473874-3733204 4703 81 2.88 0.15 -0.02 0.06 0.64 0.20 0.035 NGC2451
07474828-3714309 5171 82 4.46 0.11 0.07 0.06 1.05 0.00 0.035 NGC2451
07480268-3727243 4700 83 2.65 0.14 -0.04 0.06 1.00 0.14 0.035 NGC2451
07480276-3721259 4855 82 2.65 0.20 -0.02 0.05 0.62 0.19 0.035 NGC2451
07480705-3719536 4591 80 2.53 0.17 -0.22 0.09 0.95 0.13 0.035 NGC2451
07481703-3724243 4529.8 80.09 4.60 0.11 0.01 0.05 0.34 0.17 0.035 NGC2451
07483103-3725389 5823 83 4.42 0.10 0.21 0.05 1.68 0.12 0.035 NGC2451
07474464-3806033 4766 83 2.71 0.14 -0.15 0.08 0.81 0.00 0.035 NGC2451
07475165-3807114 4969 81 2.86 0.20 -0.19 0.08 1.01 0.00 0.035 NGC2451
07475247-3809136 5031 83 3.51 0.25 -0.20 0.07 1.20 0.14 0.035 NGC2451
07475403-3807335 4546 82 2.73 0.12 0.12 0.06 0.05 0.29 0.035 NGC2451
07475787-3801078 4788 82 2.78 0.15 -0.21 0.08 0.60 0.24 0.035 NGC2451
07475946-3803381 4681 84 2.61 0.14 -0.20 0.08 -0.09 0.53 0.035 NGC2451
07480182-3802225 5809 85 4.19 0.11 0.23 0.06 1.64 0.13 0.035 NGC2451
07480618-3802155 4948 80 4.40 0.08 -0.02 0.05 2.80 0.11 0.035 NGC2451
07482141-3754392 4866 79 2.78 0.23 -0.30 0.08 0.16 0.00 0.035 NGC2451
07482337-3808496 4901 83 2.86 0.18 -0.05 0.05 0.86 0.17 0.035 NGC2451
07482416-3809345 4643 83 2.61 0.19 -0.05 0.07 0.11 0.72 0.035 NGC2451
07482718-3758283 5123 82 2.80 0.19 -0.20 0.08 1.29 0.13 0.035 NGC2451
07482781-3807224 4824 80 4.51 0.13 0.01 0.05 0.80 0.15 0.035 NGC2451
07482962-3815171 5878 97 5.27 0.86 -0.69 0.30 1.80 0.00 0.035 NGC2451
07483880-3801565 5500 84 4.54 0.10 0.20 0.06 1.54 0.00 0.035 NGC2451
07484450-3803480 5449 84 4.02 0.15 0.03 0.06 2.63 0.09 0.035 NGC2451
07484533-3806231 6623 83 4.10 0.09 0.10 0.05 2.53 0.09 0.035 NGC2451
07484955-3806441 5148 84 4.48 0.12 0.03 0.05 2.17 0.10 0.035 NGC2451
07485493-3757574 4702 82 2.62 0.14 -0.06 0.08 0.81 0.00 0.035 NGC2451
07485819-3757426 4694 82 2.58 0.22 -0.18 0.08 0.92 0.14 0.035 NGC2451
07485825-3806553 4999 83 2.96 0.12 0.00 0.05 0.93 0.00 0.035 NGC2451
07490206-3800334 5865 84 4.41 0.08 0.12 0.05 2.34 0.08 0.035 NGC2451
07491597-3813038 4487 83 4.74 0.10 0.02 0.05 -0.01 0.25 0.035 NGC2451
07492186-3811491 5055 84 3.26 0.14 -0.05 0.05 1.12 0.00 0.035 NGC2451
07492295-3757393 4891 81 2.91 0.20 -0.04 0.05 0.89 0.00 0.035 NGC2451
07493080-3801209 5634 82 4.41 0.11 -0.16 0.06 1.30 0.17 0.035 NGC2451
