recno,CSI,GES,RAJ2000,DEJ2000,Teff,e_Teff,EWLi,e_EWLi,f_EWLi,Per,r_Per,RV,e_RV,Vsini,e_Vsini,Note
1,CSIMon-000018,06411322+0955087,100.3052,9.91909,4326,114,515.1,30.4,1,4.26,V+16,17.8,0.9,30.0,0.5,
2,CSIMon-000020,06420924+0944034,100.53849,9.73427,4085,222,550.3,8.5,1,5.18,V+16,16.6,0.8,15.9,1.6,
3,CSIMon-000029,06410328+0957549,100.26367,9.96528,4397,307,550.9,6.1,1,8.01,V+16,19.1,0.7,15.0,0.5,
4,CSIMon-000033,06410726+0958311,100.28026,9.97533,4376,224,552.5,16.0,1,2.59,V+16,21.6,1.6,34.7,1.7,
5,CSIMon-000038,06411088+1000409,100.29532,10.01136,6289,7,34.8,4.3,1,3.62,V+16,13.6,0.7,24.0,0.5,1
6,CSIMon-000043,06414603+0954374,100.44177,9.91037,3509,67,565.6,26.5,1,5.22,L+04,15.4,0.4,8.6,2.3,
7,CSIMon-000050,06410153+1000366,100.25644,10.01014,4646,417,468.4,8.4,1,3.55,V+16,19.4,1.0,22.5,1.7,
8,CSIMon-000051,06411380+0955439,100.30754,9.92889,6034,90,191.0,1.2,1,3.67,V+16,14.8,1.0,30.0,0.5,
9,CSIMon-000057,06410394+0958095,100.26641,9.9693,3794,114,634.7,10.4,1,4.54,V+16,23.5,2.8,24.0,0.5,
10,CSIMon-000066,06410357+1000354,100.26489,10.00982,4138,360,607.4,13.8,1,11.24,V+16,20.6,1.4,9.0,0.5,
11,CSIMon-000071,06410025+0958496,100.25105,9.98046,5216,71,366.7,2.6,1,5.41,V+16,20.8,0.7,24.0,0.5,
12,CSIMon-000072,06413759+0949321,100.4066,9.82559,3389,65,681.0,13.6,1,2.44,L+04,18.3,0.8,18.0,0.5,
13,CSIMon-000075,06411159+1002235,100.2983,10.03989,5013,116,473.1,25.5,2,2.38,V+16,,,36.4,1.9,
14,CSIMon-000086,06404645+0959464,100.19356,9.99622,4081,234,614.7,9.3,1,4.53,A+13,24.2,3.1,35.7,2.6,
15,CSIMon-000102,06404325+0931149,100.18014,9.52084,3461,125,630.4,29.2,1,8.9,V+16,18.7,0.8,10.7,1.7,
16,CSIMon-000104,06410417+0952020,100.2674,9.86722,4493,192,501.1,7.0,1,8.84,L+04,21.4,0.7,12.0,0.5,
17,CSIMon-000108,06411485+0932359,100.31184,9.5433,3235,52,654.1,33.5,1,4.06,V+16,23.0,4.2,71.7,4.3,
18,CSIMon-000112,06405131+0936390,100.21377,9.61086,3463,15,639.7,18.1,1,1.23,L+04,18.1,2.1,42.0,0.5,
19,CSIMon-000121,06414901+0941061,100.45424,9.68503,4139,347,573.2,23.4,1,6.53,LRpv,16.7,0.7,15.0,0.5,
20,CSIMon-000122,06414711+0938047,100.44631,9.63464,4378,329,522.5,5.7,1,5.32,V+16,18.0,0.9,15.0,0.5,
21,CSIMon-000129,06404091+0927595,100.17049,9.46655,3492,11,648.2,25.5,1,1.22,L+04,18.0,0.5,11.2,1.6,
22,CSIMon-000135,06410000+0928500,100.24999,9.48057,4309,385,564.3,8.1,1,4.21,A+13,20.3,1.4,22.1,1.6,
23,CSIMon-000139,06405367+0958000,100.22363,9.96669,3986,220,551.4,7.6,1,8.04,V+16,20.3,1.1,9.0,0.5,
24,CSIMon-000142,06404480+0949478,100.18667,9.82994,3657,22,554.0,8.5,1,6.62,L+04,23.4,2.8,12.0,0.5,
25,CSIMon-000143,06410455+0926092,100.26895,9.4359,3567,42,512.8,10.7,1,5.66,L+04,18.9,2.7,9.0,0.5,
26,CSIMon-000149,06411330+0951544,100.30545,9.86513,3949,224,570.7,16.4,1,11.5,A+13,20.3,1.4,12.0,0.5,
27,CSIMon-000151,06411829+0928329,100.32623,9.47585,3683,18,538.8,12.2,1,1.45,L+04,18.9,5.2,34.5,3.0,
28,CSIMon-000159,06405146+0937145,100.21443,9.62069,4057,228,523.1,5.8,1,8.8,V+16,18.1,0.9,10.3,1.7,
29,CSIMon-000160,06405984+0951489,100.2493,9.86359,3994,301,422.1,3.8,1,1.79,V+16,31.7,3.1,40.8,3.5,1
30,CSIMon-000169,06414807+0942433,100.45027,9.71203,5135,159,317.9,3.3,1,1.17,V+16,14.8,1.8,93.7,2.3,
31,CSIMon-000188,06410173+0955514,100.25721,9.93095,3500,15,634.7,13.6,1,1.74,V+16,24.4,2.6,13.8,1.7,
32,CSIMon-000198,06411963+0931443,100.3318,9.529,4556,180,544.5,22.5,2,5.0,V+16,,,25.9,1.4,
33,CSIMon-000200,06410801+0930403,100.2834,9.51121,4633,186,494.2,6.1,1,1.92,V+16,23.5,1.1,21.0,0.5,
34,CSIMon-000207,06405904+0949062,100.246,9.8184,3673,24,604.7,6.6,1,2.0,V+16,21.9,2.6,11.5,2.7,
35,CSIMon-000217,06410696+0940544,100.27902,9.6818,3347,84,602.4,12.8,1,7.46,V+16,29.2,3.6,56.0,10.5,
36,CSIMon-000223,06405542+0937237,100.23094,9.62326,4327,280,595.3,7.2,1,1.9,V+16,23.8,3.1,47.9,2.5,
37,CSIMon-000226,06410536+0933134,100.27234,9.55375,4980,230,535.2,4.5,1,1.21,V+16,24.8,0.9,24.0,0.5,
38,CSIMon-000236,06410254+0934557,100.26057,9.58218,4842,117,429.0,37.0,2,1.98,V+16,,,47.6,2.2,
39,CSIMon-000237,06410968+0924547,100.29033,9.41521,4082,225,559.3,19.2,1,3.38,V+16,14.8,2.4,18.4,2.6,
40,CSIMon-000241,06412304+0927266,100.34599,9.45742,5480,197,271.8,6.3,1,3.25,V+16,18.0,1.0,36.0,0.5,
41,CSIMon-000255,06414274+0942566,100.42804,9.71574,4474,424,502.5,4.2,1,3.93,V+16,18.3,1.1,21.0,0.5,
42,CSIMon-000263,06410258+0935131,100.26077,9.58697,4483,199,536.0,7.9,1,4.29,V+16,19.0,1.1,18.0,0.5,
43,CSIMon-000278,06411985+0927049,100.3327,9.45136,3437,59,618.6,21.5,1,1.18,L+04,18.7,0.7,12.0,2.3,
44,CSIMon-000281,06405607+0942541,100.23362,9.71501,3323,20,623.4,28.0,1,5.34,A+13,20.3,0.6,18.8,1.6,
45,CSIMon-000283,06410716+0927480,100.27984,9.46334,4546,5,503.9,11.8,2,9.48,L+04,,,9.2,1.0,
46,CSIMon-000292,06414742+0942003,100.44757,9.70011,3945,240,558.4,16.1,1,6.57,V+16,17.7,1.2,13.4,1.7,
47,CSIMon-000298,06410568+0954187,100.27369,9.9052,4044,312,636.6,5.5,1,1.31,V+16,20.8,1.3,32.2,3.0,
48,CSIMon-000307,06411793+0933370,100.3247,9.56029,4979,190,471.2,13.5,1,6.55,A+13,28.3,1.0,15.0,0.5,
49,CSIMon-000330,06413161+0948328,100.3817,9.80912,4805,107,507.3,2.6,1,5.05,V+16,19.3,0.5,21.0,0.5,
50,CSIMon-000348,06405008+0952275,100.20868,9.87432,3469,61,627.7,9.9,1,5.19,V+16,19.3,2.8,15.0,0.5,
51,CSIMon-000351,06412280+0929389,100.34503,9.49415,4699,231,199.9,7.4,1,10.49,V+16,27.0,1.2,36.0,0.5,1
52,CSIMon-000372,06412054+0945355,100.3356,9.75988,4932,128,449.3,14.4,2,2.57,V+16,,,24.7,1.2,
53,CSIMon-000383,06405578+0940182,100.23242,9.67172,3675,32,666.3,19.4,1,1.03,V+16,19.8,2.7,86.8,2.1,
54,CSIMon-000384,06412310+0944052,100.34623,9.73479,3408,18,666.4,30.8,1,3.3,L+04,19.9,0.8,11.0,1.7,
55,CSIMon-000394,06410776+0941149,100.28235,9.68749,4094,242,615.7,16.5,1,1.96,V+16,24.8,0.9,22.4,1.7,
56,CSIMon-000395,06411014+0931285,100.29227,9.52461,3536,40,613.8,9.3,1,1.65,V+16,19.3,1.1,13.6,1.7,
57,CSIMon-000404,06404686+0932309,100.19527,9.54192,3498,24,648.2,23.9,1,13.68,M+04,18.3,0.8,7.0,2.7,
58,CSIMon-000407,06412203+0951126,100.3418,9.85352,4372,412,534.8,6.8,1,4.5,V+16,18.8,1.1,18.0,0.5,
59,CSIMon-000411,06405631+0934180,100.23462,9.57165,4054,313,70.6,0.0,3,0.46,L+04,27.1,9.3,54.1,2.5,1
60,CSIMon-000413,06414644+0943068,100.44351,9.71856,4384,312,559.2,21.2,1,4.28,V+16,17.8,0.6,15.0,0.5,
61,CSIMon-000420,06405420+0955520,100.2258,9.93111,4182,398,528.1,6.4,1,8.1,V+16,20.0,1.1,14.0,1.5,
62,CSIMon-000438,06410342+0930051,100.26425,9.50142,3779,119,662.4,14.9,1,1.31,V+16,17.3,2.0,54.0,3.5,
63,CSIMon-000444,06414455+0942123,100.43566,9.70342,3988,174,559.3,13.0,1,10.25,V+16,18.0,1.5,10.1,1.7,
64,CSIMon-000445,06420256+0936525,100.51067,9.61458,4447,241,518.2,16.3,1,3.65,V+16,17.2,1.2,16.3,1.7,
65,CSIMon-000450,06415804+0943062,100.49183,9.71838,4324,295,582.5,11.3,1,2.1,V+16,21.6,1.2,22.4,1.7,
66,CSIMon-000451,06415148+0944097,100.46449,9.73602,3808,188,624.9,25.2,1,4.51,V+16,15.4,1.7,17.3,1.6,
67,CSIMon-000461,06415497+0930065,100.479,9.50181,4082,451,520.6,13.7,1,3.43,V+16,14.5,1.6,27.4,2.6,
68,CSIMon-000477,06411575+0926168,100.31564,9.43801,4691,106,501.7,3.5,1,6.23,V+16,20.9,1.2,24.0,0.5,
69,CSIMon-000486,06410403+0949087,100.26682,9.81911,4384,323,497.3,8.3,1,12.39,V+16,18.0,0.9,15.0,0.5,
70,CSIMon-000494,06414576+0926428,100.44064,9.44524,3346,64,683.7,38.9,1,1.17,L+04,20.9,2.4,40.0,6.6,
71,CSIMon-000497,06410221+0951519,100.25919,9.86443,5377,177,312.1,5.7,1,9.99,V+16,24.1,0.5,10.4,1.7,
72,CSIMon-000502,06405777+0930503,100.24071,9.514,4637,382,522.8,6.0,1,3.65,M+04,24.5,0.8,13.2,1.7,
73,CSIMon-000508,06410432+0935478,100.26799,9.5966,3387,1,662.1,24.3,1,1.3,L+04,24.4,0.6,9.3,2.0,
74,CSIMon-000515,06413624+0939204,100.40098,9.65568,4225,308,538.7,19.8,1,6.54,V+16,15.9,1.0,12.0,0.5,
75,CSIMon-000516,06404736+0948494,100.19733,9.81373,4172,428,535.4,3.5,1,4.14,LRpv,20.5,1.2,30.0,0.5,
76,CSIMon-000518,06410169+0948221,100.257,9.8062,4436,264,567.0,3.6,1,6.55,V+16,23.6,1.3,22.0,1.6,
77,CSIMon-000519,06410992+0930202,100.29134,9.50561,3830,101,571.8,9.1,1,6.01,V+16,21.6,2.0,9.5,3.3,
78,CSIMon-000524,06410433+0948221,100.26806,9.80614,4775,41,477.3,4.0,1,5.15,V+16,20.3,1.2,19.8,1.6,
79,CSIMon-000536,06405201+0945048,100.21671,9.75134,3983,230,587.8,5.3,1,3.4,V+16,25.4,2.6,22.6,1.7,
80,CSIMon-000541,06410471+0925075,100.26961,9.41873,3387,108,658.9,13.0,1,2.8,L+04,18.0,2.9,18.0,0.5,
81,CSIMon-000545,06410581+0952478,100.27422,9.87996,4269,324,599.9,3.4,1,4.3,A+13,21.9,1.0,22.2,1.7,
82,CSIMon-000548,06410856+0942515,100.28567,9.71431,4040,259,545.6,5.8,1,10.7,V+16,21.6,1.0,12.0,0.5,
83,CSIMon-000550,06404343+0928409,100.18094,9.47806,3994,209,568.4,19.7,1,9.25,L+04,16.9,1.1,12.0,0.5,
84,CSIMon-000555,06412445+0932451,100.35189,9.54588,3507,218,577.8,16.2,1,1.05,V+16,23.2,3.2,28.7,3.9,
85,CSIMon-000559,06412425+0931541,100.35106,9.53171,4452,190,488.3,6.1,1,7.96,V+16,21.9,1.1,15.0,0.5,
86,CSIMon-000560,06411572+0938182,100.31549,9.63842,5834,24,82.8,1.6,1,5.31,V+16,4.1,0.5,15.8,2.2,1
87,CSIMon-000565,06410077+0951223,100.25327,9.85618,4643,212,489.0,18.8,2,4.38,V+16,,,19.6,1.2,
88,CSIMon-000574,06405086+0955530,100.21193,9.93141,4406,325,573.2,5.5,1,3.79,V+16,21.9,0.3,28.1,1.6,
89,CSIMon-000591,06410777+0928135,100.28238,9.47042,4135,73,628.3,8.3,1,2.67,L+04,14.2,2.2,30.0,0.5,
90,CSIMon-000596,06414745+0937527,100.44769,9.63129,3875,124,594.6,9.0,1,9.14,V+16,18.7,1.9,12.0,0.5,
91,CSIMon-000604,06410510+0951445,100.27124,9.86237,4471,220,518.6,5.8,1,9.96,V+16,21.2,1.0,12.0,0.5,
92,CSIMon-000606,06411447+0933214,100.31027,9.55596,4314,297,516.0,9.7,1,10.8,V+16,19.9,0.9,15.0,0.5,
93,CSIMon-000607,06411563+0926334,100.3152,9.44262,4180,350,609.1,7.2,1,1.58,V+16,20.0,1.5,22.4,1.7,
94,CSIMon-000612,06405820+0955446,100.24251,9.92905,3509,185,618.0,11.6,1,4.3,V+16,15.8,2.3,16.7,1.7,
95,CSIMon-000617,06410948+0951500,100.28954,9.86389,3663,31,635.2,12.7,1,5.96,V+16,18.3,1.9,37.6,2.2,
96,CSIMon-000620,06412075+0930120,100.33644,9.50333,3914,139,574.5,17.8,1,8.6,V+16,18.9,1.0,11.2,1.5,
97,CSIMon-000621,06411282+0952433,100.30343,9.87873,4419,276,553.8,6.2,1,4.72,L+04,21.8,0.8,21.7,1.5,
98,CSIMon-000622,06412179+0945309,100.34081,9.7586,4595,234,451.8,5.4,1,12.63,V+16,20.6,0.6,12.0,0.5,
99,CSIMon-000630,06405750+0949209,100.23959,9.82246,3357,65,675.4,10.2,1,2.17,A+13,20.3,0.9,12.8,1.6,
100,CSIMon-000635,06410513+0948555,100.2714,9.81543,4314,345,524.7,10.8,1,3.66,L+04,17.9,0.8,19.3,1.7,
101,CSIMon-000647,06410295+0947543,100.26232,9.79842,6535,8,55.6,2.6,1,1.18,V+16,12.8,4.8,66.2,8.0,
102,CSIMon-000656,06412054+0947300,100.33557,9.79167,3944,245,584.9,20.8,1,4.44,V+16,16.7,0.9,14.6,2.0,
103,CSIMon-000657,06411771+0929262,100.32379,9.49061,4204,63,603.4,13.8,1,4.83,V+16,25.3,2.3,65.4,2.5,
104,CSIMon-000661,06405024+0920023,100.20935,9.33401,6393,98,5.2,0.0,3,19.86,V+16,0.0,4.8,56.8,7.4,1
105,CSIMon-000665,06410594+0927174,100.27473,9.45484,3248,61,568.2,14.5,1,2.47,A+13,17.0,2.7,41.6,3.0,
106,CSIMon-000680,06411333+0928075,100.30556,9.46873,4318,413,543.7,9.3,1,5.77,V+16,20.6,0.8,16.3,1.7,
107,CSIMon-000683,06412945+0939182,100.37269,9.65504,3939,142,578.9,18.4,1,4.13,L+04,19.0,0.8,14.2,1.4,
108,CSIMon-000686,06405987+0949329,100.24945,9.82581,3560,21,603.3,30.5,1,2.25,L+04,24.1,1.7,,,
109,CSIMon-000688,06410510+0948479,100.27124,9.81333,3984,202,606.3,4.0,1,3.76,V+16,22.5,1.0,17.4,2.4,
110,CSIMon-000695,06413250+0938074,100.38539,9.63538,4805,95,482.8,0.8,1,3.23,V+16,17.6,0.7,15.0,0.5,
111,CSIMon-000707,06412320+0930364,100.34666,9.51012,4032,274,626.6,32.7,1,4.3,L+04,17.7,2.3,13.2,1.7,
112,CSIMon-000719,06410444+0951261,100.26849,9.85725,4650,245,457.3,0.8,1,3.97,V+16,26.2,0.3,15.0,0.5,
113,CSIMon-000722,06410374+0927398,100.26559,9.46106,4408,304,502.6,5.9,1,4.35,L+04,18.7,0.7,18.0,0.5,
114,CSIMon-000724,06405268+0944210,100.21947,9.73917,3798,88,586.4,15.8,1,5.13,V+16,18.5,1.5,12.0,0.5,
115,CSIMon-000728,06410778+0944030,100.2824,9.73416,5529,188,287.0,1.5,1,5.16,V+16,1.5,0.8,13.0,1.5,
116,CSIMon-000738,06411710+0952405,100.32126,9.87794,3839,112,561.0,6.9,1,9.25,L+04,25.1,1.2,9.0,0.5,
117,CSIMon-000747,06412202+0943127,100.34176,9.72022,4427,266,497.6,13.1,1,6.61,V+16,19.5,0.8,15.0,0.5,
118,CSIMon-000749,06411413+0926406,100.3089,9.44459,4314,532,619.3,5.4,1,1.44,V+16,30.2,3.8,57.0,5.5,
119,CSIMon-000755,06404696+0948480,100.19564,9.81335,4816,266,493.5,13.4,1,3.5,V+16,21.6,1.2,21.0,0.5,
120,CSIMon-000757,06405219+0956433,100.21748,9.94536,3761,89,539.7,24.2,1,8.61,A+13,22.3,1.9,12.0,0.5,
121,CSIMon-000769,06405411+0929510,100.22546,9.49753,3903,183,626.0,21.6,1,9.58,A+13,18.1,1.4,9.0,0.5,
122,CSIMon-000770,06411448+0937143,100.31033,9.62065,4232,130,582.1,7.3,1,5.44,V+16,19.6,1.6,15.0,0.5,
123,CSIMon-000779,06404820+0927008,100.20081,9.45021,3536,2,636.7,12.2,1,3.13,V+16,20.9,2.5,18.0,0.5,
124,CSIMon-000784,06410141+0934081,100.2559,9.56895,4796,6,475.3,10.0,1,10.1,V+16,19.0,0.9,10.8,1.7,
125,CSIMon-000786,06412305+0943266,100.34603,9.72407,3574,132,635.4,22.7,1,0.94,L+04,23.2,1.1,40.8,1.8,
126,CSIMon-000798,06405695+0948407,100.23729,9.81132,6132,80,165.5,8.3,2,3.81,V+16,,,15.0,3.9,
127,CSIMon-000805,06414494+0944403,100.43725,9.74454,4897,167,456.5,6.3,1,3.42,V+16,18.0,0.6,12.0,0.5,
128,CSIMon-000809,06410350+0931184,100.26458,9.52179,5703,35,228.0,9.3,1,2.17,V+16,19.2,0.9,49.8,1.7,
129,CSIMon-000819,06412919+0939359,100.3716,9.65998,5626,177,274.4,3.7,1,3.33,V+16,19.2,0.5,18.0,0.5,
130,CSIMon-000826,06405208+0952138,100.21701,9.87052,4159,319,515.9,16.2,1,14.53,V+16,19.7,0.9,13.8,1.6,
131,CSIMon-000828,06411301+0927393,100.30423,9.46093,3284,111,643.4,9.6,1,2.09,L+04,19.1,1.5,43.5,6.4,
132,CSIMon-000842,06405810+0951135,100.24207,9.85378,3746,90,652.6,17.1,1,11.09,V+16,19.0,1.9,10.0,1.6,
133,CSIMon-000872,06404610+0947502,100.19208,9.79727,3665,29,644.6,28.2,1,5.93,V+16,21.2,1.6,15.0,0.5,
134,CSIMon-000881,06410891+0941147,100.28717,9.68744,4666,142,484.9,4.5,1,3.92,V+16,20.7,0.9,22.3,1.7,
135,CSIMon-000886,06404505+0945418,100.18767,9.76161,4888,167,591.0,4.0,1,4.61,V+16,24.1,1.3,21.0,0.5,
136,CSIMon-000890,06405518+0950498,100.22993,9.84717,4986,190,515.6,4.1,1,1.16,V+16,14.8,2.1,44.1,1.5,
137,CSIMon-000894,06411542+0946396,100.31425,9.77769,5232,81,397.0,25.5,1,1.46,V+16,19.6,3.2,60.0,3.0,
138,CSIMon-000901,06404335+0950595,100.18062,9.84986,4532,28,524.3,5.6,1,9.03,V+16,21.2,1.0,14.1,1.6,
139,CSIMon-000910,06404792+0933031,100.19968,9.55085,3806,147,503.6,6.3,1,2.58,V+16,16.9,2.1,22.2,1.7,
140,CSIMon-000924,06405684+0951566,100.23683,9.86574,3603,55,642.8,13.2,1,5.15,L+04,20.5,1.9,12.0,0.5,
141,CSIMon-000932,06404485+0957442,100.18688,9.96229,4537,175,553.3,14.7,1,15.37,V+16,33.3,1.0,13.0,1.6,
142,CSIMon-000933,06410554+0931405,100.27312,9.52795,3490,187,555.2,28.8,1,1.9,A+13,16.6,10.1,87.3,16.1,
143,CSIMon-000941,06412874+0927108,100.36975,9.453,3522,198,586.2,10.7,1,1.31,V+16,18.1,1.4,51.9,4.8,
144,CSIMon-000948,06412715+0935061,100.36314,9.58505,4865,312,465.8,2.2,1,1.55,V+16,18.3,2.2,66.0,0.5,
145,CSIMon-000954,06410734+0925549,100.28063,9.43195,4314,242,539.2,10.9,1,7.35,V+16,20.3,0.9,12.9,1.5,
146,CSIMon-000967,06411362+0913534,100.30676,9.2315,4447,421,539.7,11.6,1,3.35,V+16,18.7,1.3,18.0,0.5,
147,CSIMon-000977,06405910+0916593,100.24625,9.28316,3234,52,619.8,49.7,1,0.72,V+16,13.8,6.6,87.0,5.5,
148,CSIMon-000986,06401978+0931492,100.08238,9.53031,3343,15,625.8,20.9,1,4.77,L+04,18.3,0.7,,,
149,CSIMon-000989,06400851+0944135,100.03549,9.73708,3897,4,610.6,7.9,1,0.96,V+16,22.7,5.2,,,
150,CSIMon-000991,06401931+0948300,100.08045,9.80831,4121,81,599.2,18.6,1,1.03,V+16,20.6,2.1,69.8,6.4,
151,CSIMon-000995,06402569+0958356,100.10706,9.97656,5089,137,339.4,5.2,1,9.28,V+16,20.7,0.6,12.0,0.5,
152,CSIMon-001000,06401168+0945559,100.04868,9.76551,4111,534,617.4,25.8,1,1.43,V+16,29.8,5.2,42.0,2.5,
153,CSIMon-001002,06402626+0938014,100.1094,9.63374,4182,345,589.0,17.1,1,6.3,V+16,8.2,1.0,28.0,1.6,
154,CSIMon-001005,06400522+0950566,100.02175,9.84904,3568,112,683.5,21.4,1,1.77,V+16,16.8,3.7,36.0,0.5,
155,CSIMon-001012,06403332+0958529,100.13884,9.98139,4195,369,565.3,5.0,1,4.47,V+16,20.9,1.3,12.0,0.5,
156,CSIMon-001013,06404044+0951025,100.16849,9.85071,3899,152,563.8,15.4,1,8.11,L+04,21.2,1.4,11.5,2.0,
157,CSIMon-001015,06393932+0955596,99.91381,9.93322,4238,330,546.3,9.1,1,4.25,V+16,14.5,2.3,43.5,2.6,3
158,CSIMon-001016,06402103+0936319,100.08762,9.60887,5081,241,308.4,10.2,1,1.48,V+16,24.0,1.5,51.0,0.5,
159,CSIMon-001021,06402808+0935338,100.11699,9.59271,3598,72,570.7,11.5,1,12.09,L+04,19.6,0.7,12.0,0.5,
160,CSIMon-001023,06401030+0938550,100.04292,9.64865,4974,193,424.9,23.8,1,3.83,V+16,19.3,1.0,25.5,1.7,
161,CSIMon-001029,06395985+0933417,99.99938,9.56157,4439,439,512.3,12.4,1,2.58,A+13,17.1,1.8,24.0,0.5,
162,CSIMon-001056,06400630+0935565,100.02628,9.59905,3784,69,585.5,17.4,1,1.52,V+16,17.4,1.9,16.1,1.6,
163,CSIMon-001067,06401092+0954260,100.0455,9.90724,3252,61,714.1,26.5,1,1.15,V+16,17.4,6.1,58.0,1.8,
164,CSIMon-001074,06400843+0959260,100.03512,9.99052,3522,51,570.1,29.5,1,3.33,V+16,13.8,2.7,15.0,0.5,
165,CSIMon-001082,06400112+0935335,100.00469,9.59265,3612,118,670.4,19.3,1,9.19,V+16,17.3,1.8,11.4,1.6,
166,CSIMon-001085,06403280+0951293,100.13666,9.85815,4769,256,572.0,1.0,1,3.45,V+16,21.6,1.4,30.0,0.5,
167,CSIMon-001087,06400121+0942364,100.00504,9.71013,3605,40,643.1,11.6,1,3.93,V+16,14.8,2.8,12.0,0.5,
168,CSIMon-001092,06403870+0936569,100.16117,9.61583,3625,9,628.7,8.9,1,1.32,V+16,18.7,2.2,48.0,2.5,
169,CSIMon-001115,06400215+0945143,100.00896,9.75398,4833,138,75.1,5.3,1,1.35,V+16,18.3,1.0,30.0,0.5,2
170,CSIMon-001133,06395957+0956243,99.99823,9.94009,4460,336,529.0,16.6,1,1.25,V+16,24.6,3.0,43.9,1.6,
171,CSIMon-001158,06392625+0941108,99.85939,9.68632,4907,172,501.8,10.9,1,5.55,V+16,15.8,1.4,16.4,1.7,
172,CSIMon-001159,06401530+0945578,100.06374,9.76602,3473,15,588.6,12.6,1,3.47,L+04,16.4,0.7,13.2,1.6,
173,CSIMon-001172,06400637+0939335,100.02659,9.65933,4417,288,525.9,3.2,1,6.49,V+16,15.7,0.7,12.0,0.5,
174,CSIMon-001181,06401801+0950220,100.07509,9.83946,3471,61,621.9,16.1,1,6.1,V+16,17.4,0.7,11.7,2.0,
175,CSIMon-001189,06403902+0935599,100.16258,9.6,4198,356,548.5,8.8,1,4.58,V+16,19.3,1.1,15.0,0.5,
176,CSIMon-001200,06401244+0944231,100.05185,9.73974,3962,218,570.6,14.8,1,2.69,V+16,19.3,1.2,22.1,1.7,
177,CSIMon-001201,06403663+0948229,100.15262,9.80638,4954,206,459.7,7.1,1,16.43,V+16,20.3,0.5,12.0,0.5,
178,CSIMon-001204,06394960+0933221,99.95665,9.55616,4589,253,455.4,8.2,1,6.55,V+16,15.6,0.9,12.8,1.5,
179,CSIMon-001205,06402881+0948240,100.12008,9.80674,4444,267,520.6,8.2,1,6.86,V+16,20.0,0.8,10.1,1.6,
180,CSIMon-001218,06402858+0935476,100.1191,9.59657,3966,170,614.5,6.2,1,4.59,V+16,17.9,1.1,15.8,1.5,
181,CSIMon-001236,06402222+0954285,100.09257,9.908,3958,207,628.5,13.5,1,7.2,V+16,24.8,2.4,29.9,2.3,3
182,CSIMon-001247,06402895+0942171,100.1206,9.70475,4421,276,525.0,6.3,1,7.34,V+16,20.9,0.7,15.0,0.5,
183,CSIMon-001248,06394672+0940539,99.94468,9.6817,5164,84,364.3,3.2,1,3.84,V+16,18.8,0.9,27.0,0.5,
184,CSIMon-001256,06394157+0934405,99.92322,9.57792,5782,56,255.0,2.3,1,3.65,V+16,15.8,1.2,24.0,0.5,
185,CSIMon-001264,06403062+0946106,100.12756,9.76962,4613,283,458.0,4.4,1,7.17,V+16,19.7,0.2,13.8,1.7,
186,CSIMon-001265,06401089+0940073,100.04536,9.6687,3564,60,609.3,25.8,1,12.26,V+16,17.3,1.7,12.9,4.5,
187,CSIMon-001274,06404142+0948096,100.1726,9.80267,4443,258,540.6,2.2,1,4.71,V+16,20.9,0.9,18.7,1.5,
188,CSIMon-001276,06400405+0943047,100.01687,9.71799,3516,35,741.6,17.1,1,3.73,L+04,21.8,1.3,,,
189,CSIMon-001278,06404180+0949523,100.17414,9.83119,4867,140,536.5,15.4,1,1.05,V+16,27.9,2.1,55.2,1.7,
190,CSIMon-001279,06403123+0931071,100.13017,9.51863,4883,191,524.5,10.9,1,1.98,V+16,20.0,2.0,30.9,1.5,
191,CSIMon-001282,06400268+0918198,100.01117,9.3055,5872,98,108.7,4.5,1,9.83,A+13,10.6,0.7,18.7,1.5,1
192,CSIMon-001290,06393037+0933374,99.87659,9.56039,4967,193,530.4,7.5,1,2.25,V+16,20.2,1.9,30.0,0.5,
193,CSIMon-001292,06394771+0926067,99.94881,9.43522,6441,6,2.5,0.0,3,1.02,V+16,28.3,1.9,112.6,29.2,1
194,CSIMon-001298,06401404+0920285,100.05849,9.34126,5176,107,306.5,9.9,1,1.29,V+16,17.4,1.3,76.0,2.3,
195,CSIMon-001303,06400402+0927071,100.01677,9.45197,3881,5,660.0,14.3,1,0.82,V+16,15.0,3.9,,,
196,CSIMon-001305,06400890+0926091,100.03706,9.43587,3603,46,589.7,17.1,1,5.43,L+04,16.7,1.0,12.0,0.5,
197,CSIMon-001313,06403633+0918576,100.15138,9.31599,4782,236,571.3,21.7,1,1.16,V+16,17.0,3.0,55.3,1.8,
198,CSIMon-001314,06400681+0924381,100.02837,9.41057,3734,51,583.9,8.4,1,7.22,L+04,15.8,1.9,9.9,1.5,
199,CSIMon-001359,06410629+0929310,100.27633,9.49191,3694,20,654.9,6.7,1,3.18,V+16,19.5,1.4,22.2,1.6,
200,CSIMon-001397,06401105+0938406,100.04604,9.64467,3901,148,530.9,8.0,1,10.48,L+04,15.7,1.5,9.8,3.1,
201,CSIMon-001579,06403511+1004218,100.14632,10.07271,4858,156,572.6,16.0,1,1.34,V+16,28.8,4.7,65.7,2.0,
