OBJECT TEFF E_TEFF LOGG E_LOGG FEH E_FEH LI1 E_LI1 "AGE (Gyr)" GES_FLD
06401345+0919276 4466.49 73.24 4.56 0.08 0.01 0.06 0.13 0.00 0.003 NGC2264
06403878+0921383 4908 82 4.55 0.09 -0.02 0.06 0.76 0.00 0.003 NGC2264
06404684+0915267 5893 83 4.42 0.08 0.11 0.07 2.44 0.07 0.003 NGC2264
06405800+0918030 5836 83 4.37 0.09 -0.18 0.08 2.07 0.07 0.003 NGC2264
06410169+0921055 5084 82 4.55 0.10 0.00 0.06 0.97 0.09 0.003 NGC2264
06410403+0923322 5848 81 4.49 0.09 -0.08 0.08 2.34 0.07 0.003 NGC2264
06410968+0924547 3946.99 60.63 4.52 0.08 -0.42 0.03 3.10 0.05 0.003 NGC2264
06411938+0921470 5022 81 4.63 0.08 -0.05 0.07 -0.33 0.51 0.003 NGC2264
06414598+0923504 5912 81 4.23 0.11 -0.36 0.09 2.02 0.07 0.003 NGC2264
06410600+0935513 4997 81 4.49 0.08 -0.09 0.08 0.80 0.00 0.003 NGC2264
06410887+0946010 5865 85 4.39 0.11 0.09 0.07 2.90 0.08 0.003 NGC2264
06411572+0938182 5837 83 4.20 0.10 -0.23 0.08 2.67 0.07 0.003 NGC2264
06414887+0943134 4074.15 63.37 1.77 0.23 0.02 0.01 0.56 0.10 0.003 NGC2264
06402338+0946511 5060 81 3.31 0.29 -0.08 0.09 1.36 0.17 0.003 NGC2264
06403213+0950266 3853.62 60.17 4.62 0.11 -0.51 0.12 0.30 0.13 0.003 NGC2264
06403350+0942550 6655 82 4.01 0.17 -0.27 0.24 3.23 0.09 0.003 NGC2264
06403703+0947284 4298.74 79.06 4.67 0.11 -0.10 0.08 3.24 0.08 0.003 NGC2264
06404694+0955037 6851 83 4.09 0.14 -0.01 0.12 3.08 0.10 0.003 NGC2264
06404912+0955130 5725 94 4.08 0.53 -0.31 0.17 2.12 0.24 0.003 NGC2264
06412568+0952462 4738 85 2.65 0.35 -0.18 0.14 1.16 0.16 0.003 NGC2264
06413671+0953380 6948 84 4.06 0.20 -0.14 0.12 3.52 0.07 0.003 NGC2264
06413732+0944573 6404 81 3.98 0.21 -0.19 0.16 3.05 0.11 0.003 NGC2264
06413808+0955007 6331 83 4.09 0.13 0.00 0.08 2.25 0.13 0.003 NGC2264
06415431+0946230 4246.84 71.7 4.65 0.10 0.00 0.08 0.17 0.17 0.003 NGC2264
06392899+0952279 3951.79 67.3 4.61 0.13 -0.50 0.15 0.15 0.00 0.003 NGC2264
06392912+0952520 5198 82 4.54 0.28 0.06 0.11 1.43 0.00 0.003 NGC2264
06392934+0944566 6383 82 3.83 0.29 -0.38 0.22 2.67 0.19 0.003 NGC2264
06392959+0948134 3969.25 66.21 4.79 0.12 -0.45 0.12 0.44 0.14 0.003 NGC2264
06393161+0953374 5804 84 4.18 0.22 -0.28 0.12 2.12 0.13 0.003 NGC2264
06393328+0948423 4869 78 2.96 0.37 0.03 0.10 0.65 0.55 0.003 NGC2264
06393475+0946541 5123 83 4.26 0.33 -0.21 0.12 1.85 0.12 0.003 NGC2264
06393498+0946003 6037 83 4.15 0.22 -0.12 0.10 2.92 0.09 0.003 NGC2264
06393645+0945410 5109 96 3.69 0.68 -1.06 0.24 1.19 0.00 0.003 NGC2264
06394376+0957417 4131.3 77.39 4.64 0.15 0.01 0.08 0.35 0.19 0.003 NGC2264
06394464+0957042 5783 94 4.26 0.21 -0.37 0.13 2.31 0.15 0.003 NGC2264
06394804+0948455 5746 83 4.16 0.21 -0.04 0.11 2.88 0.09 0.003 NGC2264
06394944+0938531 5389 82 4.22 0.34 -0.35 0.13 1.82 0.17 0.003 NGC2264
06395056+0948534 6167 84 4.20 0.27 -0.06 0.12 2.66 0.12 0.003 NGC2264
06395247+0957291 3842.76 69.31 4.73 0.24 -0.51 0.35 -0.91 0.58 0.003 NGC2264
06395606+0958501 4731 96 2.40 0.62 -0.27 0.17 1.17 0.25 0.003 NGC2264
06395625+0951211 5988 81 4.26 0.27 -0.16 0.12 2.70 0.09 0.003 NGC2264
06395637+0943584 5105 83 3.69 0.29 0.07 0.10 1.33 0.00 0.003 NGC2264
06395699+0949251 5824 79 4.21 0.20 0.17 0.09 2.56 0.08 0.003 NGC2264
06400126+0946424 4970 82 3.11 0.26 -0.03 0.07 -0.14 0.69 0.003 NGC2264
06400599+0957510 5402 84 4.00 0.38 -0.05 0.13 1.49 0.00 0.003 NGC2264
06400713+0943484 4441 97 4.65 0.11 -0.10 0.09 -0.30 0.49 0.003 NGC2264
06401027+0945209 3932.74 65.13 4.68 0.13 -0.20 0.11 0.38 0.16 0.003 NGC2264
06401421+0940432 6652 97 3.67 0.64 -0.19 0.30 2.67 0.00 0.003 NGC2264
06401423+0946529 4529.32 79.65 4.58 0.11 -0.03 0.08 0.46 0.00 0.003 NGC2264
06402068+0941516 6822 95 3.98 0.64 -0.38 0.32 2.88 0.00 0.003 NGC2264
06402849+0958319 5425 96 3.24 0.58 0.28 0.13 1.46 0.00 0.003 NGC2264
06405428+0947091 3946.45 61.41 4.52 0.09 -0.43 0.05 0.19 0.12 0.003 NGC2264
06393161+0947355 5896 31 4.46 0.05 0.04 0.17 2.20 0.03 0.003 NGC2264
06401919+0945352 4834 32 4.53 0.06 -0.02 0.17 -0.21 0.00 0.003 NGC2264
06393512+0922003 4586 81 4.60 0.22 -0.08 0.10 0.60 0.23 0.003 NGC2264
06394771+0926067 6524 81 4.18 0.11 -0.17 0.11 2.37 0.08 0.003 NGC2264
06395155+0916339 6384 83 4.09 0.16 -0.13 0.09 2.38 0.12 0.003 NGC2264
06400132+0922250 6532 81 4.16 0.18 -0.24 0.15 2.94 0.10 0.003 NGC2264
06400510+0922015 4520 82 4.56 0.12 -0.07 0.08 0.12 0.25 0.003 NGC2264
06400730+0919419 4420.49 82.39 4.79 0.13 -0.07 0.09 0.39 0.18 0.003 NGC2264
06400880+0927441 3890.55 61.03 1.43 0.17 0.07 0.02 -1.00 0.00 0.003 NGC2264
06400882+0919091 6806 82 3.99 0.18 -0.05 0.11 3.45 0.07 0.003 NGC2264
06400898+0928146 4862 83 2.86 0.31 -0.04 0.13 0.35 0.87 0.003 NGC2264
06401014+0912325 5646 82 4.33 0.12 -0.26 0.09 2.05 0.08 0.003 NGC2264
06401141+0916158 4507 83 4.60 0.17 0.04 0.09 0.24 0.32 0.003 NGC2264
06401249+0928130 4595.52 81.36 4.69 0.12 0.04 0.07 -0.30 0.53 0.003 NGC2264
06402096+0923542 4669 83 2.65 0.21 -0.02 0.09 0.84 0.00 0.003 NGC2264
06402878+0921540 4571.13 76.28 2.37 0.18 -0.11 0.13 0.66 0.00 0.003 NGC2264
06403559+0912342 4853 82 4.59 0.16 -0.21 0.10 0.12 0.00 0.003 NGC2264
06403784+0917301 4156.42 68.6 4.73 0.11 -0.36 0.05 0.24 0.14 0.003 NGC2264
06404889+0917116 6547 85 4.09 0.16 -0.09 0.12 1.77 0.00 0.003 NGC2264
06410688+0923213 4973 82 4.50 0.09 0.01 0.06 0.80 0.00 0.003 NGC2264
06395738+0913593 5986 32 4.20 0.05 -0.06 0.05 2.24 0.03 0.003 NGC2264
06403431+0919110 6771 49 4.17 0.07 -0.19 0.08 3.10 0.03 0.003 NGC2264
06404817+0924118 6779 62 3.94 0.09 0.00 0.12 1.43 0.00 0.003 NGC2264
06392788+0928391 5437 82 3.42 0.29 0.02 0.10 1.18 0.44 0.003 NGC2264
06392911+0942386 4956 94 2.06 0.86 -1.45 0.36 1.53 0.22 0.003 NGC2264
06392914+0931197 5941 83 4.14 0.20 -0.26 0.10 2.41 0.10 0.003 NGC2264
06393961+0945442 3949.36 61.47 4.73 0.09 -0.09 0.04 -0.04 0.24 0.003 NGC2264
06394971+0927535 5231 84 4.15 0.30 0.13 0.08 1.45 0.00 0.003 NGC2264
06400214+0933316 6957 82 4.15 0.19 -0.01 0.13 2.49 0.00 0.003 NGC2264
06400419+0936040 4571 81 4.52 0.13 0.03 0.08 1.09 0.11 0.003 NGC2264
06400498+0932548 6582 83 4.05 0.13 -0.17 0.12 2.57 0.10 0.003 NGC2264
06401747+0939374 4027.48 63.6 4.68 0.09 -0.07 0.04 -0.22 0.25 0.003 NGC2264
06402657+0933250 4875 84 4.52 0.17 -0.18 0.11 0.63 0.00 0.003 NGC2264
06403376+0932570 6206 81 3.99 0.11 -0.28 0.10 2.51 0.07 0.003 NGC2264
06394098+0944148 5915 33 4.45 0.05 0.19 0.04 2.22 0.04 0.003 NGC2264
06400565+0935492 6252 58 3.74 0.09 0.13 0.12 3.55 0.05 0.003 NGC2264
06392408+0938088 4330.83 230.43 2.85 0.85 -0.15 0.23 1.11 0.38 0.003 NGC2264
06392849+0937438 4011.37 81.38 4.52 0.17 -1.12 0.34 0.20 0.00 0.003 NGC2264
06392907+0941112 3913.61 77.14 3.08 0.23 0.19 0.17 -1.00 0.00 0.003 NGC2264
06393399+0933427 3807.25 59.84 4.52 0.11 -0.22 0.17 -0.22 0.37 0.003 NGC2264
06393768+0930242 5146 83 3.41 0.43 -0.20 0.13 1.68 0.15 0.003 NGC2264
06394386+0928268 4625 93 5.21 0.70 -0.10 0.15 0.52 0.00 0.003 NGC2264
06394448+0923003 6944 101 4.02 0.61 -0.10 0.30 2.89 0.00 0.003 NGC2264
06395189+0924474 4562.92 133.52 4.66 0.11 0.08 0.10 0.27 0.00 0.003 NGC2264
06395191+0922367 6516 95 4.22 0.52 -0.16 0.21 3.15 0.13 0.003 NGC2264
06395625+0930586 4497 83 2.46 0.23 -0.09 0.13 0.38 0.18 0.003 NGC2264
06395763+0929314 6901 98 4.22 0.42 -0.19 0.19 2.88 0.17 0.003 NGC2264
06395882+0945113 6239 80 4.13 0.32 -0.21 0.15 2.74 0.13 0.003 NGC2264
06400134+0936114 5215 83 3.47 0.29 0.00 0.09 1.57 0.16 0.003 NGC2264
06400442+0932250 4793 86 2.75 0.26 -0.08 0.13 1.07 0.20 0.003 NGC2264
06400877+0925088 5155 80 3.42 0.17 -0.07 0.09 1.55 0.13 0.003 NGC2264
06401118+0929504 3997.79 66.95 4.73 0.12 -0.39 0.09 -0.33 0.41 0.003 NGC2264
06403065+0926587 6205 84 3.99 0.29 0.02 0.13 2.65 0.14 0.003 NGC2264
06403171+0924138 6897 100 3.91 0.45 -0.33 0.23 3.04 0.16 0.003 NGC2264
06394157+0934405 5693 58 4.34 0.10 -0.05 0.11 3.79 0.07 0.003 NGC2264
06401692+0929099 6484 61 3.92 0.10 -0.02 0.11 3.11 0.05 0.003 NGC2264
06401757+0932198 4956 28 4.57 0.05 0.23 0.06 0.32 0.00 0.003 NGC2264
06403914+0904072 6718 83 4.07 0.11 0.00 0.08 2.70 0.07 0.003 NGC2264
06404805+0908408 4218.22 75.71 1.92 0.27 -0.15 0.12 -0.01 0.28 0.003 NGC2264
06405695+0909009 4264.53 74.17 1.81 0.19 -0.21 0.13 0.16 0.00 0.003 NGC2264
06405771+0911205 4858 82 2.71 0.22 -0.06 0.11 1.03 0.00 0.003 NGC2264
06405775+0908112 5635 83 4.21 0.19 0.20 0.08 1.85 0.15 0.003 NGC2264
06405986+0911350 5807 83 4.20 0.20 -0.27 0.12 2.41 0.09 0.003 NGC2264
06410568+0904155 4415.78 93.04 4.79 0.17 -0.03 0.09 0.47 0.21 0.003 NGC2264
06412200+0912110 4312.37 72.13 1.90 0.17 -0.17 0.12 0.21 0.00 0.003 NGC2264
06412465+0909332 4480.98 83.35 4.72 0.13 -0.04 0.08 0.14 0.00 0.003 NGC2264
06412679+0905084 6616 83 3.98 0.16 -0.23 0.13 2.34 0.16 0.003 NGC2264
06412961+0906421 4459.06 95.82 2.43 0.27 -0.04 0.10 0.55 0.00 0.003 NGC2264
06412973+0911150 4695 82 2.65 0.16 -0.08 0.10 0.76 0.00 0.003 NGC2264
06413775+0908094 4609 80 4.56 0.18 -0.02 0.09 0.52 0.00 0.003 NGC2264
06414309+0914466 4688 81 2.64 0.32 -0.09 0.12 0.49 0.00 0.003 NGC2264
06415110+0912199 3992.26 64.56 1.50 0.18 0.26 0.03 -1.00 0.00 0.003 NGC2264
06410157+0915215 5477 30 4.05 0.05 0.29 0.05 2.16 0.04 0.003 NGC2264
06413292+0919035 6592 42 4.07 0.08 0.05 0.05 2.17 0.00 0.003 NGC2264
06392758+0951008 4735 83 2.61 0.25 -0.18 0.12 0.77 0.16 0.003 NGC2264
06393044+0949240 4805 83 2.65 0.21 -0.07 0.06 0.84 0.00 0.003 NGC2264
06393237+0946242 4585 83 2.52 0.17 -0.07 0.06 0.71 0.00 0.003 NGC2264
06394266+0955345 5691 84 4.19 0.14 -0.42 0.08 1.25 0.23 0.003 NGC2264
06402572+1001112 6175 81 4.05 0.21 -0.08 0.10 2.00 0.00 0.003 NGC2264
06402947+1000478 4931 79 3.33 0.24 -0.04 0.09 0.93 0.00 0.003 NGC2264
06405423+0950538 3921.17 60.68 4.70 0.09 -0.21 0.05 0.03 0.17 0.003 NGC2264
06405490+0950123 4516 80 4.69 0.12 -0.05 0.07 0.19 0.20 0.003 NGC2264
06405863+0945546 3918.51 60.15 4.69 0.08 0.11 0.03 -0.35 0.50 0.003 NGC2264
06401374+1012587 5247 94 3.04 0.79 -0.91 0.28 1.85 0.20 0.003 NGC2264
06401539+0959187 5698 96 4.75 0.84 -0.54 0.28 1.75 0.00 0.003 NGC2264
06401563+1000523 6728 99 4.59 0.53 -0.09 0.22 2.56 0.00 0.003 NGC2264
06401688+1012423 6169 98 3.12 0.59 -0.61 0.26 2.89 0.14 0.003 NGC2264
06401910+0958497 4715 96 3.56 0.82 -0.51 0.22 1.26 0.25 0.003 NGC2264
06401994+0957384 4732 82 2.69 0.22 -0.07 0.12 0.51 0.35 0.003 NGC2264
06402764+1009489 4311.49 171.36 1.97 0.68 -0.46 0.20 0.11 0.76 0.003 NGC2264
06403299+1002323 6074 94 4.05 0.16 0.02 0.13 2.97 0.11 0.003 NGC2264
06403348+1015312 4511.89 218.94 1.77 0.74 -0.38 0.22 1.01 0.40 0.003 NGC2264
06403728+0957381 6284 95 3.90 0.59 -0.13 0.22 3.09 0.16 0.003 NGC2264
06403858+1002016 5797 84 4.04 0.26 -0.34 0.14 2.76 0.09 0.003 NGC2264
06404476+1001365 6069 83 3.97 0.40 -0.22 0.22 2.82 0.14 0.003 NGC2264
06404848+1009262 6617 98 4.13 1.38 -2.08 1.26 2.93 0.17 0.003 NGC2264
06404904+0957451 5244 95 2.98 0.62 -0.12 0.16 1.22 0.00 0.003 NGC2264
06405113+1007228 5072 98 2.67 0.57 -1.12 0.22 1.36 0.19 0.003 NGC2264
06405244+1003581 5948 82 4.24 0.19 -0.18 0.11 2.15 0.11 0.003 NGC2264
06405307+1014546 5826 94 4.48 0.82 0.08 0.23 2.95 0.18 0.003 NGC2264
06410055+1003133 6205 97 4.82 0.92 -0.69 0.38 2.58 0.00 0.003 NGC2264
06410155+1006286 5171 81 4.48 0.21 0.03 0.09 1.10 0.25 0.003 NGC2264
06411994+1004013 3860.54 59.21 4.64 0.09 -0.21 0.06 -1.00 0.00 0.003 NGC2264
06412028+1001095 4353.88 78.74 1.89 0.18 -0.10 0.09 0.56 0.13 0.003 NGC2264
06413907+1009246 4700 82 3.07 0.35 0.05 0.10 0.98 0.00 0.003 NGC2264
06405223+1016044 6542 40 4.01 0.06 -0.15 0.04 2.72 0.04 0.003 NGC2264
06395485+1002036 5446 84 4.29 0.25 0.08 0.09 1.30 0.25 0.003 NGC2264
06400517+1011223 4873 81 2.81 0.18 -0.11 0.08 0.85 0.00 0.003 NGC2264
06400878+1006145 5373 85 3.58 0.25 -0.04 0.12 1.61 0.13 0.003 NGC2264
06400901+1004038 5795 83 4.41 0.16 -0.23 0.11 2.25 0.08 0.003 NGC2264
06402119+1007482 4832 81 2.76 0.23 -0.14 0.12 0.87 0.00 0.003 NGC2264
06402285+1006153 4731 81 2.61 0.24 -0.14 0.12 0.73 0.18 0.003 NGC2264
06402369+0959514 4632 82 2.64 0.13 0.05 0.08 0.64 0.13 0.003 NGC2264
06402463+1008219 4492 81 4.72 0.14 0.04 0.07 -0.03 0.48 0.003 NGC2264
06402708+1007439 4518.52 91.14 2.34 0.37 -0.30 0.15 0.54 0.18 0.003 NGC2264
06403476+0957422 4911 82 4.47 0.16 -0.19 0.11 0.40 0.51 0.003 NGC2264
06403752+1016096 6410 81 3.85 0.16 0.05 0.10 2.30 0.26 0.003 NGC2264
06404063+1016268 4312.7 100.1 4.57 0.19 0.19 0.09 0.60 0.22 0.003 NGC2264
06404408+1013271 6129 82 3.90 0.27 -0.16 0.14 2.68 0.11 0.003 NGC2264
06404587+0959460 4415.82 73.24 2.39 0.17 0.15 0.06 0.34 0.14 0.003 NGC2264
06404944+1013271 4489.46 84.49 2.37 0.23 -0.09 0.10 0.56 0.00 0.003 NGC2264
06405880+1007482 4847 80 4.71 0.14 -0.46 0.10 0.24 0.00 0.003 NGC2264
06411484+1010491 5625 82 4.20 0.09 -0.30 0.09 0.89 0.21 0.003 NGC2264
06412138+1008103 5762 80 4.30 0.16 -0.03 0.08 1.00 0.66 0.003 NGC2264
06410295+0947543 6610 84 4.05 0.10 0.08 0.08 3.20 0.06 0.003 NGC2264
06410679+0945334 4327.64 71.18 4.57 0.09 -0.15 0.08 -0.12 0.19 0.003 NGC2264
06411236+0939264 4772 81 4.57 0.16 -0.04 0.08 0.61 0.20 0.003 NGC2264
06411651+0952131 6237 83 4.17 0.11 -0.11 0.08 2.57 0.07 0.003 NGC2264
06411889+0939440 4700 83 4.49 0.15 -0.03 0.07 0.45 0.00 0.003 NGC2264
06412142+0958355 4566 83 4.67 0.10 0.02 0.06 0.27 0.00 0.003 NGC2264
06412866+0955302 6736 83 3.99 0.12 -0.04 0.10 3.21 0.06 0.003 NGC2264
06413305+0943361 4494.45 79.07 4.69 0.11 0.05 0.07 0.29 0.00 0.003 NGC2264
06413465+0951204 5237 84 4.58 0.15 -0.38 0.10 0.95 0.19 0.003 NGC2264
06413816+0957466 4931 81 2.75 0.16 -0.08 0.08 0.97 0.00 0.003 NGC2264
06414819+0942533 4468.01 75.97 4.57 0.10 0.00 0.08 -0.17 0.33 0.003 NGC2264
06415383+0954001 6607 81 4.25 0.10 0.07 0.07 2.93 0.07 0.003 NGC2264
06402313+0956198 4520 32 4.51 0.05 -0.09 0.05 0.00 0.08 0.003 NGC2264
06403234+1009590 4406 30 2.15 0.06 -0.04 0.05 -0.15 0.00 0.003 NGC2264
06394808+0956115 5096 83 3.35 0.36 -0.15 0.13 1.47 0.17 0.003 NGC2264
06395079+1005014 4916 83 2.94 0.43 -0.21 0.12 0.49 0.92 0.003 NGC2264
06395461+0957216 4026.9 67.16 4.68 0.12 -0.38 0.09 0.10 0.20 0.003 NGC2264
06400448+0953285 3893.27 62.49 4.75 0.12 -0.13 0.10 0.29 0.15 0.003 NGC2264
06401027+0957125 5783 82 4.20 0.19 0.02 0.09 2.14 0.11 0.003 NGC2264
06401087+0956240 6565 80 4.08 0.35 0.12 0.15 3.04 0.20 0.003 NGC2264
06401335+0949202 4760 99 2.25 0.75 -0.58 0.23 1.15 0.28 0.003 NGC2264
06401701+1000155 5586 80 4.30 0.33 -0.02 0.11 1.62 0.30 0.003 NGC2264
06401796+1001376 4580 83 2.50 0.25 -0.12 0.11 0.70 0.00 0.003 NGC2264
06401969+1005101 4924 79 4.02 0.44 -0.06 0.11 1.23 0.21 0.003 NGC2264
06402780+1011283 6103 82 4.32 0.18 0.01 0.10 2.71 0.08 0.003 NGC2264
06402816+1009399 6788 97 4.14 0.15 -0.14 0.21 2.85 0.20 0.003 NGC2264
06403035+1008378 6827 97 4.22 0.11 -0.05 0.13 2.62 0.00 0.003 NGC2264
06403103+1001153 3891.33 64.39 4.64 0.13 0.03 0.11 0.27 0.18 0.003 NGC2264
06403211+1007153 5308 96 4.47 0.20 -0.19 0.13 1.22 0.00 0.003 NGC2264
06403490+1005403 3823.14 58.01 4.70 0.08 -0.30 0.07 0.23 0.14 0.003 NGC2264
06403621+1003109 5242 92 4.13 0.39 0.02 0.16 1.64 0.22 0.003 NGC2264
06403687+1001230 5996 82 4.16 0.26 0.07 0.11 2.57 0.13 0.003 NGC2264
06404018+1000280 6678 81 4.03 0.27 -0.14 0.19 2.66 0.00 0.003 NGC2264
06404403+1011412 5932 93 3.29 0.60 -0.26 0.20 2.38 0.23 0.003 NGC2264
06404554+0951231 4675 82 2.60 0.26 0.06 0.11 0.55 0.28 0.003 NGC2264
06404675+0959388 6203 81 3.83 0.21 -0.21 0.14 2.75 0.10 0.003 NGC2264
06404796+1006100 6498 96 4.24 0.62 -0.18 0.25 3.43 0.14 0.003 NGC2264
06404932+0958514 5463 94 4.28 0.31 0.10 0.13 2.41 0.14 0.003 NGC2264
06411046+1001520 4550 80 2.44 0.23 -0.06 0.12 1.14 0.12 0.003 NGC2264
06400859+0949188 5538 94 3.46 0.53 -0.34 0.16 2.23 0.16 0.003 NGC2264
06401140+0941427 3988.35 86.82 4.52 0.28 0.14 0.16 0.00 0.59 0.003 NGC2264
06401834+0947096 5724 94 4.28 0.15 -0.35 0.14 2.41 0.14 0.003 NGC2264
06403980+0948452 6632 84 4.06 0.29 -0.32 0.23 3.30 0.09 0.003 NGC2264
06404412+0949575 5071 81 3.32 0.34 -0.12 0.13 1.56 0.17 0.003 NGC2264
06412434+0947198 6085 96 3.32 0.47 0.09 0.16 2.26 0.00 0.003 NGC2264
06412977+0956440 5610 98 3.15 0.53 -0.42 0.17 2.24 0.17 0.003 NGC2264
06411380+0955439 6127 56 4.22 0.10 0.00 0.12 3.82 0.05 0.003 NGC2264
06404128+0917570 4565 83 2.62 0.25 -0.01 0.10 0.40 0.24 0.003 NGC2264
06404360+0917041 5982 82 4.28 0.20 0.14 0.11 2.04 0.21 0.003 NGC2264
06410286+0918101 6573 98 3.77 0.43 0.42 0.17 3.32 0.15 0.003 NGC2264
06410756+0920466 4442.97 82.72 4.64 0.13 -0.02 0.08 0.04 0.00 0.003 NGC2264
06410776+0918102 3882.55 67.79 4.59 0.16 0.30 0.12 0.41 0.22 0.003 NGC2264
06411068+0921170 4225.77 75.27 4.72 0.12 -0.09 0.09 0.05 0.26 0.003 NGC2264
06414438+0930350 4733 80 2.86 0.56 -0.15 0.16 0.52 0.00 0.003 NGC2264
06403720+0926513 6141 31 4.21 0.05 0.04 0.05 2.40 0.03 0.003 NGC2264
06402497+0911540 3829.86 75.33 4.48 0.27 0.21 0.25 -0.39 0.00 0.003 NGC2264
06403397+0912532 5769 96 4.26 0.73 0.21 0.18 2.23 0.26 0.003 NGC2264
06403909+0915346 4854 96 4.64 0.95 -0.52 0.25 1.42 0.24 0.003 NGC2264
06404110+0920102 4063.36 72.24 4.60 0.13 -0.10 0.08 -0.66 0.52 0.003 NGC2264
06404373+0917591 4488 82 4.84 0.30 0.03 0.12 0.27 0.00 0.003 NGC2264
06404944+0919098 6091 98 2.75 1.08 -1.41 0.62 2.69 0.19 0.003 NGC2264
06404969+0917500 5318 92 2.99 0.62 -0.04 0.16 1.83 0.27 0.003 NGC2264
06405388+0906495 5964 80 4.09 0.33 -0.03 0.14 2.46 0.18 0.003 NGC2264
06405568+0912316 6259 95 4.06 0.17 -0.30 0.21 2.91 0.12 0.003 NGC2264
06405594+0916330 4997 81 4.62 0.24 -0.09 0.11 1.13 0.21 0.003 NGC2264
06405660+0911340 4419.08 80.69 4.79 0.13 -0.02 0.08 -0.31 0.56 0.003 NGC2264
06405663+0912453 6314 84 3.79 0.20 -0.17 0.13 2.67 0.10 0.003 NGC2264
06405836+0903289 3996.76 89.86 5.49 0.31 -0.02 0.17 0.78 0.19 0.003 NGC2264
06410063+0916544 3916.56 62.86 4.62 0.11 -0.43 0.10 -0.23 0.30 0.003 NGC2264
06410088+0902512 4767 97 2.39 0.70 -0.26 0.19 1.26 0.26 0.003 NGC2264
06410123+0913400 5441 82 4.04 0.36 -0.18 0.16 1.80 0.16 0.003 NGC2264
06410953+0908069 5377 81 4.40 0.27 -0.02 0.11 1.37 0.32 0.003 NGC2264
06411104+0912073 4642 94 4.56 0.11 -0.09 0.10 0.51 0.00 0.003 NGC2264
06412214+0907062 5089 82 4.09 0.32 -0.04 0.09 2.34 0.11 0.003 NGC2264
06412382+0904426 6613 97 3.94 0.84 -0.39 0.40 3.04 0.00 0.003 NGC2264
06412505+0918215 6227 84 3.90 0.31 -0.19 0.16 2.31 0.00 0.003 NGC2264
06412974+0904427 5826 80 4.21 0.30 -0.05 0.14 1.99 0.26 0.003 NGC2264
06413008+0908252 4015.79 66.73 4.76 0.12 -0.41 0.08 0.32 0.14 0.003 NGC2264
06413060+0915521 4315.92 78.38 4.65 0.12 -0.12 0.09 -0.21 0.44 0.003 NGC2264
06413154+0913425 6141 81 3.99 0.22 -0.10 0.12 2.66 0.09 0.003 NGC2264
06413751+0917225 3850.31 60.06 4.71 0.11 -0.27 0.11 0.16 0.16 0.003 NGC2264
06414005+0908178 5892 82 4.14 0.22 0.17 0.10 2.00 0.23 0.003 NGC2264
06414777+0919206 5676 97 3.27 0.53 -0.41 0.18 2.07 0.29 0.003 NGC2264
06414931+0910476 4801 82 2.68 0.25 -0.07 0.12 0.28 0.67 0.003 NGC2264
06415018+0914137 3877.98 59.36 4.68 0.08 -0.37 0.05 0.15 0.13 0.003 NGC2264
06411010+0914326 5679 31 4.08 0.05 -0.11 0.05 1.25 0.00 0.003 NGC2264
06411398+0910340 6269 33 4.10 0.05 -0.01 0.05 2.49 0.03 0.003 NGC2264
06412947+0914128 5791 31 4.30 0.05 0.22 0.05 2.03 0.03 0.003 NGC2264
06413651+0918374 5037 31 4.50 0.06 -0.14 0.05 0.11 0.00 0.003 NGC2264
06404125+0954309 4758 84 2.74 0.32 0.19 0.12 1.13 0.00 0.003 NGC2264
06404209+1001427 5113 80 3.52 0.48 -0.08 0.14 1.07 0.81 0.003 NGC2264
06404294+0957563 5719 81 4.08 0.38 -0.13 0.17 2.64 0.13 0.003 NGC2264
06404799+1001225 6361 95 3.63 0.37 -0.74 0.18 2.96 0.11 0.003 NGC2264
06405249+1008210 4797 96 2.14 0.60 -0.42 0.18 0.74 0.00 0.003 NGC2264
06405691+1009054 3846.5 61.39 4.55 0.12 -0.07 0.12 0.06 0.24 0.003 NGC2264
06405696+1002337 6103 96 4.20 0.62 -0.75 0.26 2.73 0.14 0.003 NGC2264
06412028+0958296 6844 84 4.22 0.11 -0.05 0.13 2.67 0.14 0.003 NGC2264
06413182+0955160 4592.96 90.96 4.67 0.11 -0.11 0.08 0.17 0.37 0.003 NGC2264
06413943+1003008 5561 96 4.90 0.98 -1.15 0.39 2.26 0.17 0.003 NGC2264
06414035+0957396 5988 83 4.07 0.29 0.03 0.13 2.79 0.12 0.003 NGC2264
06415292+1006393 5098 82 3.93 0.39 0.08 0.11 0.99 0.00 0.003 NGC2264
06415490+1002379 5663 99 3.13 0.66 -0.02 0.20 2.28 0.25 0.003 NGC2264
06415797+1005478 5025 96 4.13 0.68 0.15 0.14 2.20 0.19 0.003 NGC2264
06413437+1002251 6968 52 4.15 0.09 -0.40 0.05 1.91 0.00 0.003 NGC2264
06403317+0920513 6191 96 4.27 0.63 -0.08 0.21 2.64 0.22 0.003 NGC2264
06403549+0918157 4913 83 4.51 0.39 -0.25 0.17 1.19 0.25 0.003 NGC2264
06404064+0922388 5013 97 4.27 0.53 -0.18 0.11 1.23 0.24 0.003 NGC2264
06410416+0912105 5892 95 5.10 0.76 0.06 0.21 2.30 0.00 0.003 NGC2264
06410574+0913354 6218 95 4.37 0.78 -1.00 0.38 2.35 0.00 0.003 NGC2264
06411375+0910020 4549 83 4.56 0.19 -0.04 0.09 0.40 0.26 0.003 NGC2264
06411729+0910354 5071 96 2.87 0.62 0.10 0.15 1.78 0.22 0.003 NGC2264
06412526+0915166 5336 81 3.85 0.41 -0.18 0.17 1.57 0.00 0.003 NGC2264
06412667+0912282 5690 98 4.43 0.81 -1.01 0.32 1.58 0.00 0.003 NGC2264
06412837+0910347 6031 98 3.23 0.50 -0.45 0.19 2.47 0.18 0.003 NGC2264
06412917+0910314 6298 94 3.98 0.15 -0.26 0.17 2.91 0.12 0.003 NGC2264
06412953+0926038 5184 81 3.07 0.35 -0.10 0.14 1.28 0.18 0.003 NGC2264
06413281+0924256 3864.27 66.97 4.72 0.15 -0.09 0.17 -0.10 0.39 0.003 NGC2264
06413656+0921514 3839.52 62.98 4.68 0.14 0.07 0.13 -0.55 0.68 0.003 NGC2264
06413968+0930068 4210.56 88.74 4.78 0.17 -0.19 0.13 0.03 0.40 0.003 NGC2264
06414465+0913366 4664 81 2.54 0.28 -0.06 0.10 0.66 0.00 0.003 NGC2264
06415881+0926582 5151 96 3.23 0.62 -0.10 0.15 1.43 0.00 0.003 NGC2264
06420011+0923546 6812 97 4.05 0.44 0.31 0.19 2.86 0.26 0.003 NGC2264
06420302+0928137 4638 94 4.60 0.10 -0.10 0.12 0.88 0.22 0.003 NGC2264
06420431+0925482 3936.96 70.03 4.74 0.15 -0.20 0.14 0.46 0.17 0.003 NGC2264
06420577+0927028 4968 82 3.37 0.22 -0.47 0.11 0.87 0.19 0.003 NGC2264
06413715+0920599 5884 31 4.30 0.05 0.17 0.05 2.37 0.03 0.003 NGC2264
06412124+1008118 5500 83 4.45 0.22 -0.23 0.09 1.45 0.19 0.003 NGC2264
06412884+1009145 6572 85 4.19 0.17 0.00 0.09 3.39 0.07 0.003 NGC2264
06413733+0958375 4924 81 4.45 0.14 0.02 0.07 0.70 0.21 0.003 NGC2264
06413943+1000020 5980 83 4.11 0.19 -0.27 0.12 2.02 0.14 0.003 NGC2264
06414730+1004274 4649 82 2.45 0.29 -0.06 0.10 0.88 0.00 0.003 NGC2264
06414937+0958491 5733 82 4.30 0.17 0.28 0.07 1.18 0.59 0.003 NGC2264
06415371+1005592 4600 84 4.55 0.13 0.01 0.07 0.44 0.00 0.003 NGC2264
06420711+1000138 5049 82 3.21 0.35 -0.11 0.12 0.83 1.06 0.003 NGC2264
06420911+0959027 4687 83 2.54 0.22 0.00 0.07 0.70 0.17 0.003 NGC2264
06421027+0956409 5027 83 4.39 0.16 -0.12 0.09 0.92 0.00 0.003 NGC2264
06421033+0959145 3878.09 61.62 4.69 0.11 -0.07 0.09 0.35 0.14 0.003 NGC2264
06411701+0957120 6201 32 3.93 0.05 -0.43 0.05 2.59 0.03 0.003 NGC2264
06414945+1004475 6833 47 4.21 0.07 -0.33 0.08 1.63 0.00 0.003 NGC2264
06415385+0958427 6681 63 3.91 0.09 -0.08 0.08 1.55 0.00 0.003 NGC2264
06420517+0941305 4516.72 77.74 2.71 0.12 0.12 0.07 0.09 0.19 0.003 NGC2264
06420624+0943060 6233 83 4.05 0.15 -0.09 0.07 2.74 0.07 0.003 NGC2264
06420785+0946524 5630 83 4.20 0.16 0.25 0.07 1.28 0.24 0.003 NGC2264
06420984+0948434 4867 82 2.73 0.19 -0.13 0.10 1.01 0.00 0.003 NGC2264
06421079+0946505 5835 82 4.24 0.12 -0.45 0.07 2.15 0.07 0.003 NGC2264
06421345+0950329 4725 82 4.64 0.16 -0.02 0.07 0.37 0.27 0.003 NGC2264
06421415+0943089 5816 81 4.22 0.12 -0.19 0.13 2.01 0.09 0.003 NGC2264
06421576+0940330 6164 84 3.94 0.09 -0.33 0.09 2.19 0.08 0.003 NGC2264
06422238+0947595 5107 83 3.62 0.30 -0.26 0.12 1.11 0.22 0.003 NGC2264
06421167+0944128 4728 33 3.19 0.05 0.14 0.05 -0.21 0.00 0.003 NGC2264
06411945+0930286 5075 83 4.51 0.22 0.02 0.07 1.05 0.00 0.003 NGC2264
06411957+0927247 5798 83 4.25 0.13 -0.33 0.09 1.26 0.19 0.003 NGC2264
06412253+0929129 4569.78 78.47 4.67 0.10 0.06 0.07 -0.53 0.46 0.003 NGC2264
06412280+0929389 4505.19 91.45 4.73 0.15 0.09 0.08 1.79 0.12 0.003 NGC2264
06413761+0928408 4820 81 4.55 0.23 -0.02 0.09 0.75 0.28 0.003 NGC2264
06414114+0933546 4897 82 2.77 0.21 0.01 0.06 1.05 0.00 0.003 NGC2264
06414590+0933024 4737 82 2.67 0.14 -0.02 0.08 0.87 0.00 0.003 NGC2264
06415191+0929271 4552.95 88.1 4.63 0.14 0.06 0.08 0.11 0.37 0.003 NGC2264
06415317+0921371 4654 95 3.16 0.64 -0.41 0.17 0.88 0.00 0.003 NGC2264
06415530+0933568 4558.3 80.53 4.63 0.11 0.01 0.07 0.40 0.00 0.003 NGC2264
06420063+0938533 4535.24 83.13 2.41 0.21 -0.03 0.11 0.42 0.00 0.003 NGC2264
06420302+0934139 4725 82 2.59 0.25 -0.09 0.13 0.79 0.00 0.003 NGC2264
06420843+0933217 4926 81 2.89 0.18 -0.08 0.08 0.58 0.00 0.003 NGC2264
06421022+0936045 4661 82 2.71 0.18 0.01 0.08 0.69 0.18 0.003 NGC2264
06421044+0926082 4563.35 83.97 2.42 0.20 -0.13 0.11 0.58 0.00 0.003 NGC2264
06414119+0932428 6489 36 4.03 0.06 -0.04 0.05 1.41 0.00 0.003 NGC2264
06394844+0918112 5449 81 4.28 0.30 -0.23 0.16 1.62 0.30 0.003 NGC2264
06394980+0916117 5535 97 3.48 0.63 0.20 0.15 2.30 0.20 0.003 NGC2264
06395400+0918041 4506.99 119.25 2.37 0.33 -0.27 0.13 0.05 0.73 0.003 NGC2264
06395843+0913179 6794 84 4.07 0.20 -0.22 0.16 2.48 0.00 0.003 NGC2264
06395921+0921094 5751 82 4.07 0.26 -0.47 0.12 2.50 0.10 0.003 NGC2264
06400133+0921257 6234 82 3.98 0.20 -0.21 0.13 2.13 0.00 0.003 NGC2264
06400310+0913459 5658 84 4.20 0.33 -0.24 0.16 1.85 0.22 0.003 NGC2264
06400478+0913540 6100 81 3.91 0.19 -0.23 0.13 2.56 0.10 0.003 NGC2264
06400834+0911210 6127 82 4.16 0.30 -0.08 0.13 2.45 0.00 0.003 NGC2264
06401365+0922441 4231.14 88.46 4.59 0.16 -0.03 0.10 -0.01 0.41 0.003 NGC2264
06401427+0919377 6707 94 3.97 0.11 -0.09 0.23 3.02 0.11 0.003 NGC2264
06401835+0919278 5837 96 4.32 0.66 -0.21 0.20 2.58 0.15 0.003 NGC2264
06402139+0921578 6012 96 3.04 0.69 -0.61 0.29 2.67 0.17 0.003 NGC2264
06402890+0908418 3982.08 80.34 4.78 0.18 0.04 0.14 0.48 0.19 0.003 NGC2264
06403418+0911550 5930 80 4.21 0.28 -0.10 0.13 2.65 0.11 0.003 NGC2264
06403495+0910594 4584 97 2.81 0.78 -0.26 0.20 1.15 0.24 0.003 NGC2264
06403547+0923032 4708 96 4.98 0.70 0.25 0.11 0.58 0.00 0.003 NGC2264
06404118+0910589 4595 93 3.10 0.73 -0.46 0.19 0.48 0.00 0.003 NGC2264
06405206+0909249 6414 96 3.58 0.40 -0.29 0.17 2.70 0.21 0.003 NGC2264
06405990+0912313 4628 80 2.63 0.29 -0.12 0.13 1.04 0.15 0.003 NGC2264
06410359+0916504 6613 98 5.14 0.76 -1.12 0.39 3.09 0.13 0.003 NGC2264
06410536+0912337 4670 97 2.47 0.69 -0.42 0.19 0.79 0.42 0.003 NGC2264
06395553+0913179 6348 34 3.88 0.05 -0.35 0.05 2.81 0.03 0.003 NGC2264
06400268+0918198 6050 33 4.54 0.06 0.01 0.05 2.94 0.03 0.003 NGC2264
06402676+0925282 5636 31 4.35 0.05 0.06 0.05 0.81 0.00 0.003 NGC2264
06404634+0911008 5630 30 4.40 0.05 -0.11 0.05 1.50 0.06 0.003 NGC2264
06411811+0956359 4053.51 68.86 1.62 0.22 0.10 0.04 0.12 0.13 0.003 NGC2264
06412594+0957153 7026 97 3.75 0.34 0.18 0.18 3.16 0.20 0.003 NGC2264
06413075+0942596 3817.81 58.28 4.70 0.10 -0.14 0.09 0.14 0.16 0.003 NGC2264
06413396+0953085 6312 94 3.50 0.46 -0.05 0.18 2.75 0.15 0.003 NGC2264
06413400+0958486 6251 81 4.24 0.19 0.14 0.10 2.42 0.15 0.003 NGC2264
06413659+0949354 4687 81 4.65 0.18 -0.33 0.10 0.54 0.24 0.003 NGC2264
06413791+1001228 5691 82 3.94 0.30 -0.21 0.16 2.46 0.12 0.003 NGC2264
06413824+0954080 5944 94 3.09 0.58 -0.76 0.24 2.36 0.19 0.003 NGC2264
06413826+0953027 5223 95 3.85 0.49 -0.11 0.17 1.57 0.00 0.003 NGC2264
06414132+0956283 6279 80 3.93 0.18 -0.38 0.14 2.16 0.00 0.003 NGC2264
06414159+0946135 4880 82 3.13 0.41 -0.26 0.13 1.11 0.00 0.003 NGC2264
06414174+0944189 6015 81 4.40 0.25 0.26 0.10 2.13 0.00 0.003 NGC2264
06414383+0949195 6492 81 4.02 0.22 -0.07 0.14 3.14 0.12 0.003 NGC2264
06414531+0947090 6795 94 4.15 0.15 -0.04 0.15 2.33 0.00 0.003 NGC2264
06415087+0947258 4333.23 76.22 2.14 0.30 -0.01 0.12 0.21 0.00 0.003 NGC2264
06415306+0949160 5595 81 4.28 0.23 -0.07 0.14 1.79 0.17 0.003 NGC2264
06415981+0958047 6176 81 3.88 0.22 -0.14 0.13 2.82 0.10 0.003 NGC2264
06420014+0945071 5840 80 4.24 0.18 0.23 0.09 1.91 0.00 0.003 NGC2264
06420464+0940229 4372.99 74.04 4.56 0.10 -0.06 0.08 -0.08 0.00 0.003 NGC2264
06420783+0946544 4401.83 78.03 4.51 0.11 0.13 0.07 0.14 0.23 0.003 NGC2264
06420912+0959455 5199 81 3.33 0.24 0.04 0.09 1.39 0.17 0.003 NGC2264
06420989+0945221 4718 82 2.83 0.21 -0.02 0.09 0.91 0.00 0.003 NGC2264
06421028+0954418 4942 79 3.28 0.26 -0.33 0.15 0.76 0.00 0.003 NGC2264
06421170+0952584 4412.45 101.37 2.07 0.33 -0.34 0.12 0.11 0.30 0.003 NGC2264
06405616+0936309 4824 82 3.02 0.27 -0.06 0.10 3.23 0.14 0.003 NGC2264
06413290+0932121 4956 81 2.78 0.35 -0.12 0.14 1.34 0.17 0.003 NGC2264
06413718+0926014 4754 83 2.78 0.29 -0.08 0.11 0.11 0.00 0.003 NGC2264
06414067+0935583 4861 95 4.56 0.12 -0.39 0.10 0.62 0.25 0.003 NGC2264
06414992+0946170 6752 95 4.11 0.15 -0.10 0.19 2.84 0.00 0.003 NGC2264
06415219+0946221 5528 83 4.04 0.41 -0.22 0.19 1.47 0.00 0.003 NGC2264
06420334+0940181 4638 82 2.69 0.24 -0.23 0.13 0.63 0.00 0.003 NGC2264
06420420+0937286 5712 94 4.34 0.17 -0.16 0.14 2.32 0.17 0.003 NGC2264
06420693+0924443 5838 84 4.42 0.19 0.16 0.08 2.16 0.12 0.003 NGC2264
06421233+0938045 6493 83 4.08 0.24 -0.19 0.17 2.70 0.00 0.003 NGC2264
06421791+0928411 4685 80 2.56 0.27 -0.20 0.14 0.52 0.00 0.003 NGC2264
06422151+0928287 6022 81 4.19 0.39 -0.27 0.20 2.45 0.00 0.003 NGC2264
06422163+0940337 5090 80 4.34 0.26 -0.04 0.08 1.10 0.00 0.003 NGC2264
06414336+0927004 5079 30 3.57 0.05 -0.04 0.05 0.74 0.07 0.003 NGC2264
06401376+0952067 4673 31 4.43 0.06 0.04 0.17 0.11 0.00 0.003 NGC2264
06404604+1008447 5720 33 4.16 0.05 -0.35 0.05 1.56 0.07 0.003 NGC2264
06413386+1004544 6110 32 4.16 0.05 -0.05 0.05 2.49 0.03 0.003 NGC2264
