recno,Teff_2,LI1,E_LI1
190,4883,4.06,0.29
127,4897,3.85,0.25
63,3988,2.92,0.15
142,3490,,
182,4421,,
166,4769,,
57,3498,,
119,4816,,
155,4195,,
15,3461,,
69,4384,,
110,4805,3.83,0.15
52,4932,3.88,0.19
138,4532,,
201,4858,4.15,0.24
74,4225,,
129,5626,3.69,0.2
143,3522,,
84,3507,,
153,4182,,
140,3603,,
125,3574,,
51,4699,2.01,0.31
151,5089,3.51,0.19
24,3657,,
58,4372,,
117,4427,,
60,4384,,
149,3897,3.17,0.03
96,3914,3.01,0.07
102,3944,,
180,3966,3.09,0.08
197,4782,4.03,0.37
83,3994,,
141,4537,3.55,0.3
36,4327,,
20,4378,,
139,3806,2.65,0.11
9,3794,,
181,3958,,
32,4556,3.58,0.31
10,4138,,
90,3875,3.12,0.14
158,5081,3.28,0.32
150,4121,3.12,0.09
174,3471,,
194,5176,,
30,5135,3.42,0.21
176,3962,,
200,3901,2.83,0.07
7,4646,,
19,4139,,
198,3734,,
162,3784,,
189,4867,4.07,0.22
53,3675,,
145,4314,,
195,3881,3.4,0.06
168,3625,,
191,5872,2.74,0.09
175,4198,,
48,4979,4.03,0.27
161,4439,,
170,4460,,
173,4417,,
37,4980,4.24,0.33
103,4204,3.21,0.08
78,4775,,
66,3808,3.38,0.34
133,3665,,
68,4691,3.65,0.17
93,4180,,
130,4159,,
187,4443,,
65,4324,,
122,4232,3.12,0.19
82,4040,,
131,3284,,
115,5529,3.68,0.22
118,4314,,
38,4842,3.66,0.18
154,3568,,
8,6034,3.48,0.08
146,4447,,
106,4318,,
97,4419,,
13,5013,4.1,0.16
178,4589,,
5,6289,2.54,0.05
193,6441,1.47,0.0
183,5164,3.77,0.12
75,4172,,
124,4796,3.83,0.04
123,3536,,
184,5782,3.72,0.06
157,4238,,
113,4408,,
192,4967,4.21,0.28
71,5377,3.69,0.22
42,4483,3.44,0.33
156,3899,2.97,0.07
77,3830,3.04,0.08
39,4082,,
114,3798,,
23,3986,,
121,3903,3.22,0.12
136,4986,4.19,0.27
196,3603,,
126,6132,3.37,0.1
72,4637,,
2,4085,,
132,3746,,
94,3509,,
134,4666,3.59,0.23
34,3673,,
33,4633,3.57,0.3
28,4057,,
89,4135,3.19,0.07
55,4094,,
29,3994,,
4,4376,,
35,3347,,
22,4309,,
11,5216,3.82,0.09
87,4643,3.54,0.34
199,3694,,
76,4436,,
137,5232,3.99,0.16
105,3248,,
81,4269,,
3,4397,,
62,3779,,
21,3492,,
86,5834,2.6,0.02
45,4546,,
47,4044,,
64,4447,,
67,4082,,
112,4650,,
49,4805,3.81,0.17
91,4471,3.38,0.36
109,3984,,
14,4081,,
116,3839,2.98,0.05
92,4314,,
100,4314,,
61,4182,,
56,3536,,
171,4907,4.03,0.25
144,4865,,
1,4326,3.15,0.19
50,3469,,
31,3500,,
46,3945,,
16,4493,3.36,0.32
27,3683,,
128,5703,3.42,0.08
152,4111,,
79,3983,,
41,4474,,
169,4833,1.44,0.18
95,3663,,
98,4595,,
177,4954,3.95,0.29
88,4406,,
26,3949,,
107,3939,3.0,0.07
135,4888,4.24,0.26
111,4032,,
85,4452,3.26,0.31
165,3612,,
185,4613,,
104,6393,1.75,0.0
40,5480,3.5,0.23
101,6535,,
17,3235,,
160,4974,3.84,0.29
