OBJECT TEFF E_TEFF LOGG E_LOGG FEH E_FEH LI1 E_LI1 "AGE (Gyr)" GES_FLD
06023472+1026482 5779 64 4.01 0.16 -0.29 0.05 1.57 0.26 1.862 NGC2141
06023504+1027053 6296 65 4.05 0.18 -0.11 0.05 3.28 0.06 1.862 NGC2141
06023616+1028112 6486 66 4.22 0.18 -0.08 0.05 2.42 0.00 1.862 NGC2141
06023622+1026395 6497 67 3.77 0.17 0.21 0.05 2.94 0.09 1.862 NGC2141
06023767+1027112 6387 66 4.14 0.17 -0.11 0.05 2.62 0.13 1.862 NGC2141
06023884+1027528 5533 81 3.65 0.22 -0.32 0.08 2.43 0.16 1.862 NGC2141
06024110+1024156 6715 65 4.09 0.17 -0.02 0.06 3.00 0.09 1.862 NGC2141
06024127+1024003 6674 84 4.12 0.22 0.03 0.08 2.69 0.00 1.862 NGC2141
06024156+1026209 6400 65 4.13 0.17 -0.05 0.05 2.78 0.11 1.862 NGC2141
06024173+1028084 6438 66 4.25 0.17 -0.02 0.06 3.02 0.12 1.862 NGC2141
06024226+1019592 5947 65 4.40 0.18 0.07 0.06 2.68 0.06 1.862 NGC2141
06024247+1028389 5945 83 4.05 0.22 -0.31 0.08 2.65 0.14 1.862 NGC2141
06024331+1028348 6619 66 4.09 0.18 -0.07 0.05 3.30 0.07 1.862 NGC2141
06024463+1025233 6559 65 3.85 0.18 -0.04 0.05 2.78 0.16 1.862 NGC2141
06024503+1028001 6412 67 3.84 0.17 -0.16 0.05 2.51 0.24 1.862 NGC2141
06024541+1029089 6254 66 4.02 0.17 -0.09 0.05 3.21 0.06 1.862 NGC2141
06024573+1025424 6377 72 4.05 0.21 0.03 0.05 2.74 0.14 1.862 NGC2141
06024602+1026379 6575 66 4.18 0.17 -0.05 0.05 3.17 0.07 1.862 NGC2141
06024711+1026336 6414 66 4.22 0.17 0.03 0.05 3.33 0.13 1.862 NGC2141
06024870+1025377 6451 66 3.92 0.17 -0.19 0.06 3.31 0.07 1.862 NGC2141
06024882+1027243 6469 65 4.02 0.18 -0.06 0.05 3.32 0.07 1.862 NGC2141
06024962+1025556 5196 64 4.04 0.18 0.17 0.05 1.23 0.00 1.862 NGC2141
06024998+1030366 6277 66 4.04 0.18 -0.13 0.05 2.87 0.08 1.862 NGC2141
06025014+1027278 6348 66 4.05 0.18 -0.13 0.05 3.11 0.08 1.862 NGC2141
06025050+1026577 6248 64 4.03 0.18 -0.02 0.05 2.53 0.10 1.862 NGC2141
06025089+1025542 6220 65 4.01 0.18 0.18 0.05 3.12 0.11 1.862 NGC2141
06025174+1027217 6187 67 3.86 0.17 -0.12 0.06 2.50 0.09 1.862 NGC2141
06025247+1029376 6239 64 4.08 0.17 -0.11 0.05 2.63 0.08 1.862 NGC2141
06025264+1026053 6476 67 4.13 0.17 0.01 0.06 2.65 0.16 1.862 NGC2141
06025302+1027160 5687 82 4.08 0.22 -0.08 0.08 2.52 0.18 1.862 NGC2141
06025382+1025004 6470 65 3.97 0.17 -0.11 0.05 2.76 0.00 1.862 NGC2141
06025421+1027474 6297 65 4.01 0.18 -0.22 0.05 2.50 0.14 1.862 NGC2141
06025459+1026067 5863 65 3.72 0.17 -0.27 0.05 2.53 0.15 1.862 NGC2141
06025554+1029513 6470 65 4.03 0.17 -0.12 0.05 3.00 0.09 1.862 NGC2141
06025575+1025196 6244 83 4.08 0.21 0.13 0.08 2.64 0.23 1.862 NGC2141
06025603+1027047 5895 83 3.65 0.21 -0.23 0.08 2.19 0.00 1.862 NGC2141
06025607+1030230 6572 76 3.91 0.19 -0.06 0.09 2.59 0.23 1.862 NGC2141
06025613+1025445 6103 65 4.29 0.18 -0.12 0.06 2.94 0.13 1.862 NGC2141
06025644+1027409 6627 67 4.10 0.17 -0.06 0.05 3.24 0.08 1.862 NGC2141
06025727+1029238 5754 64 4.16 0.18 -0.42 0.06 2.22 0.00 1.862 NGC2141
06025743+1025317 6524 66 4.20 0.17 -0.04 0.05 2.89 0.14 1.862 NGC2141
06025746+1030560 6085 64 4.22 0.17 -0.63 0.05 2.45 0.09 1.862 NGC2141
06025784+1026239 6153 64 4.15 0.17 -0.19 0.06 2.74 0.13 1.862 NGC2141
06025812+1030393 6411 66 3.99 0.17 -0.14 0.06 2.38 0.20 1.862 NGC2141
06025841+1028333 6172 65 4.46 0.18 -0.09 0.05 2.34 0.25 1.862 NGC2141
06025958+1022073 6244 81 4.64 0.22 0.39 0.06 3.22 0.13 1.862 NGC2141
06025977+1027548 6085 64 4.61 0.18 -0.16 0.06 3.06 0.14 1.862 NGC2141
06030027+1028468 6228 65 4.37 0.18 -0.16 0.05 2.45 0.24 1.862 NGC2141
06030152+1028292 6378 64 4.21 0.17 -0.14 0.06 2.48 0.23 1.862 NGC2141
06030162+1027427 6532 65 4.14 0.18 -0.05 0.05 3.12 0.07 1.862 NGC2141
06030197+1026038 6481 64 3.99 0.17 -0.12 0.05 2.79 0.18 1.862 NGC2141
06030260+1028412 6327 65 3.94 0.17 -0.10 0.05 3.25 0.06 1.862 NGC2141
06030266+1025131 6448 66 3.85 0.17 -0.20 0.05 2.56 0.20 1.862 NGC2141
06030309+1030535 5589 82 3.51 0.21 -0.33 0.07 2.91 0.17 1.862 NGC2141
06030421+1026291 6623 64 4.03 0.17 -0.14 0.05 2.23 0.00 1.862 NGC2141
06030439+1029023 6090 63 4.06 0.17 -0.17 0.05 2.97 0.05 1.862 NGC2141
06030482+1029169 6362 67 3.83 0.17 -0.17 0.05 2.48 0.00 1.862 NGC2141
06030488+1025403 5580 81 4.43 0.22 0.12 0.08 2.29 0.21 1.862 NGC2141
06030492+1028011 6321 66 3.88 0.17 -0.08 0.05 2.77 0.11 1.862 NGC2141
06030499+1024157 6373 65 4.38 0.18 -0.13 0.06 2.35 0.00 1.862 NGC2141
06030504+1026380 6230 65 4.07 0.17 0.05 0.06 2.84 0.13 1.862 NGC2141
06030517+1029468 5735 82 2.99 0.21 -0.74 0.08 2.47 0.17 1.862 NGC2141
06030574+1029195 6436 64 4.14 0.17 -0.14 0.05 2.38 0.27 1.862 NGC2141
06030636+1030293 6516 82 4.39 0.22 -0.16 0.08 2.69 0.22 1.862 NGC2141
06030641+1025285 6280 65 4.12 0.18 -0.05 0.05 2.49 0.11 1.862 NGC2141
06030805+1027241 5950 81 3.55 0.21 0.04 0.08 2.87 0.14 1.862 NGC2141
06030871+1022184 6239 65 4.03 0.17 -0.09 0.05 2.17 0.16 1.862 NGC2141
06030897+1026088 6321 65 4.06 0.17 -0.03 0.05 3.21 0.07 1.862 NGC2141
06030905+1028374 6470 102 4.11 0.33 0.00 0.10 3.34 0.13 1.862 NGC2141
06030959+1032468 5633 83 4.56 0.21 -0.16 0.08 2.05 0.22 1.862 NGC2141
06030999+1027017 6191 64 4.10 0.18 -0.13 0.05 2.54 0.12 1.862 NGC2141
06031105+1025588 6443 65 4.11 0.17 0.01 0.05 2.70 0.14 1.862 NGC2141
06031152+1027555 5942 81 4.68 0.22 -0.21 0.08 2.76 0.14 1.862 NGC2141
06031363+1025365 6227 65 4.23 0.18 0.06 0.05 2.11 0.19 1.862 NGC2141
06031442+1029324 6401 66 3.91 0.18 -0.60 0.05 2.18 0.30 1.862 NGC2141
06031486+1026289 6277 65 4.59 0.18 -0.04 0.06 2.64 0.16 1.862 NGC2141
06031488+1028245 6249 65 3.91 0.18 -0.07 0.05 2.56 0.11 1.862 NGC2141
06031498+1027304 6403 84 3.78 0.22 -0.61 0.07 2.19 0.00 1.862 NGC2141
06031518+1023572 6002 66 4.42 0.18 -0.38 0.05 2.29 0.00 1.862 NGC2141
06031601+1026112 6312 66 4.11 0.17 -0.11 0.05 2.80 0.09 1.862 NGC2141
06031625+1029348 6210 83 4.44 0.22 0.20 0.08 2.83 0.19 1.862 NGC2141
06031674+1029221 5708 83 3.56 0.22 -0.59 0.08 2.53 0.15 1.862 NGC2141
06031687+1026547 6163 65 3.81 0.17 -0.28 0.05 2.01 0.40 1.862 NGC2141
06031780+1028255 6352 64 3.99 0.18 -0.20 0.05 2.38 0.17 1.862 NGC2141
06031919+1024176 6322 108 4.56 0.33 -0.05 0.09 2.67 0.22 1.862 NGC2141
06031971+1023238 5283 65 3.94 0.17 -0.33 0.05 1.04 0.17 1.862 NGC2141
06032012+1026510 6103 66 4.14 0.18 0.07 0.06 3.05 0.11 1.862 NGC2141
06032063+1025225 6291 66 3.99 0.17 -0.03 0.05 3.18 0.06 1.862 NGC2141
06032189+1030155 6470 81 4.26 0.22 -0.04 0.08 2.16 0.00 1.862 NGC2141
06032268+1024407 5345 81 3.19 0.21 -0.18 0.08 2.11 0.19 1.862 NGC2141
06032527+1025416 6375 64 4.21 0.17 -0.21 0.06 2.10 0.16 1.862 NGC2141
06032619+1027588 6772 83 4.38 0.22 -0.18 0.08 3.23 0.15 1.862 NGC2141
06032691+1026002 6432 66 4.10 0.17 -0.27 0.05 1.86 0.00 1.862 NGC2141
06033252+1023599 5762 65 4.31 0.17 -0.13 0.05 1.45 0.19 1.862 NGC2141
06024572+1027119 4870 31 2.71 0.05 -0.03 0.05 0.20 0.00 1.862 NGC2141
06025490+1025270 4852 30 2.65 0.05 -0.07 0.05 0.09 0.00 1.862 NGC2141
06025565+1024075 4744 30 2.63 0.05 0.00 0.05 0.35 0.09 1.862 NGC2141
06030008+1026141 4727 31 2.54 0.05 -0.05 0.05 -0.16 0.00 1.862 NGC2141
06030238+1028101 4900 30 2.72 0.05 -0.09 0.05 0.45 0.11 1.862 NGC2141
06030917+1026451 4910 31 2.74 0.05 -0.03 0.05 0.44 0.09 1.862 NGC2141
06023494+1032088 6031 66 4.19 0.18 -0.50 0.05 2.47 0.08 1.862 NGC2141
06023665+1032173 6112 67 4.06 0.17 -0.29 0.05 2.17 0.14 1.862 NGC2141
06023704+1028488 6266 64 3.84 0.18 -0.08 0.05 2.35 0.13 1.862 NGC2141
06023819+1026189 4138 76 4.66 0.18 -0.01 0.10 1.11 0.10 1.862 NGC2141
06023876+1025150 6489 67 4.06 0.17 0.01 0.06 3.01 0.09 1.862 NGC2141
06023932+1034511 6055 67 3.96 0.17 -0.52 0.05 2.07 0.13 1.862 NGC2141
06024083+1038294 6782 102 3.93 0.33 0.13 0.10 3.19 0.18 1.862 NGC2141
06024347+1039020 5677 65 4.34 0.18 0.04 0.06 2.59 0.09 1.862 NGC2141
06024366+1029393 6760 83 4.17 0.22 0.05 0.08 3.18 0.13 1.862 NGC2141
06024512+1025131 4750 65 2.49 0.17 -0.15 0.05 0.84 0.00 1.862 NGC2141
06024563+1031438 6129 66 3.90 0.17 -0.08 0.05 2.19 0.10 1.862 NGC2141
06024754+1027238 6249 65 3.80 0.18 -0.09 0.05 2.44 0.12 1.862 NGC2141
06024815+1028130 6451 66 3.98 0.17 -0.16 0.05 2.70 0.09 1.862 NGC2141
06024819+1026561 6370 63 4.10 0.17 -0.05 0.05 2.07 0.22 1.862 NGC2141
06024870+1028399 6366 65 4.03 0.17 -0.11 0.05 2.90 0.09 1.862 NGC2141
06024874+1030485 4788 64 2.50 0.17 -0.11 0.05 0.90 0.10 1.862 NGC2141
06024880+1026277 6439 64 3.99 0.17 -0.08 0.05 2.63 0.09 1.862 NGC2141
06024950+1030107 6362 64 4.44 0.17 -0.30 0.05 2.64 0.16 1.862 NGC2141
06025004+1026448 6202 65 3.86 0.18 -0.13 0.05 2.24 0.14 1.862 NGC2141
06025060+1021081 4938 62 2.91 0.17 -0.08 0.05 1.14 0.14 1.862 NGC2141
06025065+1028121 6313 64 4.08 0.17 -0.13 0.06 2.28 0.00 1.862 NGC2141
06025264+1026551 6442 65 3.85 0.18 -0.27 0.06 2.13 0.00 1.862 NGC2141
06025286+1025307 6467 66 4.06 0.17 0.03 0.05 3.21 0.07 1.862 NGC2141
06025318+1029425 6409 66 4.01 0.17 -0.08 0.06 2.43 0.18 1.862 NGC2141
06025346+1023034 6564 65 3.99 0.17 -0.04 0.05 3.31 0.06 1.862 NGC2141
06025352+1030018 6222 65 4.14 0.17 -0.11 0.05 2.42 0.11 1.862 NGC2141
06025371+1028060 4921 30 2.81 0.05 -0.01 0.05 0.50 0.00 1.862 NGC2141
06025384+1021596 6486 66 4.03 0.17 0.15 0.06 3.13 0.06 1.862 NGC2141
06025391+1027217 6402 66 4.00 0.18 -0.25 0.05 2.93 0.11 1.862 NGC2141
06025395+1024225 5216 65 4.14 0.17 0.18 0.06 1.33 0.00 1.862 NGC2141
06025485+1024079 4776 31 2.64 0.05 0.00 0.05 0.30 0.10 1.862 NGC2141
06025520+1027157 6001 66 3.87 0.17 -0.10 0.05 2.38 0.14 1.862 NGC2141
06025536+1027310 6339 65 4.00 0.17 -0.16 0.05 2.42 0.11 1.862 NGC2141
06025629+1029065 4613 65 2.35 0.17 -0.10 0.06 0.96 0.10 1.862 NGC2141
06025647+1029250 6019 65 4.36 0.17 -0.09 0.05 2.64 0.06 1.862 NGC2141
06025648+1026371 4008 42 1.05 0.08 -0.20 0.05 -0.16 0.04 1.862 NGC2141
06025664+1023307 6314 64 3.90 0.17 -0.12 0.05 2.48 0.16 1.862 NGC2141
06025682+1031056 6413 82 3.92 0.21 -0.41 0.08 2.29 0.00 1.862 NGC2141
06025689+1024309 6075 64 3.87 0.17 -0.09 0.06 2.50 0.14 1.862 NGC2141
06025804+1028037 6263 67 3.97 0.18 -0.22 0.06 3.14 0.07 1.862 NGC2141
06025837+1030027 4809 31 2.63 0.05 0.01 0.05 -1.00 0.00 1.862 NGC2141
06025838+1028253 6219 66 3.99 0.17 -0.23 0.05 2.15 0.22 1.862 NGC2141
06030043+1026489 6594 82 4.03 0.22 -0.13 0.08 3.04 0.20 1.862 NGC2141
06030076+1032173 6003 63 3.79 0.17 -0.17 0.06 2.94 0.11 1.862 NGC2141
06030155+1028347 4054 41 0.99 0.08 -0.21 0.05 -1.00 0.00 1.862 NGC2141
06030172+1026549 6353 65 4.04 0.17 -0.11 0.05 2.95 0.14 1.862 NGC2141
06030215+1018341 4307 77 4.74 0.18 -0.02 0.09 -0.16 0.59 1.862 NGC2141
06030257+1032320 6325 66 3.86 0.17 -0.24 0.06 3.22 0.07 1.862 NGC2141
06030268+1029017 4816 31 2.69 0.05 -0.13 0.05 1.38 0.04 1.862 NGC2141
06030303+1031087 4864 66 2.56 0.18 -0.08 0.05 0.84 0.15 1.862 NGC2141
06030313+1024492 6128 65 4.36 0.17 0.07 0.05 3.00 0.12 1.862 NGC2141
06030320+1026309 6442 65 3.88 0.18 -0.19 0.05 2.80 0.17 1.862 NGC2141
06030330+1029551 6239 68 3.86 0.17 -0.18 0.05 1.91 0.34 1.862 NGC2141
06030392+1026547 6558 66 4.13 0.17 -0.04 0.06 3.30 0.06 1.862 NGC2141
06030460+1022120 4910 66 2.54 0.17 -0.09 0.05 1.15 0.13 1.862 NGC2141
06030501+1026344 6331 67 4.05 0.18 -0.04 0.06 2.56 0.11 1.862 NGC2141
06030526+1029502 6204 65 4.20 0.17 -0.16 0.05 2.98 0.08 1.862 NGC2141
06030544+1038006 4893 64 2.74 0.17 -0.35 0.06 2.92 0.11 1.862 NGC2141
06030565+1030257 6402 82 4.32 0.22 -0.23 0.08 3.29 0.11 1.862 NGC2141
06030628+1023555 5912 66 4.08 0.17 -0.21 0.05 2.62 0.11 1.862 NGC2141
06030698+1030496 4763 65 2.53 0.18 -0.02 0.05 1.01 0.11 1.862 NGC2141
06030736+1028031 4227 42 1.46 0.07 -0.20 0.05 0.53 0.08 1.862 NGC2141
06030755+1026491 4365 32 1.88 0.05 -0.07 0.05 0.71 0.05 1.862 NGC2141
06030834+1022404 5256 66 4.73 0.18 0.16 0.05 1.24 0.00 1.862 NGC2141
06030868+1025049 6395 66 4.18 0.18 -0.06 0.06 2.70 0.13 1.862 NGC2141
06030880+1023183 6317 64 3.98 0.18 -0.03 0.05 2.59 0.09 1.862 NGC2141
06030880+1024423 4841 31 2.63 0.05 -0.05 0.05 0.27 0.10 1.862 NGC2141
06030900+1024110 6454 84 3.68 0.21 -0.30 0.08 3.23 0.13 1.862 NGC2141
06031106+1029105 6307 83 3.64 0.22 -0.31 0.07 3.19 0.13 1.862 NGC2141
06031119+1027567 6391 63 3.86 0.18 -0.04 0.05 2.02 0.21 1.862 NGC2141
06031410+1025386 4856 31 2.61 0.05 -0.03 0.05 0.30 0.00 1.862 NGC2141
06031431+1022097 6425 64 4.07 0.18 -0.02 0.05 3.26 0.06 1.862 NGC2141
06031476+1021281 4988 67 4.50 0.18 -0.51 0.05 0.22 0.53 1.862 NGC2141
06031487+1029265 6646 67 4.14 0.18 -0.19 0.06 2.46 0.00 1.862 NGC2141
06031620+1028581 6090 65 3.99 0.17 -0.20 0.05 2.88 0.06 1.862 NGC2141
06031704+1036133 6358 66 4.05 0.18 -0.18 0.06 2.15 0.12 1.862 NGC2141
06031805+1022192 6360 64 4.19 0.17 -0.17 0.06 2.20 0.24 1.862 NGC2141
06031855+1026577 6352 65 4.05 0.17 -0.66 0.05 2.08 0.17 1.862 NGC2141
06031905+1022430 4848 64 2.51 0.18 -0.08 0.05 0.67 0.12 1.862 NGC2141
06031912+1023289 6342 66 4.13 0.17 -0.24 0.05 2.43 0.18 1.862 NGC2141
06032040+1023520 6390 83 3.93 0.22 -0.20 0.07 2.83 0.18 1.862 NGC2141
06032058+1027013 6155 67 4.25 0.18 -0.31 0.05 3.21 0.07 1.862 NGC2141
06032097+1038081 6363 67 3.74 0.17 -0.20 0.05 2.51 0.17 1.862 NGC2141
06032178+1025206 5684 65 4.23 0.17 -0.33 0.06 1.77 0.12 1.862 NGC2141
06032301+1025057 5116 65 3.51 0.17 0.01 0.06 1.32 0.09 1.862 NGC2141
06032326+1033295 4511 64 4.58 0.17 0.02 0.05 -0.22 0.00 1.862 NGC2141
06032373+1025547 6213 83 4.28 0.21 -0.40 0.07 2.66 0.17 1.862 NGC2141
06032565+1021515 5901 65 4.40 0.17 0.08 0.05 1.78 0.15 1.862 NGC2141
06032602+1021304 6124 64 4.36 0.18 0.02 0.05 2.41 0.07 1.862 NGC2141
06032879+1026131 6348 65 3.81 0.17 -0.09 0.06 2.88 0.08 1.862 NGC2141
06032942+1025540 5587 64 4.53 0.17 0.15 0.06 1.42 0.38 1.862 NGC2141
06033144+1025083 6674 68 4.11 0.17 -0.08 0.06 2.69 0.06 1.862 NGC2141
06033222+1027295 4694 66 2.53 0.18 -0.01 0.06 1.13 0.12 1.862 NGC2141
06033444+1023574 5005 65 3.01 0.17 -0.68 0.06 1.20 0.10 1.862 NGC2141
06033543+1025488 4989 64 4.76 0.17 0.08 0.05 1.01 0.00 1.862 NGC2141
06033546+1031381 6211 65 3.96 0.17 -0.54 0.05 2.73 0.08 1.862 NGC2141
06033670+1024535 6389 66 4.22 0.17 0.02 0.05 3.12 0.09 1.862 NGC2141
06034197+1031427 5206 63 3.52 0.18 -0.16 0.05 0.92 0.32 1.862 NGC2141
06025078+1030280 4056 40 1.13 0.07 -0.18 0.05 -0.21 0.06 1.862 NGC2141
06021220+1029506 6473 65 4.06 0.17 -0.29 0.05 2.29 0.18 1.862 NGC2141
06021916+1029008 5773 63 4.29 0.17 -0.11 0.05 1.66 0.17 1.862 NGC2141
06022004+1030574 6414 66 4.08 0.18 -0.57 0.05 3.02 0.06 1.862 NGC2141
06022318+1018111 5075 66 3.13 0.17 -0.03 0.05 0.69 0.27 1.862 NGC2141
06022680+1031329 5012 65 3.24 0.17 -0.64 0.05 1.19 0.10 1.862 NGC2141
06022731+1023127 5837 67 4.23 0.18 -0.53 0.05 1.43 0.00 1.862 NGC2141
06022770+1018277 4665 66 4.77 0.18 0.08 0.05 0.24 0.25 1.862 NGC2141
06022916+1034283 5705 65 4.18 0.17 -0.48 0.06 1.63 0.16 1.862 NGC2141
06023046+1029306 4972 64 2.91 0.18 -0.49 0.05 0.58 0.27 1.862 NGC2141
06023512+1024100 6151 67 4.12 0.17 -0.58 0.05 2.72 0.09 1.862 NGC2141
06024380+1027212 4856 64 2.57 0.18 -0.05 0.05 1.00 0.09 1.862 NGC2141
06024433+1022053 6326 66 3.84 0.18 -0.23 0.06 2.44 0.19 1.862 NGC2141
06024824+1025204 4907 65 2.70 0.17 -0.01 0.06 0.97 0.12 1.862 NGC2141
06024942+1017536 6603 65 4.20 0.18 -0.09 0.06 2.61 0.12 1.862 NGC2141
06024946+1029171 5040 66 3.27 0.18 -0.09 0.05 1.35 0.09 1.862 NGC2141
06025139+1029022 6284 66 3.77 0.17 -0.19 0.05 2.31 0.19 1.862 NGC2141
06025212+1032034 4842 66 2.45 0.17 -0.09 0.05 0.00 0.42 1.862 NGC2141
06025541+1029154 6550 65 4.02 0.18 0.00 0.05 3.41 0.07 1.862 NGC2141
06025661+1031016 4866 67 2.51 0.17 -0.05 0.05 0.65 0.13 1.862 NGC2141
06025681+1028407 5099 67 3.43 0.17 0.00 0.06 1.24 0.11 1.862 NGC2141
06025992+1019165 6057 65 4.23 0.18 -0.07 0.05 2.45 0.06 1.862 NGC2141
06030002+1032234 4393 31 2.19 0.05 -0.05 0.05 0.71 0.05 1.862 NGC2141
06030015+1027245 4589 64 2.31 0.17 -0.18 0.06 0.92 0.09 1.862 NGC2141
06030027+1028439 4874 30 2.66 0.05 -0.02 0.05 -0.70 0.00 1.862 NGC2141
06030090+1025031 6391 64 3.97 0.17 -0.21 0.05 3.20 0.07 1.862 NGC2141
06030294+1027055 6414 65 4.24 0.17 -0.17 0.05 3.04 0.09 1.862 NGC2141
06030606+1021044 6379 66 4.19 0.17 -0.23 0.05 2.74 0.11 1.862 NGC2141
06032294+1022408 6632 64 4.08 0.18 -0.17 0.05 2.01 0.37 1.862 NGC2141
06032564+1030216 4950 64 2.87 0.17 -0.25 0.05 0.32 0.24 1.862 NGC2141
06032655+1026261 4664 63 2.46 0.17 -0.06 0.05 1.02 0.10 1.862 NGC2141
06023596+1027229 5892 82 4.33 0.22 -0.35 0.08 2.93 0.16 1.862 NGC2141
06023619+1024242 5633 83 4.65 0.22 -0.24 0.08 2.27 0.23 1.862 NGC2141
06023695+1029170 5730 64 3.97 0.17 -0.18 0.05 2.23 0.17 1.862 NGC2141
06023839+1028336 5701 64 4.14 0.18 -0.32 0.05 1.64 0.00 1.862 NGC2141
06024352+1022190 6124 64 4.19 0.18 -0.23 0.06 2.72 0.06 1.862 NGC2141
06024692+1025297 6541 65 4.25 0.17 -0.25 0.05 2.89 0.14 1.862 NGC2141
06024757+1028284 5507 84 3.71 0.22 -0.29 0.08 2.28 0.15 1.862 NGC2141
06024840+1027105 6185 64 4.42 0.17 -0.04 0.06 2.86 0.14 1.862 NGC2141
06024955+1025086 6613 66 4.20 0.17 -0.03 0.05 2.20 0.00 1.862 NGC2141
06024993+1024562 6237 65 3.63 0.17 -0.11 0.06 2.46 0.00 1.862 NGC2141
06025046+1027290 5283 79 2.97 0.22 -0.40 0.08 1.91 0.21 1.862 NGC2141
06025081+1028510 6506 65 4.06 0.17 -0.13 0.05 2.81 0.09 1.862 NGC2141
06025160+1025344 6003 64 4.26 0.17 -0.24 0.06 2.61 0.11 1.862 NGC2141
06025164+1022416 5694 84 3.10 0.22 -0.13 0.07 2.34 0.27 1.862 NGC2141
06025180+1023493 6521 67 4.12 0.17 -0.15 0.05 2.81 0.22 1.862 NGC2141
06025201+1031368 6534 62 4.00 0.18 -0.13 0.05 2.35 0.31 1.862 NGC2141
06025236+1025089 6379 66 4.03 0.17 -0.12 0.06 3.13 0.06 1.862 NGC2141
06025239+1026342 5968 64 4.27 0.17 -0.28 0.05 2.44 0.19 1.862 NGC2141
06025254+1028303 6031 65 4.10 0.17 -0.33 0.06 2.82 0.11 1.862 NGC2141
06025335+1031116 6211 64 3.90 0.18 -0.41 0.05 2.82 0.15 1.862 NGC2141
06025406+1023192 5058 67 2.57 0.17 0.23 0.05 1.07 0.00 1.862 NGC2141
06025434+1028143 6857 83 4.02 0.22 0.11 0.07 3.12 0.13 1.862 NGC2141
06025436+1026583 6724 65 4.01 0.18 -0.09 0.05 2.43 0.00 1.862 NGC2141
06025474+1024409 6028 65 3.85 0.17 -0.16 0.06 2.81 0.14 1.862 NGC2141
06025497+1027530 6444 67 3.87 0.18 -0.14 0.05 3.13 0.06 1.862 NGC2141
06025552+1028480 6140 70 4.27 0.21 0.06 0.05 2.60 0.20 1.862 NGC2141
06025584+1027396 6521 64 4.13 0.18 -0.01 0.05 1.96 0.48 1.862 NGC2141
06025625+1025093 6318 66 4.47 0.17 -0.30 0.05 3.00 0.09 1.862 NGC2141
06025635+1025502 6083 64 4.18 0.17 -0.11 0.06 2.83 0.13 1.862 NGC2141
06025638+1024389 6481 66 4.11 0.17 -0.06 0.05 2.67 0.00 1.862 NGC2141
06025650+1026455 6269 63 4.11 0.17 0.01 0.05 2.69 0.06 1.862 NGC2141
06025660+1028595 5900 65 4.16 0.17 -0.34 0.05 2.31 0.08 1.862 NGC2141
06025684+1023421 5354 81 3.72 0.22 -0.43 0.08 1.49 0.00 1.862 NGC2141
06025689+1028303 6488 65 4.11 0.17 0.08 0.06 2.44 0.15 1.862 NGC2141
06025723+1032598 6306 66 3.87 0.18 -0.13 0.05 2.28 0.12 1.862 NGC2141
06025752+1026345 5849 104 4.92 0.31 -0.19 0.10 2.35 0.00 1.862 NGC2141
06025752+1030536 6214 67 4.01 0.17 -0.08 0.05 2.13 0.17 1.862 NGC2141
06025763+1030256 6419 66 4.06 0.17 -0.05 0.06 2.71 0.16 1.862 NGC2141
06025857+1026139 6498 64 4.11 0.17 0.01 0.05 2.70 0.22 1.862 NGC2141
06025894+1033092 6024 65 4.19 0.18 -0.07 0.06 2.66 0.13 1.862 NGC2141
06025934+1032148 6331 66 4.00 0.18 -0.03 0.05 2.35 0.15 1.862 NGC2141
06025936+1028328 6093 63 3.81 0.17 -0.02 0.06 1.89 0.16 1.862 NGC2141
06025995+1026232 6157 66 4.31 0.18 -0.81 0.05 2.51 0.11 1.862 NGC2141
06030039+1032149 5844 83 4.82 0.22 -0.37 0.07 2.49 0.23 1.862 NGC2141
06030045+1028550 6322 64 4.08 0.18 -0.04 0.05 2.96 0.12 1.862 NGC2141
06030105+1028124 6111 64 4.23 0.17 -0.32 0.05 2.91 0.12 1.862 NGC2141
06030142+1024391 6056 64 4.65 0.18 -0.19 0.05 2.83 0.14 1.862 NGC2141
06030150+1026371 6331 66 4.06 0.17 -0.10 0.05 2.14 0.00 1.862 NGC2141
06030255+1026448 6315 65 4.23 0.17 -0.12 0.05 3.12 0.10 1.862 NGC2141
06030270+1031198 6263 65 4.13 0.17 -0.25 0.05 2.56 0.15 1.862 NGC2141
06030291+1028485 6729 65 4.20 0.17 -0.07 0.05 2.78 0.16 1.862 NGC2141
06030329+1024427 4985 64 3.08 0.17 -0.19 0.06 0.66 0.19 1.862 NGC2141
06030535+1031184 6169 82 3.68 0.22 0.00 0.08 2.52 0.22 1.862 NGC2141
06030552+1026223 6716 66 4.15 0.18 -0.14 0.06 3.14 0.11 1.862 NGC2141
06030556+1023505 6244 66 4.29 0.17 0.05 0.05 3.01 0.09 1.862 NGC2141
06030593+1028529 6196 65 4.35 0.17 -0.13 0.05 2.94 0.12 1.862 NGC2141
06030620+1025127 5986 104 4.67 0.33 -0.02 0.09 2.51 0.25 1.862 NGC2141
06030625+1024417 6249 66 3.92 0.18 -0.07 0.05 3.04 0.05 1.862 NGC2141
06030667+1030489 6176 64 4.13 0.18 -0.25 0.05 2.41 0.07 1.862 NGC2141
06030677+1025477 6416 63 3.98 0.18 -0.08 0.06 2.79 0.07 1.862 NGC2141
06030683+1028071 4890 63 2.73 0.18 -0.08 0.05 1.03 0.09 1.862 NGC2141
06030743+1017030 6093 63 4.35 0.17 -0.22 0.05 2.55 0.06 1.862 NGC2141
06030771+1027013 6336 66 4.12 0.17 -0.02 0.05 2.79 0.13 1.862 NGC2141
06030787+1024294 6321 65 3.97 0.17 -0.12 0.05 3.10 0.06 1.862 NGC2141
06030796+1029026 6488 66 3.95 0.17 -0.16 0.06 2.72 0.11 1.862 NGC2141
06030868+1030510 5394 83 3.49 0.22 -0.68 0.08 2.11 0.19 1.862 NGC2141
06030958+1029268 6325 82 4.79 0.22 0.09 0.08 2.96 0.14 1.862 NGC2141
06030981+1029564 6180 82 4.23 0.22 -0.37 0.08 2.47 0.19 1.862 NGC2141
06031013+1031517 6578 82 3.88 0.22 0.09 0.07 2.70 0.24 1.862 NGC2141
06031025+1023541 5847 81 4.45 0.22 -0.21 0.08 2.64 0.19 1.862 NGC2141
06031080+1029092 5110 66 4.50 0.17 -0.17 0.05 0.84 0.17 1.862 NGC2141
06031381+1032511 5255 64 4.52 0.17 0.14 0.05 0.87 1.11 1.862 NGC2141
06031394+1024414 6566 66 4.18 0.17 0.01 0.05 2.24 0.00 1.862 NGC2141
06031407+1027296 6122 83 3.54 0.22 0.00 0.08 2.84 0.14 1.862 NGC2141
06031519+1028298 5912 83 3.80 0.22 -0.36 0.08 2.86 0.13 1.862 NGC2141
06031596+1023287 6143 82 4.55 0.22 0.21 0.08 2.84 0.16 1.862 NGC2141
06031598+1021162 5198 64 4.43 0.18 0.19 0.06 0.77 0.22 1.862 NGC2141
06031629+1036196 5741 64 4.01 0.18 -0.50 0.05 1.58 0.13 1.862 NGC2141
06031647+1021331 6026 65 4.16 0.18 -0.33 0.05 2.56 0.08 1.862 NGC2141
06031688+1023505 6512 64 3.84 0.17 -0.24 0.05 2.88 0.11 1.862 NGC2141
06031706+1027181 6390 67 4.09 0.17 -0.13 0.06 1.96 0.00 1.862 NGC2141
06031749+1027582 6514 65 3.91 0.18 -0.11 0.05 2.89 0.11 1.862 NGC2141
06031760+1030091 6471 65 3.98 0.18 -0.09 0.05 2.57 0.16 1.862 NGC2141
06031764+1030345 6053 80 4.07 0.22 0.03 0.08 2.81 0.20 1.862 NGC2141
06031954+1028279 6252 65 4.28 0.18 -0.13 0.06 2.87 0.13 1.862 NGC2141
06032009+1028369 5938 102 3.73 0.34 0.07 0.09 2.47 0.23 1.862 NGC2141
06032017+1027180 5919 83 3.71 0.22 -0.04 0.08 2.49 0.22 1.862 NGC2141
06032032+1025342 6410 84 3.90 0.22 0.09 0.08 3.27 0.17 1.862 NGC2141
06032102+1027304 6363 67 4.16 0.17 -0.42 0.05 1.86 0.00 1.862 NGC2141
06032195+1030435 6215 82 3.84 0.22 0.02 0.07 2.60 0.22 1.862 NGC2141
06032326+1026287 6270 83 4.23 0.22 -0.49 0.08 2.90 0.10 1.862 NGC2141
06032507+1028546 5716 81 4.38 0.22 -0.76 0.08 2.57 0.17 1.862 NGC2141
06032518+1032033 6253 64 3.87 0.17 -0.11 0.05 3.05 0.05 1.862 NGC2141
06033459+1032352 4949 62 2.87 0.17 -0.02 0.06 1.25 0.10 1.862 NGC2141
06034155+1030455 5729 64 3.52 0.17 -0.46 0.05 1.60 0.12 1.862 NGC2141
06023580+1025050 5705 64 4.13 0.17 -0.24 0.05 1.07 0.96 1.862 NGC2141
06023618+1024291 5822 62 3.70 0.18 -0.57 0.06 2.20 0.00 1.862 NGC2141
06023900+1025529 6342 63 4.07 0.18 -0.23 0.06 2.36 0.19 1.862 NGC2141
06024242+1028222 5598 81 3.21 0.22 -0.68 0.08 2.25 0.13 1.862 NGC2141
06024479+1025119 5738 64 3.95 0.17 -0.32 0.06 2.06 0.00 1.862 NGC2141
06024545+1018450 5518 64 3.93 0.18 -0.27 0.05 1.72 0.09 1.862 NGC2141
06024576+1028418 6456 83 4.50 0.22 -0.09 0.08 3.08 0.21 1.862 NGC2141
06024607+1026003 6336 66 4.28 0.18 -0.10 0.05 1.98 0.00 1.862 NGC2141
06024607+1030354 6097 66 4.01 0.17 -0.15 0.05 3.00 0.12 1.862 NGC2141
06024611+1029247 6176 84 4.02 0.22 -0.14 0.08 2.41 0.00 1.862 NGC2141
06024614+1022203 5854 68 4.65 0.18 -0.35 0.06 2.81 0.11 1.862 NGC2141
06024627+1028144 6267 84 3.99 0.21 -0.24 0.08 3.09 0.13 1.862 NGC2141
06024641+1026212 5977 65 4.26 0.17 -0.08 0.05 2.32 0.08 1.862 NGC2141
06024660+1027095 5831 81 3.92 0.22 0.10 0.08 2.68 0.21 1.862 NGC2141
06024671+1024494 5985 65 4.14 0.17 -0.52 0.06 1.95 0.17 1.862 NGC2141
06024700+1032176 5068 65 3.27 0.18 -1.09 0.05 1.86 0.15 1.862 NGC2141
06024744+1027081 6523 66 4.23 0.17 -0.06 0.05 3.29 0.07 1.862 NGC2141
06024829+1028367 6231 101 4.87 0.31 0.12 0.09 2.96 0.16 1.862 NGC2141
06024891+1032427 6535 66 4.18 0.18 -0.11 0.05 3.15 0.08 1.862 NGC2141
06024931+1032094 6233 66 4.17 0.17 -0.09 0.05 2.60 0.12 1.862 NGC2141
06024946+1029150 6611 66 4.00 0.17 -0.05 0.05 2.66 0.18 1.862 NGC2141
06024973+1023392 6514 65 4.17 0.17 -0.15 0.05 3.12 0.08 1.862 NGC2141
06025023+1026062 6329 65 4.02 0.17 -0.31 0.05 2.30 0.00 1.862 NGC2141
06025119+1022375 5641 64 3.84 0.18 -0.43 0.06 1.99 0.00 1.862 NGC2141
06025143+1020478 6488 66 4.04 0.17 -0.05 0.05 2.33 0.22 1.862 NGC2141
06025143+1030198 6400 64 4.18 0.17 -0.16 0.05 3.22 0.07 1.862 NGC2141
06025145+1032372 6369 63 3.87 0.17 -0.16 0.05 3.03 0.10 1.862 NGC2141
06025203+1023352 6346 102 4.55 0.34 0.23 0.09 2.69 0.00 1.862 NGC2141
06025208+1023089 6422 66 4.07 0.17 -0.18 0.05 2.87 0.12 1.862 NGC2141
06025232+1030461 6534 66 4.05 0.17 -0.11 0.05 2.63 0.16 1.862 NGC2141
06025236+1020541 6485 65 4.13 0.17 -0.16 0.05 2.98 0.11 1.862 NGC2141
06025268+1021468 6477 67 3.74 0.17 -0.05 0.06 3.07 0.17 1.862 NGC2141
06025338+1024092 6122 65 4.13 0.17 -0.15 0.06 3.09 0.10 1.862 NGC2141
06025339+1017589 6331 66 4.19 0.17 -0.47 0.05 1.75 0.00 1.862 NGC2141
06025388+1024555 6552 66 4.06 0.17 -0.01 0.06 2.94 0.08 1.862 NGC2141
06025418+1027094 6029 105 4.60 0.34 0.15 0.10 2.61 0.25 1.862 NGC2141
06025432+1023436 6453 65 4.02 0.18 -0.06 0.05 3.13 0.08 1.862 NGC2141
06025439+1029437 5781 63 4.12 0.17 -0.14 0.05 2.67 0.10 1.862 NGC2141
06025444+1028020 6239 66 3.93 0.17 -0.10 0.06 2.71 0.07 1.862 NGC2141
06025451+1030031 6322 64 4.08 0.18 -0.13 0.05 2.68 0.15 1.862 NGC2141
06025521+1030356 5292 83 2.78 0.22 -0.52 0.08 2.27 0.20 1.862 NGC2141
06025551+1029350 6002 84 4.02 0.21 -0.09 0.08 3.04 0.15 1.862 NGC2141
06025596+1027262 6330 70 4.28 0.21 -0.09 0.05 2.61 0.00 1.862 NGC2141
06025601+1019495 6480 66 4.12 0.17 -0.05 0.06 2.21 0.16 1.862 NGC2141
06025607+1026582 5883 65 4.22 0.18 -0.85 0.06 2.23 0.15 1.862 NGC2141
06025658+1025482 6494 66 4.10 0.18 0.13 0.05 2.94 0.11 1.862 NGC2141
06025669+1026480 5860 65 3.83 0.17 -0.13 0.06 2.60 0.14 1.862 NGC2141
06025672+1026076 6593 67 3.95 0.17 -0.06 0.05 3.19 0.08 1.862 NGC2141
06025682+1028207 6483 66 4.16 0.18 -0.14 0.05 3.19 0.07 1.862 NGC2141
06025687+1024232 6362 69 4.19 0.21 -0.09 0.05 2.63 0.23 1.862 NGC2141
06025706+1021213 6726 64 4.16 0.18 0.05 0.06 2.69 0.00 1.862 NGC2141
06025749+1030001 4931 66 3.06 0.18 -0.02 0.05 1.02 0.11 1.862 NGC2141
06025755+1029252 5990 83 3.80 0.22 -0.26 0.07 2.43 0.21 1.862 NGC2141
06025762+1032182 5688 63 4.50 0.17 -0.08 0.05 1.60 0.13 1.862 NGC2141
06025769+1026450 5931 63 3.90 0.18 -0.23 0.05 2.35 0.19 1.862 NGC2141
06025778+1029109 6292 83 4.54 0.22 0.16 0.08 3.00 0.16 1.862 NGC2141
06025791+1021227 6365 66 4.27 0.18 -0.03 0.05 2.69 0.14 1.862 NGC2141
06025819+1022065 6620 66 4.22 0.17 -0.15 0.05 2.56 0.19 1.862 NGC2141
06025888+1026230 5961 66 3.99 0.17 -0.17 0.05 2.42 0.08 1.862 NGC2141
06025902+1025365 6324 65 3.94 0.17 -0.18 0.05 2.78 0.07 1.862 NGC2141
06025942+1030311 6512 64 4.07 0.17 -0.01 0.06 3.14 0.09 1.862 NGC2141
06030084+1017388 6227 66 4.03 0.17 -0.19 0.06 2.45 0.07 1.862 NGC2141
06030131+1031186 5941 80 3.46 0.21 -0.13 0.08 2.80 0.16 1.862 NGC2141
06030163+1026098 6340 66 3.86 0.17 -0.05 0.05 2.30 0.16 1.862 NGC2141
06030172+1025296 6576 67 4.10 0.18 -0.08 0.06 2.27 0.00 1.862 NGC2141
06030214+1029492 6299 64 4.04 0.18 0.12 0.05 2.91 0.16 1.862 NGC2141
06030278+1031458 6315 66 4.01 0.18 -0.22 0.05 2.86 0.10 1.862 NGC2141
06030321+1027585 6278 83 4.79 0.22 0.05 0.07 2.59 0.00 1.862 NGC2141
06030379+1028093 5446 84 3.16 0.22 -0.20 0.08 1.87 0.00 1.862 NGC2141
06030447+1028196 6346 63 3.92 0.17 -0.12 0.05 3.27 0.07 1.862 NGC2141
06030466+1024216 6225 69 4.33 0.21 0.01 0.05 2.98 0.12 1.862 NGC2141
06030486+1026442 5547 83 3.68 0.22 -0.30 0.08 2.42 0.17 1.862 NGC2141
06030502+1027170 6361 65 4.30 0.18 -0.10 0.05 2.09 0.00 1.862 NGC2141
06030520+1025369 5790 108 4.53 0.34 -0.20 0.09 2.32 0.24 1.862 NGC2141
06030564+1030048 5726 65 3.87 0.17 -0.48 0.06 2.59 0.10 1.862 NGC2141
06030661+1028529 6402 109 4.70 0.33 -0.13 0.09 2.86 0.16 1.862 NGC2141
06030738+1030128 5949 66 4.09 0.17 -0.12 0.05 2.30 0.09 1.862 NGC2141
06030764+1026328 6474 64 4.04 0.17 -0.06 0.06 2.89 0.09 1.862 NGC2141
06030834+1026167 6157 82 4.94 0.21 0.13 0.08 2.97 0.13 1.862 NGC2141
06030873+1028164 6314 64 4.05 0.17 -0.12 0.05 2.60 0.09 1.862 NGC2141
06030885+1026326 6209 106 4.85 0.31 -0.18 0.10 3.05 0.14 1.862 NGC2141
06030981+1031575 6686 84 4.49 0.21 0.17 0.07 3.27 0.14 1.862 NGC2141
06031835+1025294 6141 81 4.21 0.22 -0.29 0.08 2.82 0.13 1.862 NGC2141
06031868+1027480 6416 84 3.76 0.21 -0.03 0.08 3.16 0.12 1.862 NGC2141
06021436+1026347 6329 65 4.08 0.17 -0.15 0.05 2.28 0.14 1.862 NGC2141
06021968+1026124 5925 65 4.41 0.18 0.00 0.05 2.73 0.07 1.862 NGC2141
06021971+1031192 6109 64 4.17 0.17 -0.40 0.05 1.96 0.14 1.862 NGC2141
06022134+1031220 5950 66 4.15 0.17 -0.33 0.05 2.22 0.09 1.862 NGC2141
06022974+1024581 6317 63 4.05 0.17 -0.91 0.05 1.75 0.00 1.862 NGC2141
06023039+1024489 6046 65 4.29 0.17 -0.27 0.06 2.71 0.08 1.862 NGC2141
06023174+1031007 6360 81 4.29 0.22 -0.19 0.08 2.26 0.00 1.862 NGC2141
06023208+1025448 6089 80 3.53 0.22 -0.42 0.08 2.99 0.14 1.862 NGC2141
06023375+1031403 6476 66 4.28 0.18 -0.18 0.05 2.42 0.13 1.862 NGC2141
06023413+1024219 6056 63 4.20 0.18 -0.17 0.05 2.88 0.09 1.862 NGC2141
06023588+1019516 5899 64 4.39 0.18 -0.14 0.05 2.62 0.06 1.862 NGC2141
06023603+1025406 6507 66 3.84 0.18 -0.11 0.05 2.84 0.13 1.862 NGC2141
06023758+1026298 6466 82 4.44 0.22 -0.27 0.08 2.89 0.16 1.862 NGC2141
06023795+1030118 5432 82 3.04 0.22 -0.45 0.08 2.26 0.23 1.862 NGC2141
06023885+1024249 6516 65 3.96 0.18 -0.06 0.06 2.93 0.09 1.862 NGC2141
06023925+1029046 5811 65 4.25 0.17 -0.16 0.05 2.31 0.06 1.862 NGC2141
06024233+1028265 5732 82 3.68 0.21 -0.29 0.08 2.40 0.19 1.862 NGC2141
06024382+1027420 6616 83 4.51 0.22 0.14 0.08 2.33 0.00 1.862 NGC2141
06024473+1021546 6830 67 4.09 0.17 -0.11 0.06 2.65 0.16 1.862 NGC2141
06024578+1026507 6605 66 4.05 0.18 0.03 0.05 3.31 0.08 1.862 NGC2141
06024643+1024238 6105 84 4.55 0.22 -0.42 0.08 1.96 0.00 1.862 NGC2141
06024648+1022531 6511 82 3.49 0.22 -0.42 0.08 2.61 0.23 1.862 NGC2141
06024700+1026115 6579 64 4.17 0.17 -0.15 0.05 2.71 0.20 1.862 NGC2141
06024848+1021479 6538 65 3.95 0.17 -0.05 0.06 2.72 0.00 1.862 NGC2141
06024966+1028303 5757 82 3.60 0.22 -0.57 0.07 2.30 0.25 1.862 NGC2141
06025062+1026138 6389 66 3.77 0.17 -0.25 0.06 2.69 0.22 1.862 NGC2141
06025085+1030393 6384 65 4.04 0.18 -0.28 0.05 3.32 0.07 1.862 NGC2141
06025092+1028170 6788 81 4.08 0.22 0.39 0.06 3.38 0.14 1.862 NGC2141
06025128+1030219 6531 64 3.90 0.17 0.08 0.05 3.09 0.09 1.862 NGC2141
06025156+1024108 6553 84 4.12 0.22 0.05 0.08 2.91 0.14 1.862 NGC2141
06025162+1028518 6524 66 3.97 0.17 -0.03 0.05 3.07 0.12 1.862 NGC2141
06025213+1029555 5715 66 3.75 0.17 -0.38 0.05 2.33 0.19 1.862 NGC2141
06025259+1026446 6421 66 4.01 0.17 0.08 0.05 2.47 0.34 1.862 NGC2141
06025319+1030383 5772 66 3.88 0.17 -0.22 0.06 2.41 0.18 1.862 NGC2141
06025432+1029082 6773 68 4.18 0.18 0.19 0.05 2.88 0.16 1.862 NGC2141
06025502+1026248 6628 82 4.09 0.22 0.28 0.08 3.22 0.19 1.862 NGC2141
06025523+1027330 5816 80 3.65 0.22 -0.18 0.08 2.69 0.18 1.862 NGC2141
06025565+1028002 4946 63 2.99 0.17 -0.47 0.06 1.08 0.10 1.862 NGC2141
06025576+1028420 6398 63 4.13 0.17 -0.21 0.05 2.62 0.00 1.862 NGC2141
06025578+1022132 6416 81 4.32 0.22 -0.04 0.07 3.21 0.15 1.862 NGC2141
06025602+1027305 6547 83 3.68 0.22 -0.06 0.08 3.15 0.13 1.862 NGC2141
06025644+1023044 6406 84 4.88 0.21 0.29 0.07 3.24 0.14 1.862 NGC2141
06025716+1028453 6344 64 3.91 0.17 -0.16 0.06 2.60 0.12 1.862 NGC2141
06025725+1029168 5925 65 3.94 0.17 -0.24 0.05 2.11 0.12 1.862 NGC2141
06025778+1025032 6560 66 4.13 0.17 -0.05 0.06 3.06 0.08 1.862 NGC2141
06025793+1029527 6022 63 4.03 0.18 -0.43 0.05 2.64 0.09 1.862 NGC2141
06025961+1024422 6235 66 4.15 0.17 -0.27 0.05 2.41 0.00 1.862 NGC2141
06025967+1028193 6306 65 4.09 0.17 -0.18 0.06 2.61 0.23 1.862 NGC2141
06025982+1023502 6483 65 3.99 0.17 -0.13 0.05 2.05 0.00 1.862 NGC2141
06030007+1023225 6505 65 3.98 0.17 -0.17 0.05 2.47 0.25 1.862 NGC2141
06030048+1027188 5603 83 2.99 0.21 -0.29 0.08 2.42 0.21 1.862 NGC2141
06030072+1022524 6386 65 3.83 0.17 -0.29 0.05 2.78 0.12 1.862 NGC2141
06030148+1027431 6010 81 3.35 0.21 -0.26 0.08 2.72 0.20 1.862 NGC2141
06030180+1022081 6571 66 4.00 0.18 -0.07 0.05 3.23 0.07 1.862 NGC2141
06030267+1027117 6472 64 4.03 0.17 -0.06 0.06 3.23 0.10 1.862 NGC2141
06030289+1031423 6181 65 4.37 0.17 -0.28 0.05 2.57 0.19 1.862 NGC2141
06030315+1021526 6457 63 4.02 0.17 -0.01 0.06 2.33 0.00 1.862 NGC2141
06030417+1022312 6357 83 3.88 0.21 0.13 0.08 2.77 0.22 1.862 NGC2141
06030446+1024590 6346 82 4.19 0.22 0.02 0.07 2.95 0.22 1.862 NGC2141
06030584+1027462 6420 66 3.93 0.17 -0.36 0.05 3.36 0.10 1.862 NGC2141
06030617+1027151 6237 63 4.04 0.17 -0.27 0.06 2.53 0.19 1.862 NGC2141
06030657+1026524 6462 65 4.44 0.18 -0.14 0.05 2.71 0.17 1.862 NGC2141
06030664+1024115 6541 66 4.03 0.18 -0.09 0.05 3.14 0.09 1.862 NGC2141
06030671+1024302 5900 79 4.10 0.22 0.14 0.08 2.44 0.22 1.862 NGC2141
06030758+1020543 6178 80 4.44 0.22 0.33 0.07 3.18 0.19 1.862 NGC2141
06030973+1025001 6503 82 4.03 0.22 -0.14 0.08 2.60 0.00 1.862 NGC2141
06031085+1019197 6374 66 4.19 0.17 -0.06 0.05 1.86 0.34 1.862 NGC2141
06031210+1028101 6301 64 4.36 0.17 -0.19 0.05 3.17 0.08 1.862 NGC2141
06031351+1018501 5164 64 3.31 0.17 -0.37 0.05 0.60 0.34 1.862 NGC2141
06031392+1022210 6347 83 4.02 0.22 -0.45 0.08 2.55 0.17 1.862 NGC2141
06031441+1028201 6278 103 4.37 0.34 -0.08 0.09 3.17 0.19 1.862 NGC2141
06031491+1026052 6359 65 3.87 0.17 0.01 0.06 2.18 0.23 1.862 NGC2141
06031910+1022068 6346 82 4.13 0.22 -0.20 0.08 2.32 0.00 1.862 NGC2141
06031962+1028346 6556 83 3.86 0.21 -0.26 0.08 3.00 0.13 1.862 NGC2141
06032142+1027101 6377 66 4.01 0.17 -0.08 0.05 2.66 0.09 1.862 NGC2141
06033999+1027444 5340 65 4.58 0.18 -0.60 0.06 1.37 0.13 1.862 NGC2141
06021286+1030272 5773 65 3.96 0.17 -0.02 0.05 1.33 0.32 1.862 NGC2141
06021675+1029331 6339 64 4.19 0.17 -0.10 0.05 2.31 0.11 1.862 NGC2141
06022492+1036028 5319 63 4.56 0.17 0.06 0.06 1.58 0.08 1.862 NGC2141
06023052+1028238 6315 83 4.51 0.22 -0.61 0.08 2.63 0.13 1.862 NGC2141
06023342+1031269 5966 66 4.54 0.17 -0.39 0.05 2.69 0.11 1.862 NGC2141
06023361+1029194 6548 84 4.16 0.22 -0.45 0.08 2.24 0.00 1.862 NGC2141
06023429+1029255 5379 80 3.55 0.22 -0.79 0.07 1.70 0.19 1.862 NGC2141
06023430+1027410 5949 79 3.72 0.22 -0.41 0.07 2.83 0.17 1.862 NGC2141
06023479+1031121 6320 66 4.13 0.17 -0.18 0.05 2.22 0.14 1.862 NGC2141
06023486+1024132 6637 66 4.06 0.17 -0.11 0.05 2.71 0.15 1.862 NGC2141
06023690+1031079 5383 85 3.50 0.22 -0.51 0.08 1.90 0.00 1.862 NGC2141
06023722+1029462 5400 63 3.53 0.17 -0.52 0.06 2.08 0.13 1.862 NGC2141
06023747+1031258 6153 65 4.18 0.17 -0.30 0.06 2.07 0.00 1.862 NGC2141
06023794+1025382 6584 66 3.99 0.18 -0.15 0.05 2.97 0.09 1.862 NGC2141
06023811+1028046 6342 80 3.95 0.23 -0.35 0.08 2.60 0.14 1.862 NGC2141
06023883+1029330 6232 66 4.13 0.17 0.00 0.05 2.63 0.14 1.862 NGC2141
06024103+1026555 6368 65 4.15 0.18 -0.09 0.05 2.21 0.28 1.862 NGC2141
06024170+1031433 6131 82 3.81 0.22 -0.06 0.08 2.95 0.12 1.862 NGC2141
06024175+1031075 5742 81 3.24 0.22 -0.21 0.08 2.81 0.14 1.862 NGC2141
06024206+1023050 6483 64 4.20 0.17 -0.01 0.05 3.14 0.08 1.862 NGC2141
06024257+1029584 5763 65 3.67 0.17 -0.52 0.06 1.85 0.17 1.862 NGC2141
06024362+1028165 5755 83 4.58 0.22 -0.40 0.08 2.54 0.13 1.862 NGC2141
06024496+1030263 6126 66 4.00 0.17 -0.81 0.05 2.12 0.14 1.862 NGC2141
06024500+1029038 6152 66 4.18 0.17 -0.18 0.06 2.81 0.13 1.862 NGC2141
06024543+1029593 5652 82 3.38 0.22 -0.01 0.07 2.29 0.16 1.862 NGC2141
06024558+1027349 6224 64 4.03 0.18 -0.21 0.05 2.17 0.27 1.862 NGC2141
06024622+1035539 4761 64 4.73 0.18 0.25 0.05 -0.16 0.59 1.862 NGC2141
06024690+1025440 6475 66 3.91 0.17 -0.17 0.05 2.63 0.17 1.862 NGC2141
06024769+1027376 6095 67 4.45 0.18 -0.02 0.05 3.00 0.09 1.862 NGC2141
06024803+1025008 6057 65 4.04 0.17 -0.26 0.06 2.26 0.25 1.862 NGC2141
06024851+1026271 5816 67 4.61 0.18 -0.35 0.05 2.44 0.15 1.862 NGC2141
06024918+1027566 5949 63 4.52 0.17 -0.12 0.05 2.68 0.16 1.862 NGC2141
06024969+1027421 5054 65 3.27 0.17 -0.02 0.05 1.48 0.08 1.862 NGC2141
06024983+1027083 6315 65 3.89 0.17 -0.12 0.06 2.90 0.12 1.862 NGC2141
06025026+1027521 6430 66 4.42 0.17 -0.12 0.05 2.41 0.00 1.862 NGC2141
06025123+1027503 6539 65 3.95 0.18 -0.14 0.06 3.11 0.07 1.862 NGC2141
06025224+1022183 5853 66 4.46 0.18 -0.31 0.05 2.71 0.12 1.862 NGC2141
06025260+1021161 5923 66 4.44 0.17 -0.17 0.06 2.48 0.07 1.862 NGC2141
06025347+1029265 5919 65 4.39 0.17 -0.22 0.05 2.66 0.13 1.862 NGC2141
06025361+1028158 6565 65 4.01 0.17 -0.18 0.05 3.12 0.08 1.862 NGC2141
06025373+1029393 6384 105 4.46 0.33 -0.34 0.09 3.07 0.17 1.862 NGC2141
06025401+1030466 6523 68 4.04 0.17 -0.13 0.06 1.87 0.00 1.862 NGC2141
06025454+1029297 6423 66 4.15 0.18 -0.11 0.05 2.59 0.00 1.862 NGC2141
06025473+1031542 5944 64 3.97 0.18 -0.28 0.05 2.38 0.12 1.862 NGC2141
06025507+1023132 6270 66 3.79 0.18 -0.09 0.05 1.86 0.24 1.862 NGC2141
06025571+1024418 5823 69 4.32 0.21 -0.20 0.06 2.03 0.36 1.862 NGC2141
06025575+1028146 6328 66 4.12 0.17 -0.15 0.06 2.58 0.15 1.862 NGC2141
06025584+1029398 6256 63 3.94 0.18 -0.19 0.06 2.72 0.09 1.862 NGC2141
06025596+1029055 6391 65 4.27 0.17 -0.09 0.05 2.13 0.31 1.862 NGC2141
06025600+1032246 6514 66 4.03 0.17 -0.05 0.06 2.39 0.14 1.862 NGC2141
06025645+1021284 5797 64 4.18 0.17 -0.52 0.05 2.62 0.14 1.862 NGC2141
06025647+1028040 5824 66 4.53 0.17 -0.09 0.05 2.81 0.10 1.862 NGC2141
06025666+1024566 6037 73 4.32 0.21 -0.12 0.05 2.69 0.13 1.862 NGC2141
06025694+1024028 6268 66 3.97 0.18 -0.08 0.06 1.92 0.33 1.862 NGC2141
06025727+1025151 6469 66 3.95 0.17 -0.19 0.06 2.39 0.00 1.862 NGC2141
06025768+1026525 6316 64 4.13 0.18 -0.21 0.05 2.91 0.08 1.862 NGC2141
06025776+1028023 6050 65 4.00 0.17 -0.13 0.06 2.96 0.11 1.862 NGC2141
06025780+1028574 6056 64 4.38 0.17 -0.02 0.06 2.75 0.11 1.862 NGC2141
06025831+1027399 5993 65 3.94 0.18 -0.14 0.06 2.73 0.11 1.862 NGC2141
06025866+1031128 6335 66 4.11 0.18 0.03 0.05 2.23 0.25 1.862 NGC2141
06025992+1027084 6184 64 4.33 0.17 -0.11 0.05 2.83 0.14 1.862 NGC2141
06030059+1028261 6156 82 3.94 0.21 -0.48 0.08 2.08 0.00 1.862 NGC2141
06030060+1024059 6761 65 4.16 0.17 -0.21 0.05 2.97 0.09 1.862 NGC2141
06030065+1027176 6420 63 4.03 0.18 -0.11 0.06 3.10 0.06 1.862 NGC2141
06030084+1027013 6454 64 4.10 0.17 -0.02 0.06 2.77 0.06 1.862 NGC2141
06030087+1026326 6333 65 4.04 0.18 -0.10 0.05 2.29 0.00 1.862 NGC2141
06030098+1027300 6555 63 4.02 0.17 -0.07 0.06 2.91 0.07 1.862 NGC2141
06030100+1024435 6444 64 4.40 0.17 -0.23 0.05 2.37 0.00 1.862 NGC2141
06030123+1025045 6525 64 4.12 0.17 -0.10 0.05 2.32 0.00 1.862 NGC2141
06030229+1023504 5963 64 4.42 0.18 -0.33 0.05 2.74 0.10 1.862 NGC2141
06030253+1028378 6384 64 4.10 0.17 -0.12 0.06 2.81 0.13 1.862 NGC2141
06030327+1027268 6225 64 4.15 0.17 0.02 0.05 2.90 0.12 1.862 NGC2141
06030353+1022469 6103 64 4.11 0.17 -0.22 0.05 2.99 0.10 1.862 NGC2141
06030364+1020424 6067 65 4.47 0.17 -0.13 0.05 2.65 0.15 1.862 NGC2141
06030419+1023117 5723 65 3.89 0.17 -0.51 0.05 2.22 0.17 1.862 NGC2141
06030450+1027092 6049 65 4.59 0.17 -0.14 0.05 2.84 0.10 1.862 NGC2141
06030574+1028504 6269 82 4.61 0.22 -0.17 0.08 2.05 0.00 1.862 NGC2141
06030611+1024369 5264 64 4.28 0.18 -0.23 0.05 0.70 0.31 1.862 NGC2141
06030636+1024189 6000 84 4.33 0.22 0.04 0.08 2.65 0.14 1.862 NGC2141
06030697+1028399 5787 80 4.55 0.22 -0.16 0.08 2.42 0.17 1.862 NGC2141
06030753+1027133 6150 82 4.11 0.22 -0.07 0.08 2.49 0.21 1.862 NGC2141
06030781+1028147 6314 105 4.80 0.31 -0.32 0.09 2.90 0.14 1.862 NGC2141
06030903+1025070 6458 66 4.12 0.17 -0.07 0.06 2.37 0.22 1.862 NGC2141
06030937+1030125 6411 80 4.07 0.22 -0.36 0.07 2.43 0.00 1.862 NGC2141
06031082+1024051 6688 66 4.07 0.18 -0.09 0.06 3.16 0.08 1.862 NGC2141
06031354+1023179 6454 65 4.11 0.17 -0.10 0.05 2.40 0.16 1.862 NGC2141
06031386+1020346 5765 66 3.96 0.18 -0.27 0.05 2.37 0.15 1.862 NGC2141
06031467+1027387 6443 66 4.25 0.17 0.04 0.06 2.93 0.08 1.862 NGC2141
06031473+1027595 6289 63 4.04 0.18 -0.53 0.05 2.60 0.11 1.862 NGC2141
06031642+1027154 6435 64 3.97 0.17 -0.14 0.05 2.72 0.12 1.862 NGC2141
06031737+1026484 6277 80 4.34 0.22 0.18 0.08 2.66 0.21 1.862 NGC2141
06031873+1026360 6479 67 4.01 0.17 -0.18 0.06 2.65 0.12 1.862 NGC2141
06031912+1026137 6336 84 4.62 0.22 0.00 0.08 3.32 0.12 1.862 NGC2141
06032093+1022009 6474 64 4.31 0.17 -0.04 0.05 2.49 0.00 1.862 NGC2141
06032119+1026292 6311 64 4.01 0.17 0.03 0.05 3.02 0.08 1.862 NGC2141
06032398+1024233 6515 65 4.07 0.17 -0.15 0.05 2.66 0.16 1.862 NGC2141
06032584+1024087 6360 80 4.63 0.22 0.04 0.08 3.02 0.13 1.862 NGC2141
06022822+1029267 6258 64 4.31 0.18 -0.06 0.06 3.11 0.09 1.862 NGC2141
06022892+1027141 6395 66 4.12 0.18 -0.29 0.05 1.84 0.00 1.862 NGC2141
06023077+1023575 5674 81 3.11 0.21 -0.85 0.08 1.87 0.00 1.862 NGC2141
06023092+1029345 6080 66 3.90 0.17 -0.34 0.05 2.42 0.13 1.862 NGC2141
06023205+1023188 6390 81 4.52 0.21 0.03 0.08 2.90 0.17 1.862 NGC2141
06023284+1027549 5502 66 3.53 0.18 -0.61 0.05 1.71 0.00 1.862 NGC2141
06023336+1024536 6387 65 3.97 0.17 0.02 0.05 2.52 0.16 1.862 NGC2141
06023373+1032020 5987 64 3.95 0.18 -0.30 0.05 2.52 0.13 1.862 NGC2141
06023393+1025426 6081 81 4.38 0.22 0.07 0.08 2.70 0.17 1.862 NGC2141
06023563+1028171 6106 64 4.50 0.17 -0.03 0.05 2.23 0.23 1.862 NGC2141
06023571+1026039 5621 81 3.51 0.21 -0.15 0.07 2.17 0.22 1.862 NGC2141
06023706+1029573 5691 66 4.38 0.18 -0.55 0.06 2.72 0.12 1.862 NGC2141
06023709+1027155 5553 80 4.52 0.21 -0.26 0.08 2.36 0.16 1.862 NGC2141
06023768+1029189 6246 65 4.08 0.18 -0.24 0.05 2.66 0.10 1.862 NGC2141
06023827+1025422 6048 66 4.46 0.17 -0.18 0.05 2.48 0.12 1.862 NGC2141
06023859+1028232 6065 82 4.87 0.22 -0.18 0.08 2.86 0.10 1.862 NGC2141
06023902+1027562 6554 66 4.10 0.17 -0.05 0.05 3.35 0.06 1.862 NGC2141
06024111+1030139 6482 67 4.42 0.17 -0.13 0.05 2.35 0.00 1.862 NGC2141
06024222+1031011 6399 65 4.04 0.17 -0.14 0.06 2.62 0.09 1.862 NGC2141
06024313+1024533 6629 82 3.95 0.22 0.10 0.07 2.79 0.20 1.862 NGC2141
06024352+1023111 6199 81 3.75 0.22 0.07 0.08 2.69 0.16 1.862 NGC2141
06024376+1028082 6585 65 3.99 0.17 -0.12 0.05 2.96 0.09 1.862 NGC2141
06024500+1027475 5700 65 4.33 0.17 -0.31 0.05 2.41 0.14 1.862 NGC2141
06024533+1031361 6139 83 3.85 0.21 -0.57 0.08 2.71 0.22 1.862 NGC2141
06024548+1027237 5067 66 3.19 0.18 0.01 0.05 1.34 0.09 1.862 NGC2141
06024583+1027072 6237 82 4.16 0.22 0.34 0.07 2.50 0.34 1.862 NGC2141
06024591+1031115 6215 63 4.02 0.17 -0.38 0.05 2.29 0.14 1.862 NGC2141
06024651+1026096 6057 64 4.57 0.17 -0.23 0.05 2.31 0.15 1.862 NGC2141
06024719+1027126 6473 65 4.19 0.18 -0.19 0.05 2.41 0.00 1.862 NGC2141
06024803+1026465 6649 65 4.19 0.17 -0.04 0.05 2.63 0.17 1.862 NGC2141
06024847+1028174 6007 66 4.51 0.18 -0.20 0.06 2.42 0.20 1.862 NGC2141
06024879+1026074 6670 68 4.08 0.17 -0.06 0.05 2.18 0.00 1.862 NGC2141
06024890+1024277 6184 63 4.44 0.17 -0.14 0.05 2.13 0.00 1.862 NGC2141
06024924+1028273 6599 67 4.01 0.18 -0.06 0.05 2.54 0.00 1.862 NGC2141
06024966+1022488 6469 65 4.17 0.17 -0.06 0.06 2.85 0.13 1.862 NGC2141
06025050+1023328 5580 82 4.82 0.22 -0.10 0.08 2.66 0.15 1.862 NGC2141
06025114+1034286 5712 83 4.73 0.22 -0.58 0.08 2.41 0.17 1.862 NGC2141
06025128+1029322 5824 65 3.78 0.17 -0.21 0.06 2.27 0.16 1.862 NGC2141
06025163+1024150 6465 65 4.11 0.18 -0.05 0.05 2.14 0.00 1.862 NGC2141
06025192+1024574 6602 66 3.96 0.18 -0.02 0.05 2.46 0.00 1.862 NGC2141
06025297+1026223 6032 65 4.38 0.17 -0.02 0.05 1.94 0.12 1.862 NGC2141
06025299+1031032 6127 67 4.08 0.17 -0.19 0.05 2.46 0.00 1.862 NGC2141
06025307+1022005 6132 79 4.81 0.22 0.06 0.07 2.80 0.17 1.862 NGC2141
06025351+1025109 6354 64 4.16 0.17 -0.08 0.05 2.50 0.20 1.862 NGC2141
06025356+1029492 5754 65 4.44 0.17 -0.50 0.05 2.55 0.12 1.862 NGC2141
06025501+1023420 6024 65 4.27 0.17 -0.18 0.05 2.49 0.15 1.862 NGC2141
06025503+1032221 5129 81 2.78 0.22 -0.67 0.08 1.69 0.22 1.862 NGC2141
06025525+1033391 6294 64 4.12 0.17 -0.19 0.06 2.01 0.12 1.862 NGC2141
06025588+1025124 6273 64 4.02 0.17 -0.07 0.05 2.00 0.22 1.862 NGC2141
06025591+1024364 6006 82 4.01 0.22 0.00 0.08 2.70 0.17 1.862 NGC2141
06025611+1025562 6089 63 4.19 0.17 0.00 0.05 3.10 0.11 1.862 NGC2141
06025636+1030189 5783 83 3.91 0.22 -0.50 0.08 2.26 0.18 1.862 NGC2141
06025724+1032572 6474 65 3.98 0.17 -0.08 0.05 3.33 0.06 1.862 NGC2141
06025755+1025379 6126 65 4.37 0.17 -0.19 0.05 3.05 0.07 1.862 NGC2141
06025877+1026192 5991 66 4.17 0.18 -0.25 0.05 1.96 0.00 1.862 NGC2141
06025897+1026487 6209 63 4.23 0.17 -0.14 0.05 2.97 0.11 1.862 NGC2141
06025950+1029081 6272 65 4.30 0.17 -0.06 0.06 3.07 0.10 1.862 NGC2141
06025953+1028481 6264 66 3.90 0.18 -0.18 0.05 2.31 0.19 1.862 NGC2141
06025954+1027262 6440 64 4.02 0.17 -0.12 0.05 2.54 0.19 1.862 NGC2141
06025991+1027136 5861 64 4.13 0.17 -0.19 0.06 2.05 0.22 1.862 NGC2141
06030001+1026461 6406 66 4.11 0.17 -0.03 0.06 2.50 0.22 1.862 NGC2141
06030032+1034134 5826 65 4.45 0.17 0.02 0.05 2.55 0.12 1.862 NGC2141
06030039+1025043 6007 67 4.64 0.17 -0.22 0.05 2.44 0.20 1.862 NGC2141
06030050+1027006 6460 66 4.04 0.17 -0.21 0.05 3.17 0.08 1.862 NGC2141
06030055+1027431 6465 64 3.93 0.17 -0.34 0.05 2.72 0.13 1.862 NGC2141
06030096+1029228 5806 84 4.59 0.22 -0.18 0.08 2.37 0.23 1.862 NGC2141
06030116+1028298 6301 65 4.05 0.17 -0.16 0.05 3.08 0.06 1.862 NGC2141
06030122+1027339 5998 64 4.41 0.18 -0.88 0.06 1.64 0.00 1.862 NGC2141
06030130+1031439 6100 80 4.57 0.22 0.22 0.08 2.66 0.22 1.862 NGC2141
06030133+1032229 6432 65 4.12 0.17 -0.08 0.05 2.52 0.20 1.862 NGC2141
06030140+1026363 6375 66 4.09 0.17 -0.17 0.05 2.21 0.00 1.862 NGC2141
06030167+1022588 6693 67 4.01 0.18 -0.18 0.05 2.85 0.12 1.862 NGC2141
06030169+1028151 6070 69 4.28 0.21 -0.21 0.05 2.80 0.12 1.862 NGC2141
06030189+1028491 6130 65 4.11 0.17 -0.02 0.06 3.04 0.11 1.862 NGC2141
06030269+1033327 6114 64 4.34 0.18 -0.07 0.06 3.08 0.11 1.862 NGC2141
06030296+1031013 6304 65 4.01 0.18 -0.95 0.05 2.18 0.16 1.862 NGC2141
06030328+1027493 6331 65 4.10 0.17 -0.13 0.06 2.88 0.06 1.862 NGC2141
06030342+1029068 6158 66 4.42 0.18 -0.14 0.05 2.56 0.14 1.862 NGC2141
06030429+1031162 6245 65 4.24 0.18 -0.73 0.06 2.29 0.18 1.862 NGC2141
06030462+1024580 6524 67 3.90 0.17 -0.16 0.05 2.68 0.15 1.862 NGC2141
06030468+1030139 5888 66 4.31 0.18 -0.23 0.06 2.49 0.16 1.862 NGC2141
06030512+1026321 6407 66 4.26 0.17 0.00 0.06 2.43 0.20 1.862 NGC2141
06030660+1024242 5288 83 2.91 0.22 -0.72 0.08 1.79 0.25 1.862 NGC2141
06030698+1033285 6607 65 4.11 0.17 -0.08 0.06 2.66 0.14 1.862 NGC2141
06030720+1034599 6388 64 3.91 0.18 -0.11 0.05 2.44 0.10 1.862 NGC2141
06030732+1031468 6199 65 4.06 0.18 -0.09 0.05 2.65 0.16 1.862 NGC2141
06030825+1027378 5877 79 3.74 0.22 -0.16 0.08 2.11 0.00 1.862 NGC2141
06030917+1037040 5978 64 4.27 0.18 -0.41 0.05 2.62 0.06 1.862 NGC2141
06030931+1032403 4615 96 4.39 0.26 -0.59 0.15 1.24 0.18 1.862 NGC2141
06030965+1038533 6106 64 4.34 0.17 -0.26 0.06 2.82 0.05 1.862 NGC2141
06030984+1033126 6010 80 4.98 0.22 0.01 0.08 2.54 0.22 1.862 NGC2141
06031041+1031202 6595 64 4.17 0.17 -0.05 0.05 2.39 0.28 1.862 NGC2141
06031091+1030069 6448 66 3.97 0.17 -0.12 0.05 2.06 0.00 1.862 NGC2141
06031666+1030067 5827 82 4.52 0.22 0.01 0.08 2.66 0.14 1.862 NGC2141
06031769+1030106 6561 65 3.97 0.17 0.01 0.05 3.22 0.09 1.862 NGC2141
06031890+1030264 4949 63 2.92 0.17 -0.40 0.05 0.32 0.28 1.862 NGC2141
06031962+1031184 6428 65 4.08 0.18 -0.18 0.06 2.46 0.00 1.862 NGC2141
06032139+1037487 6171 63 4.21 0.17 -0.02 0.05 2.84 0.06 1.862 NGC2141
06032262+1030516 5693 79 3.60 0.22 -0.09 0.08 2.46 0.19 1.862 NGC2141
06032570+1032467 6282 65 4.08 0.17 -0.01 0.05 3.03 0.05 1.862 NGC2141
06032829+1032359 6178 66 4.33 0.18 -0.18 0.05 2.74 0.07 1.862 NGC2141
06032911+1031495 4926 64 2.96 0.18 -0.26 0.05 0.12 0.43 1.862 NGC2141
06021483+1029282 6042 64 4.43 0.17 -0.21 0.05 2.61 0.06 1.862 NGC2141
06022129+1020342 6003 64 3.98 0.17 -0.47 0.05 2.47 0.07 1.862 NGC2141
06022768+1028416 6638 65 4.19 0.18 -0.07 0.05 3.05 0.08 1.862 NGC2141
06022780+1029398 4830 65 2.57 0.17 -0.20 0.05 0.61 0.12 1.862 NGC2141
06022824+1026530 6366 65 4.11 0.17 -0.29 0.06 3.26 0.06 1.862 NGC2141
06022975+1028233 5986 65 4.46 0.17 -0.08 0.05 2.45 0.06 1.862 NGC2141
06023140+1020331 5832 65 4.45 0.18 0.22 0.05 1.84 0.10 1.862 NGC2141
06023193+1030103 6316 66 4.16 0.18 -0.25 0.05 2.38 0.12 1.862 NGC2141
06023227+1027116 6597 66 4.25 0.18 -0.04 0.05 2.59 0.19 1.862 NGC2141
06023456+1031326 6056 63 4.20 0.17 -0.52 0.05 2.68 0.08 1.862 NGC2141
06023489+1027541 4518 75 4.84 0.17 -0.08 0.09 0.03 0.18 1.862 NGC2141
06023513+1031067 5616 66 4.36 0.18 0.10 0.05 2.34 0.08 1.862 NGC2141
06024130+1027349 5050 65 3.03 0.17 -0.32 0.06 0.40 0.55 1.862 NGC2141
06024162+1020205 5922 63 4.30 0.17 0.01 0.06 2.15 0.08 1.862 NGC2141
06024253+1026023 6187 64 4.16 0.18 -0.18 0.06 2.04 0.21 1.862 NGC2141
06024307+1023567 6171 64 4.34 0.17 -0.23 0.05 2.72 0.09 1.862 NGC2141
06024340+1027314 6328 65 4.11 0.17 -0.21 0.05 2.65 0.11 1.862 NGC2141
06024495+1021420 5086 63 3.30 0.17 0.06 0.05 1.39 0.09 1.862 NGC2141
06024716+1020530 6229 64 3.95 0.17 -0.19 0.05 2.18 0.00 1.862 NGC2141
06024987+1021120 6408 64 3.96 0.17 -0.13 0.05 2.97 0.13 1.862 NGC2141
06025026+1018428 5100 65 3.28 0.17 -0.49 0.05 1.02 0.10 1.862 NGC2141
06025037+1033031 6383 67 4.02 0.17 -0.06 0.06 3.10 0.10 1.862 NGC2141
06025096+1020127 5110 64 2.97 0.17 -0.05 0.05 -1.00 0.00 1.862 NGC2141
06025133+1026167 4848 66 3.34 0.17 -0.07 0.06 0.85 0.14 1.862 NGC2141
06025173+1033105 6429 65 3.92 0.17 -0.12 0.05 2.82 0.13 1.862 NGC2141
06025256+1028057 6288 67 4.03 0.17 -0.43 0.05 2.84 0.14 1.862 NGC2141
06025294+1025375 6357 64 4.23 0.17 -0.23 0.06 2.24 0.00 1.862 NGC2141
06025298+1030543 6016 65 3.83 0.17 -0.13 0.05 2.58 0.07 1.862 NGC2141
06025493+1020179 6276 64 3.98 0.17 -0.03 0.05 2.74 0.16 1.862 NGC2141
06025515+1032197 5920 64 3.95 0.18 -0.17 0.05 2.04 0.08 1.862 NGC2141
06025587+1027467 6417 65 3.85 0.17 -0.21 0.05 3.08 0.08 1.862 NGC2141
06025605+1030441 6412 65 4.13 0.17 -0.47 0.06 3.12 0.08 1.862 NGC2141
06025607+1034525 6319 66 4.02 0.18 0.07 0.05 2.56 0.12 1.862 NGC2141
06025666+1027195 6376 66 4.03 0.17 -0.20 0.05 2.19 0.00 1.862 NGC2141
06025668+1028449 6329 67 4.06 0.17 -0.34 0.05 3.22 0.11 1.862 NGC2141
06025668+1035391 5947 64 3.91 0.17 -0.23 0.05 2.63 0.09 1.862 NGC2141
06025748+1033437 4735 63 4.43 0.18 -0.27 0.05 0.40 0.24 1.862 NGC2141
06025766+1025108 5304 66 4.25 0.17 -0.11 0.05 1.45 0.11 1.862 NGC2141
06025777+1025499 6170 68 3.91 0.18 -0.18 0.05 2.64 0.12 1.862 NGC2141
06025784+1027349 6325 65 3.75 0.17 -0.16 0.05 2.61 0.14 1.862 NGC2141
06025797+1031206 6378 66 4.04 0.18 -0.15 0.06 2.82 0.12 1.862 NGC2141
06030017+1026196 6474 67 4.08 0.17 -0.08 0.05 2.84 0.13 1.862 NGC2141
06030106+1022418 4892 64 4.48 0.17 -0.01 0.05 0.44 0.27 1.862 NGC2141
06030118+1026590 6469 82 4.23 0.22 -0.07 0.08 3.02 0.14 1.862 NGC2141
06030142+1029304 4578 64 2.20 0.18 -0.22 0.05 0.82 0.09 1.862 NGC2141
06030199+1033428 6482 64 4.22 0.17 -0.25 0.05 2.92 0.10 1.862 NGC2141
06030208+1028320 6492 105 3.39 0.34 -0.16 0.10 3.32 0.14 1.862 NGC2141
06030230+1022106 6439 65 4.13 0.17 -0.10 0.05 2.98 0.08 1.862 NGC2141
06030418+1028256 6344 66 3.52 0.17 -0.37 0.05 2.55 0.19 1.862 NGC2141
06030420+1024177 4899 65 2.70 0.17 -0.04 0.05 0.43 0.16 1.862 NGC2141
06030430+1032081 4876 64 2.48 0.18 -0.12 0.05 0.96 0.00 1.862 NGC2141
06030549+1022485 6708 63 4.23 0.17 -0.05 0.05 2.92 0.09 1.862 NGC2141
06030595+1024380 4576 65 2.20 0.18 -0.23 0.05 0.36 0.11 1.862 NGC2141
06030609+1039491 5975 66 4.13 0.17 -0.28 0.05 2.39 0.09 1.862 NGC2141
06030634+1020481 4837 66 2.37 0.17 -0.12 0.05 1.94 0.09 1.862 NGC2141
06030636+1029137 6204 67 4.27 0.17 -0.23 0.05 2.72 0.13 1.862 NGC2141
06030736+1028152 6440 65 3.87 0.18 -0.13 0.05 2.58 0.09 1.862 NGC2141
06030757+1025294 5029 66 3.12 0.17 -0.37 0.05 0.66 0.14 1.862 NGC2141
06030775+1022138 6282 65 3.80 0.18 -0.16 0.05 2.62 0.12 1.862 NGC2141
06030804+1028558 6345 66 3.93 0.18 0.01 0.05 2.27 0.25 1.862 NGC2141
06030957+1026304 6221 64 4.00 0.18 -0.22 0.05 2.45 0.12 1.862 NGC2141
06030964+1029420 4840 65 2.49 0.17 -0.09 0.05 0.41 0.19 1.862 NGC2141
06031069+1021412 6137 65 4.10 0.17 -0.37 0.06 2.46 0.13 1.862 NGC2141
06031364+1022441 4849 64 2.75 0.18 -0.23 0.05 1.32 0.08 1.862 NGC2141
06031368+1025272 6536 64 4.01 0.18 -0.11 0.05 3.26 0.07 1.862 NGC2141
06031378+1022276 4817 63 4.50 0.17 0.00 0.06 0.52 0.00 1.862 NGC2141
06031383+1021100 4577 68 2.26 0.18 -0.29 0.05 0.22 0.12 1.862 NGC2141
06031615+1031293 6215 82 2.84 0.22 -0.89 0.07 2.93 0.12 1.862 NGC2141
06031657+1026210 6464 63 4.27 0.17 -0.14 0.06 1.68 0.00 1.862 NGC2141
06031815+1029591 5075 65 3.24 0.18 0.09 0.05 1.50 0.07 1.862 NGC2141
06031975+1023461 5659 64 4.74 0.18 -0.02 0.05 1.94 0.11 1.862 NGC2141
06032032+1031432 4525 65 4.79 0.17 -0.06 0.05 0.05 0.19 1.862 NGC2141
06032165+1026483 4929 65 3.15 0.17 -0.29 0.05 0.60 0.15 1.862 NGC2141
06032213+1038169 6395 65 3.90 0.17 -0.34 0.05 3.16 0.08 1.862 NGC2141
06032800+1021170 5725 65 4.40 0.18 -0.49 0.06 1.53 0.00 1.862 NGC2141
06032914+1023076 4532 67 2.28 0.17 -0.05 0.06 0.66 0.10 1.862 NGC2141
06033320+1027233 5822 64 4.40 0.17 0.13 0.06 1.84 0.16 1.862 NGC2141
06025060+1024425 4886 31 2.75 0.05 0.00 0.05 0.24 0.00 1.862 NGC2141
06025452+1031407 4844 30 2.61 0.05 -0.04 0.05 -0.14 0.00 1.862 NGC2141
06025606+1028103 4732 31 2.67 0.05 0.03 0.05 0.22 0.00 1.862 NGC2141
06025939+1021259 4848 30 2.60 0.05 -0.06 0.05 -1.00 0.00 1.862 NGC2141
