OBJECT TEFF E_TEFF LOGG E_LOGG FEH E_FEH LI1 E_LI1 "AGE (Gyr)" GES_FLD
07375023-1456337 4958 70 4.66 0.21 -0.27 0.06 1.15 0.36 2.399 NGC2425
07375974-1455111 5347 102 4.30 0.34 -0.38 0.09 1.90 0.00 2.399 NGC2425
07380059-1454142 4941 65 4.03 0.17 -0.39 0.05 0.92 0.00 2.399 NGC2425
07380093-1453140 5301 64 4.15 0.17 -0.59 0.05 1.37 0.00 2.399 NGC2425
07380183-1453161 5898 64 4.17 0.17 -0.37 0.05 2.27 0.17 2.399 NGC2425
07380282-1453353 6010 64 4.43 0.18 -0.19 0.06 2.39 0.21 2.399 NGC2425
07380540-1450520 6379 63 4.10 0.17 -0.12 0.06 2.95 0.08 2.399 NGC2425
07380624-1451155 6613 67 4.26 0.17 -0.18 0.06 3.10 0.09 2.399 NGC2425
07380668-1454035 6450 66 4.25 0.17 -0.45 0.05 2.13 0.18 2.399 NGC2425
07380720-1457491 5542 65 4.64 0.18 -0.12 0.05 2.03 0.15 2.399 NGC2425
07380779-1450241 6410 65 4.05 0.17 -0.19 0.06 2.74 0.13 2.399 NGC2425
07380787-1455439 5620 70 4.69 0.22 0.06 0.06 1.90 0.16 2.399 NGC2425
07380791-1458089 6060 79 3.31 0.22 -0.75 0.08 2.52 0.18 2.399 NGC2425
07380878-1452309 6149 66 4.03 0.18 -0.70 0.05 2.32 0.16 2.399 NGC2425
07380898-1449539 6373 67 4.22 0.17 -0.16 0.05 2.95 0.07 2.399 NGC2425
07380978-1453384 5973 67 4.37 0.17 -0.46 0.05 2.85 0.11 2.399 NGC2425
07381004-1450288 6359 65 4.10 0.17 -0.05 0.05 2.83 0.09 2.399 NGC2425
07381059-1455518 6496 66 4.10 0.17 -0.25 0.05 2.42 0.15 2.399 NGC2425
07381154-1450359 6294 65 3.93 0.17 -0.23 0.05 2.22 0.15 2.399 NGC2425
07381192-1453077 6446 66 4.04 0.18 -0.44 0.05 2.62 0.10 2.399 NGC2425
07381193-1451447 6359 66 4.07 0.18 -0.25 0.06 3.00 0.06 2.399 NGC2425
07381308-1455236 6197 65 4.13 0.17 -0.35 0.06 2.13 0.00 2.399 NGC2425
07381394-1456564 5653 80 4.33 0.22 0.05 0.08 2.50 0.18 2.399 NGC2425
07381424-1454162 5031 64 4.51 0.17 -0.72 0.05 1.31 0.25 2.399 NGC2425
07381539-1458486 4939 66 2.93 0.18 -0.62 0.05 0.73 0.16 2.399 NGC2425
07381574-1455024 5273 100 3.97 0.33 -0.45 0.09 1.44 0.00 2.399 NGC2425
07381585-1455257 6385 66 4.04 0.17 -0.44 0.06 3.23 0.08 2.399 NGC2425
07381623-1459013 5129 81 4.08 0.22 -0.55 0.08 1.30 0.00 2.399 NGC2425
07381634-1449319 6075 64 4.22 0.17 -0.07 0.06 2.56 0.08 2.399 NGC2425
07381652-1456508 6261 65 4.17 0.17 -0.34 0.05 2.03 0.17 2.399 NGC2425
07381657-1454492 6415 66 4.04 0.18 -0.20 0.06 2.31 0.17 2.399 NGC2425
07381661-1454253 6304 67 4.09 0.18 -0.31 0.05 3.29 0.05 2.399 NGC2425
07381689-1449065 5788 64 4.47 0.17 -0.53 0.05 1.76 0.00 2.399 NGC2425
07381693-1454095 6178 64 4.21 0.17 -0.58 0.06 2.26 0.10 2.399 NGC2425
07381724-1452040 5800 68 4.36 0.17 0.02 0.05 2.08 0.16 2.399 NGC2425
07381738-1452467 6607 68 4.13 0.18 -0.17 0.05 2.76 0.12 2.399 NGC2425
07381743-1458597 4962 64 4.11 0.17 -1.01 0.06 1.07 0.00 2.399 NGC2425
07381845-1453369 6618 65 4.05 0.17 -0.20 0.06 3.30 0.05 2.399 NGC2425
07381860-1450008 5984 64 4.32 0.17 -0.18 0.05 2.63 0.14 2.399 NGC2425
07381912-1450251 6402 66 4.26 0.17 -0.19 0.05 2.36 0.15 2.399 NGC2425
07381914-1452279 6792 65 3.98 0.17 -0.14 0.06 2.94 0.06 2.399 NGC2425
07381932-1450463 6593 65 4.19 0.18 -0.23 0.05 2.31 0.00 2.399 NGC2425
07381995-1448358 6576 67 4.44 0.18 -0.31 0.06 3.06 0.06 2.399 NGC2425
07382023-1451209 4611 65 2.53 0.18 0.22 0.06 -1.00 0.00 2.399 NGC2425
07382023-1452158 6632 64 4.33 0.17 -0.21 0.05 3.01 0.06 2.399 NGC2425
07382051-1453295 6686 66 4.18 0.17 -0.18 0.05 2.97 0.07 2.399 NGC2425
07382168-1456242 5833 65 4.08 0.18 -0.40 0.05 2.67 0.14 2.399 NGC2425
07382170-1455121 6272 66 4.37 0.17 -0.41 0.05 3.02 0.09 2.399 NGC2425
07382258-1457064 5979 64 4.10 0.18 -0.02 0.05 3.22 0.11 2.399 NGC2425
07382260-1451503 6554 65 4.15 0.17 -0.25 0.06 2.42 0.19 2.399 NGC2425
07382277-1455462 6349 64 4.19 0.18 -0.18 0.05 2.24 0.13 2.399 NGC2425
07382280-1456301 5071 66 3.37 0.18 -0.03 0.06 1.24 0.08 2.399 NGC2425
07382305-1450433 6109 64 4.35 0.17 -0.08 0.05 2.67 0.07 2.399 NGC2425
07382403-1452434 5824 83 4.62 0.22 -0.32 0.08 2.43 0.21 2.399 NGC2425
07382457-1452249 6036 64 4.18 0.17 -0.41 0.05 2.75 0.08 2.399 NGC2425
07382482-1451067 6113 66 4.47 0.18 -0.20 0.06 2.79 0.15 2.399 NGC2425
07382492-1452489 6458 66 4.27 0.17 -0.31 0.05 2.98 0.06 2.399 NGC2425
07382497-1455251 6601 67 4.17 0.17 -0.23 0.05 3.20 0.06 2.399 NGC2425
07382504-1453464 5812 64 4.36 0.17 0.15 0.05 2.22 0.09 2.399 NGC2425
07382536-1456496 5572 66 4.55 0.17 -0.05 0.05 1.73 0.22 2.399 NGC2425
07382605-1450464 5874 64 3.76 0.17 -0.26 0.06 1.79 0.00 2.399 NGC2425
07382617-1448297 6275 64 4.36 0.18 0.17 0.05 2.26 0.13 2.399 NGC2425
07382703-1451470 6636 66 4.31 0.17 -0.15 0.06 1.89 0.00 2.399 NGC2425
07382719-1452468 5295 80 3.45 0.22 -0.26 0.08 2.19 0.19 2.399 NGC2425
07382882-1457009 6088 66 4.23 0.18 -0.12 0.05 2.67 0.09 2.399 NGC2425
07382885-1454335 5600 82 4.34 0.22 -0.33 0.08 2.04 0.26 2.399 NGC2425
07382911-1452530 6509 85 4.52 0.22 -0.04 0.08 3.03 0.12 2.399 NGC2425
07383022-1450302 5543 64 4.32 0.17 -0.01 0.05 2.20 0.12 2.399 NGC2425
07383108-1454274 5704 63 4.16 0.18 -0.75 0.05 1.80 0.15 2.399 NGC2425
07383194-1454483 5473 65 3.77 0.17 -0.22 0.06 1.44 0.00 2.399 NGC2425
07383249-1455307 6222 65 4.27 0.17 -0.35 0.05 2.85 0.06 2.399 NGC2425
07383331-1453240 6621 66 4.24 0.18 -0.25 0.06 3.17 0.06 2.399 NGC2425
07383382-1449519 5688 67 4.50 0.18 -0.06 0.05 1.70 0.19 2.399 NGC2425
07383414-1455116 6158 64 3.86 0.17 -0.46 0.05 2.25 0.00 2.399 NGC2425
07383517-1454031 6791 104 4.27 0.24 -0.06 0.09 2.40 0.00 2.399 NGC2425
07383622-1457536 6790 84 4.20 0.21 -0.35 0.08 3.11 0.12 2.399 NGC2425
07383648-1452542 5065 65 3.09 0.17 -0.40 0.05 1.01 0.09 2.399 NGC2425
07383731-1456529 6150 64 4.21 0.18 -0.42 0.05 3.18 0.10 2.399 NGC2425
07383767-1452488 5095 68 4.73 0.21 -0.10 0.05 1.35 0.21 2.399 NGC2425
07383799-1455395 5776 70 4.45 0.21 0.05 0.05 1.98 0.28 2.399 NGC2425
07383809-1452355 6077 65 3.73 0.17 -0.32 0.06 2.82 0.09 2.399 NGC2425
07383875-1453522 6154 82 4.59 0.22 -0.48 0.08 3.01 0.18 2.399 NGC2425
07384088-1455280 6488 64 4.12 0.17 -0.22 0.06 2.79 0.14 2.399 NGC2425
07384162-1451581 6045 65 4.34 0.17 -0.24 0.05 2.47 0.10 2.399 NGC2425
07384320-1455507 5501 64 4.22 0.17 -0.26 0.05 1.49 0.26 2.399 NGC2425
07384333-1453068 6394 67 4.20 0.17 -0.03 0.05 3.06 0.09 2.399 NGC2425
07384493-1451512 5939 64 4.45 0.17 0.08 0.06 2.58 0.06 2.399 NGC2425
07384549-1451063 5859 66 4.51 0.17 -0.21 0.06 2.77 0.10 2.399 NGC2425
07384557-1452461 5961 66 4.53 0.17 0.01 0.05 2.46 0.06 2.399 NGC2425
07384713-1454055 6062 104 4.82 0.31 -0.82 0.10 2.10 0.00 2.399 NGC2425
07384795-1451184 6498 64 3.96 0.17 -0.24 0.06 2.43 0.20 2.399 NGC2425
07384812-1453355 5863 82 3.47 0.22 -0.71 0.08 2.26 0.20 2.399 NGC2425
07384830-1454250 6042 64 3.98 0.17 -0.52 0.05 2.07 0.00 2.399 NGC2425
07385716-1448357 6633 66 4.29 0.17 -0.03 0.05 2.31 0.21 2.399 NGC2425
07385718-1452050 5856 66 4.25 0.18 0.09 0.06 2.34 0.08 2.399 NGC2425
07385785-1449468 6016 65 3.87 0.17 -0.26 0.05 1.83 0.00 2.399 NGC2425
07385975-1449150 6664 67 4.16 0.17 -0.04 0.05 2.23 0.00 2.399 NGC2425
07381372-1452009 4933 30 2.76 0.05 -0.14 0.05 0.53 0.08 2.399 NGC2425
07381500-1452451 4932 31 2.79 0.05 -0.13 0.05 0.39 0.10 2.399 NGC2425
07381753-1454167 4929 31 2.94 0.05 -0.10 0.05 1.33 0.05 2.399 NGC2425
07382032-1451488 4567 32 2.37 0.05 -0.12 0.05 0.91 0.04 2.399 NGC2425
07382094-1454227 4951 31 2.83 0.05 -0.21 0.05 0.54 0.08 2.399 NGC2425
07383208-1449328 4713 31 2.59 0.05 -0.14 0.05 1.08 0.06 2.399 NGC2425
07383369-1448570 4486 31 2.03 0.05 -0.33 0.05 0.87 0.05 2.399 NGC2425
07374374-1451568 5847 64 4.40 0.17 -0.15 0.05 2.48 0.14 2.399 NGC2425
07374494-1454213 5803 64 4.67 0.18 -0.13 0.05 1.90 0.12 2.399 NGC2425
07374948-1449549 5953 65 4.27 0.17 -0.63 0.05 2.41 0.09 2.399 NGC2425
07375035-1452053 5002 63 3.86 0.17 -0.33 0.05 1.54 0.16 2.399 NGC2425
07375074-1454528 4794 65 4.65 0.18 -0.02 0.05 0.65 0.00 2.399 NGC2425
07375163-1454338 5642 64 4.56 0.17 0.08 0.05 2.05 0.19 2.399 NGC2425
07375166-1452207 5577 71 4.32 0.21 -0.27 0.05 2.63 0.13 2.399 NGC2425
07375325-1451290 5878 63 4.26 0.17 -0.33 0.06 2.43 0.08 2.399 NGC2425
07375353-1456262 6379 66 4.15 0.18 -0.15 0.06 2.84 0.08 2.399 NGC2425
07375405-1454261 6542 105 4.43 0.33 -0.02 0.09 3.04 0.25 2.399 NGC2425
07375491-1454192 5789 65 4.27 0.17 0.39 0.05 2.11 0.14 2.399 NGC2425
07375552-1453021 5518 64 4.55 0.18 -0.43 0.06 1.85 0.23 2.399 NGC2425
07375587-1448599 5624 65 4.01 0.18 -0.16 0.05 1.86 0.08 2.399 NGC2425
07375611-1454215 5997 65 4.34 0.18 -0.51 0.05 2.31 0.08 2.399 NGC2425
07375623-1451513 5509 68 3.87 0.20 -1.24 0.05 2.26 0.15 2.399 NGC2425
07375676-1448567 5811 82 3.40 0.22 -0.48 0.08 2.62 0.17 2.399 NGC2425
07375768-1453050 6002 64 4.45 0.18 0.08 0.05 2.48 0.09 2.399 NGC2425
07375792-1448201 6157 64 4.07 0.17 -0.35 0.05 2.18 0.21 2.399 NGC2425
07375795-1452175 5932 66 4.41 0.18 0.08 0.05 2.01 0.18 2.399 NGC2425
07375822-1452003 5903 66 4.53 0.17 -0.22 0.05 2.39 0.17 2.399 NGC2425
07380167-1449147 6013 66 4.37 0.18 -0.25 0.06 2.66 0.07 2.399 NGC2425
07380180-1451537 6679 67 4.16 0.17 -0.11 0.06 3.14 0.06 2.399 NGC2425
07380255-1451030 6288 65 4.11 0.17 -0.14 0.05 2.67 0.07 2.399 NGC2425
07380308-1449453 5056 64 4.70 0.17 -0.29 0.06 0.66 0.00 2.399 NGC2425
07380377-1451393 6488 66 4.17 0.17 -0.30 0.05 2.27 0.18 2.399 NGC2425
07380414-1456577 6332 65 4.14 0.17 -0.03 0.05 2.14 0.14 2.399 NGC2425
07380456-1450333 6153 65 4.38 0.18 -0.31 0.05 2.89 0.09 2.399 NGC2425
07380508-1451550 6003 65 3.94 0.17 -0.39 0.05 2.63 0.12 2.399 NGC2425
07380556-1452247 5175 64 4.50 0.18 -0.21 0.06 1.49 0.16 2.399 NGC2425
07380571-1449570 5659 65 4.51 0.17 -0.05 0.05 2.11 0.15 2.399 NGC2425
07380655-1451140 6139 65 4.07 0.17 -0.26 0.05 3.01 0.08 2.399 NGC2425
07380769-1445454 5837 66 4.23 0.17 -0.10 0.06 2.25 0.09 2.399 NGC2425
07380859-1451432 6889 82 4.14 0.22 -0.12 0.07 3.11 0.18 2.399 NGC2425
07380901-1451541 5740 65 4.59 0.17 -0.41 0.06 1.86 0.16 2.399 NGC2425
07380986-1449560 6631 65 4.08 0.17 -0.09 0.05 2.20 0.00 2.399 NGC2425
07381013-1449277 5801 66 4.43 0.17 -0.44 0.05 2.01 0.00 2.399 NGC2425
07381037-1448357 6399 65 4.13 0.18 -0.13 0.06 2.86 0.12 2.399 NGC2425
07381038-1452318 5582 64 4.48 0.18 0.12 0.05 1.25 0.22 2.399 NGC2425
07381190-1451514 5916 64 4.31 0.17 -0.36 0.05 2.66 0.08 2.399 NGC2425
07381251-1453005 5251 71 4.65 0.20 -0.57 0.06 1.92 0.18 2.399 NGC2425
07381265-1450000 5847 64 4.60 0.17 -0.64 0.05 2.42 0.12 2.399 NGC2425
07381333-1449028 6612 64 4.10 0.17 -0.09 0.05 2.42 0.22 2.399 NGC2425
07381336-1447431 5153 66 4.09 0.17 -0.23 0.06 1.58 0.22 2.399 NGC2425
07381394-1449367 5996 64 4.01 0.17 -0.13 0.05 2.88 0.08 2.399 NGC2425
07381411-1453469 6705 66 4.34 0.17 -0.15 0.06 2.90 0.08 2.399 NGC2425
07381418-1446413 5681 81 3.71 0.22 -0.07 0.07 2.91 0.15 2.399 NGC2425
07381477-1454558 5848 63 4.21 0.18 -0.24 0.06 2.35 0.17 2.399 NGC2425
07381499-1448138 5140 65 4.22 0.18 -0.33 0.05 1.71 0.15 2.399 NGC2425
07381536-1452428 6451 65 4.17 0.18 -0.22 0.05 2.67 0.07 2.399 NGC2425
07381586-1453356 5630 68 4.41 0.21 -0.22 0.05 1.94 0.26 2.399 NGC2425
07381623-1453081 5902 84 4.61 0.22 -0.52 0.08 2.37 0.16 2.399 NGC2425
07381657-1451276 6020 64 4.23 0.17 -0.61 0.05 2.71 0.08 2.399 NGC2425
07381698-1454300 6224 65 4.28 0.17 -0.28 0.05 2.22 0.17 2.399 NGC2425
07381702-1448534 6145 62 4.24 0.18 -0.37 0.06 2.87 0.10 2.399 NGC2425
07381831-1455331 5848 66 4.37 0.17 -0.20 0.05 2.69 0.12 2.399 NGC2425
07381872-1445314 4764 64 4.78 0.17 0.13 0.05 1.53 0.14 2.399 NGC2425
07381984-1453062 5949 65 4.39 0.17 -0.29 0.05 2.81 0.10 2.399 NGC2425
07382021-1456320 5871 72 4.28 0.20 -0.51 0.05 2.51 0.10 2.399 NGC2425
07382074-1452390 6177 65 4.38 0.18 -0.21 0.05 2.60 0.09 2.399 NGC2425
07382077-1453178 5583 64 4.15 0.17 -0.36 0.05 1.94 0.16 2.399 NGC2425
07382119-1453406 6620 63 4.20 0.17 -0.16 0.05 3.11 0.05 2.399 NGC2425
07382143-1453075 4934 64 4.82 0.18 -0.37 0.05 1.16 0.00 2.399 NGC2425
07382165-1452087 5856 65 4.33 0.17 -0.30 0.05 2.35 0.12 2.399 NGC2425
07382190-1457242 5544 64 4.46 0.17 -0.21 0.05 2.29 0.13 2.399 NGC2425
07382198-1454174 5882 65 4.16 0.18 -0.49 0.05 2.40 0.10 2.399 NGC2425
07382283-1448078 5841 65 4.66 0.17 0.05 0.06 1.58 0.32 2.399 NGC2425
07382283-1454238 6233 67 4.25 0.18 -0.01 0.06 2.63 0.08 2.399 NGC2425
07382307-1450208 5925 64 4.36 0.17 -0.32 0.05 2.47 0.08 2.399 NGC2425
07382334-1452332 5653 70 4.07 0.21 -0.61 0.05 1.63 0.00 2.399 NGC2425
07382340-1449470 6310 65 4.26 0.17 -0.14 0.05 2.44 0.22 2.399 NGC2425
07382375-1450390 5660 64 4.40 0.17 -0.28 0.05 1.65 0.00 2.399 NGC2425
07382379-1455308 5744 65 4.62 0.18 -0.44 0.06 2.52 0.10 2.399 NGC2425
07382396-1448151 6422 65 4.08 0.17 -0.15 0.06 3.00 0.08 2.399 NGC2425
07382436-1453303 6576 66 4.24 0.17 -0.18 0.05 2.50 0.12 2.399 NGC2425
07382481-1447273 6699 65 4.14 0.17 -0.13 0.06 3.10 0.06 2.399 NGC2425
07382495-1449305 5570 64 4.53 0.17 -0.44 0.05 1.72 0.17 2.399 NGC2425
07382605-1448447 5643 64 4.12 0.17 -0.20 0.06 2.35 0.15 2.399 NGC2425
07382626-1450102 6455 67 4.12 0.17 -0.19 0.05 2.97 0.09 2.399 NGC2425
07382638-1454250 6487 66 3.83 0.17 -0.17 0.05 2.38 0.00 2.399 NGC2425
07382642-1453147 6546 66 4.02 0.17 -0.12 0.05 2.48 0.15 2.399 NGC2425
07382658-1452462 6036 66 4.32 0.18 0.14 0.05 2.61 0.10 2.399 NGC2425
07382866-1453409 6218 65 3.99 0.17 -0.57 0.06 2.83 0.07 2.399 NGC2425
07382985-1453457 6025 66 4.31 0.17 -0.38 0.05 2.43 0.07 2.399 NGC2425
07383063-1452408 5797 65 4.34 0.18 -0.23 0.05 2.01 0.10 2.399 NGC2425
07383065-1453335 6887 68 4.24 0.17 -0.30 0.05 2.24 0.00 2.399 NGC2425
07383122-1454427 6186 63 4.32 0.17 -0.05 0.05 2.93 0.06 2.399 NGC2425
07383128-1450150 5941 64 4.35 0.18 0.10 0.05 2.21 0.11 2.399 NGC2425
07383138-1451248 6640 66 4.17 0.17 -0.10 0.05 2.45 0.17 2.399 NGC2425
07383189-1448352 5842 66 3.69 0.17 -0.64 0.05 2.62 0.14 2.399 NGC2425
07383263-1447165 5801 65 3.95 0.17 -0.47 0.05 2.48 0.17 2.399 NGC2425
07383324-1455255 5199 63 4.44 0.18 -0.10 0.05 1.53 0.17 2.399 NGC2425
07383556-1453277 6010 63 4.43 0.17 -0.28 0.06 2.61 0.08 2.399 NGC2425
07383609-1454045 6163 67 4.35 0.18 -0.52 0.06 2.70 0.08 2.399 NGC2425
07383637-1452135 5013 69 4.61 0.21 -0.32 0.05 1.30 0.00 2.399 NGC2425
07383651-1455004 5848 65 4.65 0.17 -0.26 0.05 2.81 0.11 2.399 NGC2425
07383666-1451341 6196 62 4.28 0.18 -0.22 0.06 2.61 0.08 2.399 NGC2425
07383837-1457282 6141 65 3.79 0.18 -0.25 0.06 2.13 0.21 2.399 NGC2425
07383894-1456518 5814 65 4.39 0.17 -0.99 0.06 2.43 0.12 2.399 NGC2425
07383929-1451262 5991 66 4.35 0.17 -0.20 0.05 2.32 0.11 2.399 NGC2425
07384140-1451382 5480 65 4.60 0.17 -0.17 0.05 1.28 0.00 2.399 NGC2425
07384419-1458065 6295 66 4.48 0.18 -0.51 0.05 2.78 0.11 2.399 NGC2425
07384459-1453386 5006 64 3.85 0.18 -0.78 0.05 1.52 0.20 2.399 NGC2425
07384490-1454442 6160 65 4.01 0.17 -0.32 0.05 2.84 0.10 2.399 NGC2425
07384683-1455411 5804 83 3.63 0.22 -0.30 0.08 3.00 0.16 2.399 NGC2425
07384723-1452246 5895 70 4.31 0.21 -0.19 0.06 2.94 0.11 2.399 NGC2425
07384759-1451528 6244 79 4.77 0.22 -0.41 0.07 2.63 0.17 2.399 NGC2425
07384844-1455321 6560 109 3.85 0.34 -0.37 0.09 2.31 0.00 2.399 NGC2425
07385143-1453500 6000 103 4.48 0.33 -0.75 0.09 2.05 0.00 2.399 NGC2425
07380076-1453422 4868 30 2.84 0.05 -0.12 0.05 1.18 0.04 2.399 NGC2425
07380159-1452300 4683 31 2.61 0.05 0.15 0.05 -0.05 0.14 2.399 NGC2425
07381209-1452238 4433 31 2.01 0.05 -0.20 0.05 -0.38 0.08 2.399 NGC2425
07382004-1452097 4905 30 2.93 0.05 -0.11 0.05 1.07 0.04 2.399 NGC2425
07382033-1452539 4579 32 2.38 0.05 -0.15 0.05 0.89 0.04 2.399 NGC2425
07382502-1456303 4646 31 2.59 0.05 -0.12 0.05 1.11 0.05 2.399 NGC2425
07383160-1456177 4942 31 2.78 0.05 -0.14 0.05 0.42 0.09 2.399 NGC2425
07380398-1453266 6033 64 4.19 0.17 -0.56 0.05 2.70 0.09 2.399 NGC2425
07380400-1450259 6021 65 4.33 0.17 -0.39 0.05 2.72 0.08 2.399 NGC2425
07380413-1454390 5822 64 4.52 0.17 -0.19 0.06 2.26 0.07 2.399 NGC2425
07380430-1455284 5786 64 4.27 0.17 0.04 0.05 2.52 0.16 2.399 NGC2425
07380568-1449526 6544 65 4.22 0.18 -0.17 0.05 2.80 0.10 2.399 NGC2425
07380784-1455000 6696 65 4.11 0.18 -0.13 0.05 2.28 0.26 2.399 NGC2425
07380895-1454419 5881 63 3.83 0.17 -0.37 0.05 2.69 0.11 2.399 NGC2425
07380947-1448580 6851 78 4.27 0.18 -0.05 0.09 3.01 0.12 2.399 NGC2425
07381097-1453367 5417 83 4.60 0.22 -0.28 0.08 2.27 0.19 2.399 NGC2425
07381106-1454050 5936 63 4.36 0.18 -0.36 0.05 2.82 0.10 2.399 NGC2425
07381129-1449531 5967 69 4.23 0.21 -0.47 0.05 2.74 0.10 2.399 NGC2425
07381183-1449319 5437 66 4.03 0.17 -0.25 0.05 1.42 0.00 2.399 NGC2425
07381251-1453246 6173 66 4.08 0.17 -0.37 0.05 3.06 0.06 2.399 NGC2425
07381269-1456300 6672 66 4.23 0.17 -0.12 0.05 2.02 0.00 2.399 NGC2425
07381322-1457019 6201 66 4.19 0.18 -0.28 0.05 3.14 0.09 2.399 NGC2425
07381385-1450237 6367 66 4.25 0.18 -0.22 0.05 2.60 0.10 2.399 NGC2425
07381436-1449118 5285 81 4.75 0.21 0.09 0.08 1.42 0.00 2.399 NGC2425
07381470-1452591 5894 72 4.24 0.21 -0.33 0.05 2.72 0.11 2.399 NGC2425
07381475-1450594 6118 66 4.34 0.17 -0.07 0.05 2.05 0.13 2.399 NGC2425
07381530-1452482 6391 65 4.22 0.17 -0.14 0.05 2.36 0.13 2.399 NGC2425
07381569-1455578 5631 83 3.88 0.22 -0.08 0.08 1.74 0.41 2.399 NGC2425
07381723-1455518 6357 67 4.26 0.17 -0.28 0.05 2.32 0.00 2.399 NGC2425
07381740-1453423 6234 64 4.29 0.17 -0.27 0.06 2.65 0.08 2.399 NGC2425
07381742-1456419 5606 64 4.67 0.17 0.11 0.06 1.28 0.46 2.399 NGC2425
07381769-1451304 5244 67 3.81 0.17 -0.64 0.06 1.60 0.00 2.399 NGC2425
07381802-1449194 5874 66 4.55 0.18 0.04 0.06 2.36 0.11 2.399 NGC2425
07381839-1451097 4801 62 4.32 0.17 -0.72 0.06 1.27 0.15 2.399 NGC2425
07381851-1451427 5712 65 4.74 0.17 -0.32 0.05 2.54 0.13 2.399 NGC2425
07381870-1452254 5894 66 4.38 0.18 -0.51 0.05 2.51 0.09 2.399 NGC2425
07381913-1455051 6520 66 4.14 0.18 -0.22 0.05 2.51 0.11 2.399 NGC2425
07381958-1454073 5911 65 4.37 0.17 -0.21 0.06 2.22 0.14 2.399 NGC2425
07381972-1448080 5806 67 4.54 0.17 -0.21 0.05 3.05 0.11 2.399 NGC2425
07382004-1453373 6612 67 4.20 0.17 -0.18 0.06 3.22 0.06 2.399 NGC2425
07382007-1453014 6052 67 4.61 0.17 -0.12 0.05 2.76 0.09 2.399 NGC2425
07382008-1453177 6556 64 4.37 0.18 -0.15 0.05 2.25 0.23 2.399 NGC2425
07382033-1455222 5684 66 4.61 0.17 -0.12 0.06 2.06 0.23 2.399 NGC2425
07382041-1454286 6117 64 4.35 0.17 -0.11 0.05 2.88 0.08 2.399 NGC2425
07382388-1456162 6157 65 4.09 0.17 -0.35 0.05 2.07 0.22 2.399 NGC2425
07382418-1454244 4868 62 4.73 0.17 -0.08 0.06 1.24 0.18 2.399 NGC2425
07382462-1453274 4985 67 2.82 0.17 -0.15 0.05 -0.18 0.62 2.399 NGC2425
07382516-1456142 6531 65 4.25 0.17 -0.31 0.05 2.94 0.07 2.399 NGC2425
07382526-1454573 5061 65 4.01 0.17 -0.16 0.06 1.12 0.00 2.399 NGC2425
07382535-1448028 6008 64 4.22 0.18 0.02 0.06 2.72 0.08 2.399 NGC2425
07382540-1457169 6475 65 4.32 0.17 -0.22 0.06 2.98 0.08 2.399 NGC2425
07382565-1452105 6007 80 3.98 0.22 -0.37 0.08 2.78 0.14 2.399 NGC2425
07382600-1454334 6397 67 4.18 0.17 -0.05 0.05 3.00 0.08 2.399 NGC2425
07382678-1455052 6369 66 3.98 0.17 -0.21 0.06 3.17 0.05 2.399 NGC2425
07382681-1450338 6260 83 4.50 0.22 -0.09 0.08 3.05 0.14 2.399 NGC2425
07382702-1451266 5910 64 4.05 0.17 -0.22 0.05 2.63 0.12 2.399 NGC2425
07382709-1453025 4803 65 3.18 0.17 -0.76 0.06 0.88 0.37 2.399 NGC2425
07382771-1457000 6308 65 4.40 0.18 -0.19 0.06 2.55 0.20 2.399 NGC2425
07382794-1457156 6425 66 4.25 0.17 -0.10 0.05 2.50 0.10 2.399 NGC2425
07382812-1455139 5418 65 4.25 0.18 -0.46 0.05 1.32 0.00 2.399 NGC2425
07382825-1451278 5129 66 3.65 0.18 -0.02 0.05 1.51 0.17 2.399 NGC2425
07382855-1448133 6474 65 4.22 0.17 -0.15 0.06 2.10 0.00 2.399 NGC2425
07382856-1453572 5965 64 4.20 0.18 -0.19 0.06 2.49 0.08 2.399 NGC2425
07382862-1453117 6301 63 4.33 0.17 -0.20 0.05 3.05 0.05 2.399 NGC2425
07382863-1456487 6601 65 4.21 0.17 -0.19 0.06 3.28 0.05 2.399 NGC2425
07382894-1456193 5906 65 4.40 0.18 -0.18 0.05 2.36 0.08 2.399 NGC2425
07382947-1453320 6412 68 4.26 0.17 -0.18 0.05 2.54 0.12 2.399 NGC2425
07382978-1450131 6626 64 4.43 0.17 -0.06 0.05 2.39 0.00 2.399 NGC2425
07383052-1453096 6308 65 4.18 0.18 -0.22 0.05 2.29 0.09 2.399 NGC2425
07383089-1448509 4887 65 4.63 0.18 0.07 0.05 1.60 0.15 2.399 NGC2425
07383114-1449388 5955 66 4.29 0.17 -0.29 0.06 2.42 0.09 2.399 NGC2425
07383118-1449265 6245 65 4.11 0.17 -0.26 0.05 2.65 0.06 2.399 NGC2425
07383156-1453028 5932 66 4.24 0.17 -0.77 0.06 2.19 0.15 2.399 NGC2425
07383280-1450273 6802 66 4.26 0.18 -0.24 0.05 2.71 0.15 2.399 NGC2425
07383369-1455245 6615 66 4.27 0.18 -0.23 0.06 2.52 0.15 2.399 NGC2425
07383369-1456285 6640 67 4.14 0.17 -0.05 0.05 2.15 0.00 2.399 NGC2425
07383456-1456514 5806 63 4.43 0.17 0.26 0.05 1.74 0.00 2.399 NGC2425
07383481-1453095 5941 82 4.47 0.22 -0.07 0.08 2.27 0.29 2.399 NGC2425
07383510-1455234 6194 66 4.24 0.18 -0.13 0.06 1.72 0.00 2.399 NGC2425
07383577-1453119 6482 64 4.29 0.17 -0.24 0.06 3.14 0.06 2.399 NGC2425
07383639-1450391 5749 67 4.09 0.18 -0.67 0.06 2.47 0.07 2.399 NGC2425
07383846-1454238 6352 66 4.15 0.17 -0.61 0.05 2.59 0.10 2.399 NGC2425
07384084-1450547 6099 64 4.08 0.17 -0.11 0.05 2.87 0.12 2.399 NGC2425
07384131-1451314 5875 64 4.33 0.17 -0.16 0.05 2.53 0.10 2.399 NGC2425
07382219-1453388 3947 41 1.14 0.08 -0.56 0.05 0.50 0.08 2.399 NGC2425
07382342-1453123 3930 42 1.11 0.08 -0.45 0.05 0.26 0.08 2.399 NGC2425
07384351-1452557 5655 31 4.47 0.05 0.35 0.05 0.52 0.00 2.399 NGC2425
07374135-1453579 6736 66 3.76 0.18 -0.20 0.05 2.41 0.00 2.399 NGC2425
07374149-1452488 5685 66 4.43 0.17 -0.14 0.06 2.42 0.07 2.399 NGC2425
07374460-1452510 6175 65 4.34 0.18 -0.54 0.06 2.27 0.10 2.399 NGC2425
07374460-1454487 5108 63 3.53 0.17 0.23 0.06 1.48 0.08 2.399 NGC2425
07374534-1448385 4899 63 2.99 0.18 -0.55 0.05 0.80 0.14 2.399 NGC2425
07374646-1454212 4943 65 3.09 0.17 -0.74 0.05 0.60 0.22 2.399 NGC2425
07374850-1452267 6168 67 4.09 0.18 0.10 0.06 2.10 0.10 2.399 NGC2425
07374891-1449460 6697 65 4.16 0.18 -0.26 0.06 2.29 0.22 2.399 NGC2425
07374965-1457538 5099 65 3.18 0.17 -0.03 0.06 0.85 0.13 2.399 NGC2425
07375109-1448114 5678 63 3.97 0.18 -0.03 0.06 1.67 0.08 2.399 NGC2425
07375163-1454192 6063 66 4.22 0.18 -0.13 0.05 2.52 0.06 2.399 NGC2425
07375292-1453037 6641 65 4.18 0.17 -0.16 0.05 2.98 0.06 2.399 NGC2425
07375355-1449364 5720 64 4.14 0.17 -0.15 0.06 1.36 0.00 2.399 NGC2425
07375358-1456432 5087 64 3.21 0.17 -0.03 0.05 0.73 0.22 2.399 NGC2425
07375411-1449594 6019 66 4.33 0.17 0.03 0.05 1.67 0.21 2.399 NGC2425
07375414-1448500 4999 65 3.52 0.17 0.03 0.06 0.33 0.84 2.399 NGC2425
07375546-1455589 6459 64 4.06 0.18 -0.12 0.06 2.65 0.06 2.399 NGC2425
07375577-1452168 5912 65 4.47 0.17 0.06 0.05 2.61 0.06 2.399 NGC2425
07375639-1447495 5237 62 3.50 0.17 -0.24 0.05 0.89 0.19 2.399 NGC2425
07375667-1453312 6415 65 4.09 0.17 -0.30 0.05 2.83 0.05 2.399 NGC2425
07375735-1450162 6372 66 4.12 0.17 -0.36 0.05 2.95 0.06 2.399 NGC2425
07375736-1446057 5415 64 4.43 0.17 -0.07 0.05 1.02 0.00 2.399 NGC2425
07375964-1451043 4413 65 2.27 0.18 0.05 0.05 -0.35 0.19 2.399 NGC2425
07380086-1454155 5219 64 3.26 0.17 0.01 0.05 1.18 0.11 2.399 NGC2425
07380193-1445224 6229 66 4.27 0.18 -0.67 0.05 1.95 0.23 2.399 NGC2425
07380251-1457147 6121 65 3.94 0.17 -0.67 0.05 2.39 0.07 2.399 NGC2425
07380347-1445010 5585 66 4.15 0.18 0.13 0.05 1.92 0.07 2.399 NGC2425
07380366-1454309 6118 65 4.25 0.18 0.12 0.05 2.03 0.14 2.399 NGC2425
07380433-1451243 6608 67 4.07 0.17 -0.10 0.05 2.54 0.13 2.399 NGC2425
07380536-1455499 5760 66 4.45 0.17 -0.09 0.05 2.16 0.08 2.399 NGC2425
07380768-1455597 6010 64 4.45 0.17 0.12 0.05 3.19 0.06 2.399 NGC2425
07380882-1452369 5859 64 4.52 0.17 0.11 0.05 1.86 0.12 2.399 NGC2425
07380893-1456231 6093 66 4.03 0.17 -0.30 0.05 2.18 0.12 2.399 NGC2425
07380981-1456302 6632 64 4.24 0.17 -0.16 0.06 2.51 0.12 2.399 NGC2425
07381055-1454563 3807 111 1.16 0.24 -0.08 0.09 -1.00 0.00 2.399 NGC2425
07381193-1446547 6435 66 3.97 0.17 -0.08 0.06 2.31 0.18 2.399 NGC2425
07381399-1446242 5956 64 4.46 0.17 0.13 0.06 2.13 0.09 2.399 NGC2425
07381437-1441535 5177 64 3.43 0.17 -0.39 0.05 1.00 0.17 2.399 NGC2425
07381526-1451174 6376 65 4.10 0.17 -0.24 0.05 2.39 0.12 2.399 NGC2425
07381552-1453146 4975 64 3.22 0.18 -0.12 0.06 1.25 0.09 2.399 NGC2425
07381654-1444272 5212 65 4.26 0.18 0.01 0.06 2.05 0.09 2.399 NGC2425
07381717-1447350 6192 64 4.14 0.17 -0.13 0.05 2.47 0.07 2.399 NGC2425
07381756-1453051 6503 65 4.11 0.18 -0.17 0.06 2.89 0.06 2.399 NGC2425
07381807-1448155 6252 66 4.09 0.17 -0.11 0.05 1.61 0.46 2.399 NGC2425
07381826-1449560 5070 64 3.32 0.17 -0.02 0.05 1.10 0.09 2.399 NGC2425
07381838-1452202 6692 64 4.19 0.17 -0.27 0.06 2.78 0.09 2.399 NGC2425
07381866-1453078 6610 65 4.35 0.17 -0.27 0.05 2.32 0.00 2.399 NGC2425
07381989-1447543 5826 64 4.39 0.17 -0.26 0.05 2.05 0.09 2.399 NGC2425
07381998-1451144 5901 66 4.33 0.18 -0.22 0.06 2.60 0.07 2.399 NGC2425
07382059-1453505 5561 66 3.71 0.18 -0.70 0.05 2.22 0.07 2.399 NGC2425
07382124-1457025 6554 65 4.30 0.17 -0.24 0.05 2.75 0.08 2.399 NGC2425
07382233-1447377 6208 67 4.08 0.17 -0.08 0.05 2.71 0.07 2.399 NGC2425
07382389-1458332 6168 65 4.14 0.17 -0.14 0.05 2.60 0.07 2.399 NGC2425
07382417-1448054 6321 65 3.91 0.17 -0.28 0.06 2.23 0.15 2.399 NGC2425
07382534-1458045 5115 65 3.24 0.17 0.06 0.06 1.02 0.10 2.399 NGC2425
07382645-1453542 5855 65 4.32 0.17 0.06 0.05 1.97 0.10 2.399 NGC2425
07382841-1448482 6166 64 4.25 0.17 -0.04 0.05 3.03 0.06 2.399 NGC2425
07382845-1452505 5239 63 3.37 0.17 -0.04 0.05 0.88 0.21 2.399 NGC2425
07382848-1459551 6201 65 4.20 0.18 -0.25 0.05 2.73 0.08 2.399 NGC2425
07383240-1449554 5793 63 4.17 0.18 0.28 0.05 2.26 0.07 2.399 NGC2425
07383277-1458439 6010 64 4.26 0.17 -0.36 0.05 3.09 0.08 2.399 NGC2425
07383364-1451317 6624 66 4.35 0.17 -0.01 0.05 2.24 0.19 2.399 NGC2425
07383437-1459121 5669 65 4.07 0.17 -0.21 0.05 1.38 0.21 2.399 NGC2425
07383475-1458271 6102 63 4.20 0.17 0.05 0.06 2.81 0.06 2.399 NGC2425
07383539-1500003 6326 66 4.11 0.17 -0.36 0.05 3.24 0.07 2.399 NGC2425
07383547-1457553 6296 65 4.13 0.17 -0.18 0.05 2.65 0.07 2.399 NGC2425
07383813-1451113 4910 64 2.77 0.18 -0.07 0.05 0.45 0.16 2.399 NGC2425
07383900-1500474 6340 63 4.16 0.18 -0.08 0.06 2.24 0.05 2.399 NGC2425
07383908-1457299 5903 65 4.54 0.17 0.12 0.05 1.57 0.20 2.399 NGC2425
07383926-1455376 6219 66 4.20 0.18 -0.18 0.06 2.94 0.07 2.399 NGC2425
07384330-1458597 6706 66 4.19 0.18 -0.03 0.05 2.83 0.08 2.399 NGC2425
07384415-1449012 4981 64 2.94 0.17 -0.39 0.05 0.48 0.33 2.399 NGC2425
07384585-1456292 5049 65 3.34 0.18 -0.13 0.05 0.97 0.15 2.399 NGC2425
07384604-1448311 6058 64 4.19 0.18 -0.07 0.06 1.90 0.18 2.399 NGC2425
07384656-1448578 6209 67 4.17 0.17 -0.63 0.06 2.45 0.09 2.399 NGC2425
07384757-1449418 4510 64 2.03 0.18 -0.47 0.06 0.31 0.12 2.399 NGC2425
07384792-1456149 6672 64 4.17 0.17 0.07 0.06 2.40 0.13 2.399 NGC2425
07384894-1450010 5751 66 4.21 0.17 -0.02 0.05 1.75 0.14 2.399 NGC2425
07384923-1457187 5329 67 4.37 0.17 0.16 0.06 0.68 0.54 2.399 NGC2425
07384982-1453288 6161 65 4.19 0.17 -0.27 0.06 2.96 0.07 2.399 NGC2425
07385029-1455194 5413 64 3.98 0.17 -0.72 0.05 1.88 0.09 2.399 NGC2425
07385052-1454438 5605 65 4.48 0.18 0.13 0.06 1.47 0.10 2.399 NGC2425
07385144-1452000 6505 65 4.17 0.17 -0.27 0.05 1.68 0.00 2.399 NGC2425
07385443-1448231 6373 66 4.03 0.18 -0.22 0.06 2.25 0.11 2.399 NGC2425
07385619-1452116 5783 65 4.42 0.17 -0.13 0.06 1.74 0.11 2.399 NGC2425
07385890-1453200 5672 65 4.46 0.17 -0.04 0.05 1.79 0.08 2.399 NGC2425
07373524-1452539 6376 66 3.94 0.17 -0.14 0.06 2.80 0.09 2.399 NGC2425
07373544-1448395 6108 66 4.22 0.18 -0.45 0.05 2.44 0.12 2.399 NGC2425
07374008-1450412 5856 65 4.62 0.17 0.35 0.05 2.07 0.15 2.399 NGC2425
07374134-1451187 6353 66 4.20 0.18 0.05 0.05 2.13 0.00 2.399 NGC2425
07374241-1448543 5880 65 4.38 0.17 0.17 0.05 2.25 0.06 2.399 NGC2425
07374289-1449564 5082 64 2.85 0.17 -0.10 0.05 0.97 0.00 2.399 NGC2425
07374334-1451483 4461 67 2.29 0.18 -0.16 0.06 0.08 0.15 2.399 NGC2425
07374416-1449525 4820 64 2.58 0.16 -0.12 0.05 0.92 0.00 2.399 NGC2425
07374513-1448298 6193 63 4.24 0.18 0.04 0.06 2.70 0.07 2.399 NGC2425
07374682-1451574 6836 67 4.01 0.18 -0.41 0.05 3.03 0.09 2.399 NGC2425
07374817-1452147 4977 64 3.30 0.17 -0.08 0.05 1.11 0.11 2.399 NGC2425
07374843-1451473 6564 66 4.11 0.17 -0.14 0.05 2.62 0.09 2.399 NGC2425
07374944-1450495 6558 66 4.02 0.17 -0.01 0.05 2.56 0.17 2.399 NGC2425
07374982-1452451 6701 66 4.34 0.17 -0.31 0.05 2.29 0.00 2.399 NGC2425
07375094-1448072 6182 65 4.12 0.17 -0.16 0.05 2.62 0.10 2.399 NGC2425
07375139-1454094 5968 65 4.47 0.17 -0.17 0.05 2.43 0.09 2.399 NGC2425
07375201-1454523 4795 65 2.70 0.17 -0.02 0.05 0.98 0.00 2.399 NGC2425
07375207-1449255 5767 64 4.22 0.17 -0.23 0.05 1.92 0.12 2.399 NGC2425
07375363-1448199 5845 65 4.23 0.17 -0.32 0.05 1.77 0.00 2.399 NGC2425
07375400-1455523 6732 65 4.42 0.18 -0.09 0.06 3.27 0.09 2.399 NGC2425
07375430-1452137 6657 65 4.22 0.17 -0.22 0.05 3.10 0.05 2.399 NGC2425
07375437-1451381 6311 65 4.05 0.18 -0.08 0.05 2.41 0.10 2.399 NGC2425
07375465-1458076 5972 64 4.31 0.17 0.13 0.05 2.59 0.07 2.399 NGC2425
07375499-1454039 6289 65 4.08 0.17 -0.32 0.05 2.00 0.21 2.399 NGC2425
07375535-1448521 5890 64 4.39 0.17 -0.72 0.05 2.09 0.09 2.399 NGC2425
07375554-1459067 5842 65 4.35 0.18 0.06 0.05 3.15 0.07 2.399 NGC2425
07375616-1454080 6622 65 4.10 0.18 -0.32 0.05 2.72 0.14 2.399 NGC2425
07375688-1449151 6344 65 4.03 0.18 -0.20 0.05 1.87 0.00 2.399 NGC2425
07375905-1449364 6063 65 4.49 0.17 0.13 0.05 2.77 0.07 2.399 NGC2425
07375928-1454507 6160 66 4.31 0.18 0.00 0.05 2.60 0.09 2.399 NGC2425
07380028-1453567 5718 64 4.48 0.18 -0.20 0.05 1.84 0.12 2.399 NGC2425
07380163-1446421 6250 64 4.35 0.17 -0.15 0.06 2.88 0.06 2.399 NGC2425
07380275-1449196 6392 65 3.92 0.17 -0.30 0.06 2.60 0.10 2.399 NGC2425
07380305-1453360 6602 65 4.09 0.17 -0.19 0.06 2.41 0.00 2.399 NGC2425
07380372-1451480 6722 65 4.22 0.18 -0.02 0.06 2.56 0.00 2.399 NGC2425
07380437-1455210 6218 64 4.21 0.18 -0.12 0.05 2.96 0.06 2.399 NGC2425
07380519-1447304 6155 66 4.25 0.17 -0.52 0.05 2.41 0.11 2.399 NGC2425
07380739-1451395 6153 63 4.27 0.17 -0.02 0.05 2.82 0.07 2.399 NGC2425
07380771-1452562 6429 66 4.22 0.17 -0.19 0.05 2.89 0.07 2.399 NGC2425
07380919-1454496 6429 64 4.08 0.17 -0.22 0.05 2.91 0.08 2.399 NGC2425
07380967-1449122 6604 65 4.05 0.17 -0.09 0.05 2.94 0.09 2.399 NGC2425
07381114-1448370 5960 67 4.62 0.17 0.01 0.06 2.76 0.08 2.399 NGC2425
07381126-1456214 6194 66 4.28 0.17 -0.12 0.05 2.09 0.00 2.399 NGC2425
07381277-1454239 5864 64 4.62 0.18 -0.07 0.05 1.69 0.18 2.399 NGC2425
07381284-1449582 6702 68 4.21 0.17 0.12 0.05 2.30 0.28 2.399 NGC2425
07381290-1453377 6473 64 4.28 0.18 -0.26 0.06 3.15 0.07 2.399 NGC2425
07381374-1450097 6402 65 4.19 0.17 -0.17 0.05 3.42 0.06 2.399 NGC2425
07381400-1448467 5928 65 4.38 0.18 0.09 0.06 2.42 0.09 2.399 NGC2425
07381500-1446312 5820 65 4.46 0.18 -0.17 0.06 1.22 1.27 2.399 NGC2425
07381565-1444091 5905 64 4.48 0.17 -0.04 0.06 2.27 0.07 2.399 NGC2425
07381601-1447405 6714 68 4.04 0.17 -0.01 0.05 2.77 0.13 2.399 NGC2425
07381647-1444224 6181 76 4.44 0.18 -0.02 0.09 2.95 0.11 2.399 NGC2425
07381706-1457531 6212 63 4.29 0.18 0.11 0.06 2.79 0.07 2.399 NGC2425
07381728-1444261 6715 67 4.18 0.17 0.04 0.05 3.01 0.10 2.399 NGC2425
07381798-1445379 5104 65 3.13 0.17 -0.25 0.05 0.89 0.00 2.399 NGC2425
07381847-1453426 6523 65 4.63 0.18 -0.21 0.06 2.66 0.13 2.399 NGC2425
07381931-1454098 6536 65 4.07 0.18 -0.10 0.05 2.58 0.12 2.399 NGC2425
07381973-1455241 6499 65 4.20 0.17 -0.20 0.05 2.77 0.10 2.399 NGC2425
07382143-1453411 6698 68 4.23 0.17 -0.15 0.06 2.53 0.00 2.399 NGC2425
07382261-1454485 6778 64 4.29 0.17 -0.14 0.06 2.73 0.16 2.399 NGC2425
07382321-1456050 6662 65 4.31 0.17 -0.17 0.05 2.50 0.21 2.399 NGC2425
07382326-1453331 6250 65 4.07 0.17 -0.32 0.05 3.11 0.06 2.399 NGC2425
07382355-1450035 5959 68 4.32 0.17 0.03 0.05 2.76 0.08 2.399 NGC2425
07382411-1452285 6270 67 4.15 0.17 -0.39 0.05 2.15 0.00 2.399 NGC2425
07382433-1453195 6768 66 4.13 0.18 -0.13 0.05 3.07 0.08 2.399 NGC2425
07382548-1452238 6594 65 4.04 0.18 -0.08 0.05 3.44 0.06 2.399 NGC2425
07382581-1447083 5753 65 4.54 0.18 -0.18 0.05 2.05 0.12 2.399 NGC2425
07382581-1453234 6460 65 3.99 0.17 -0.17 0.05 2.49 0.10 2.399 NGC2425
07382612-1449120 6543 66 4.28 0.17 -0.30 0.05 2.50 0.15 2.399 NGC2425
07382867-1455163 6320 65 4.14 0.18 -0.07 0.05 3.01 0.07 2.399 NGC2425
07383388-1453507 6596 64 4.35 0.18 -0.12 0.05 2.24 0.00 2.399 NGC2425
07383533-1453372 6535 67 4.15 0.17 -0.16 0.05 3.10 0.07 2.399 NGC2425
07383535-1446245 6477 66 4.21 0.17 -0.21 0.05 2.13 0.29 2.399 NGC2425
07383544-1456583 6586 65 3.93 0.17 -0.16 0.05 3.18 0.07 2.399 NGC2425
07383598-1452457 6546 64 4.26 0.17 -0.17 0.05 2.41 0.19 2.399 NGC2425
07383630-1458067 4844 64 2.55 0.17 -0.14 0.05 2.00 0.09 2.399 NGC2425
07383693-1500235 6429 66 4.04 0.17 -0.21 0.06 2.34 0.21 2.399 NGC2425
07383793-1457373 6531 66 4.14 0.18 -0.07 0.06 2.30 0.21 2.399 NGC2425
07383797-1448016 5962 65 4.41 0.17 0.19 0.05 2.44 0.07 2.399 NGC2425
07383802-1443319 6916 65 4.22 0.17 -0.26 0.06 2.55 0.00 2.399 NGC2425
07383916-1450154 6413 64 4.17 0.17 -0.04 0.05 2.49 0.16 2.399 NGC2425
07383968-1450472 6640 65 4.14 0.18 -0.19 0.05 3.25 0.06 2.399 NGC2425
07384135-1445515 6084 63 4.16 0.17 0.02 0.06 2.65 0.06 2.399 NGC2425
07384212-1457280 6365 64 4.13 0.18 -0.01 0.06 2.55 0.06 2.399 NGC2425
07384378-1455346 5977 62 4.53 0.18 -0.19 0.05 2.63 0.07 2.399 NGC2425
07384482-1446363 5768 63 4.15 0.17 -0.37 0.05 2.21 0.10 2.399 NGC2425
07384633-1448450 6262 65 4.29 0.18 -0.25 0.05 2.66 0.07 2.399 NGC2425
07384650-1450177 6757 68 4.49 0.17 -0.18 0.05 2.38 0.00 2.399 NGC2425
07384758-1448553 6648 66 4.18 0.17 -0.35 0.06 2.41 0.00 2.399 NGC2425
07384866-1456071 6001 64 4.20 0.18 0.08 0.05 2.28 0.06 2.399 NGC2425
07385018-1454478 6578 64 4.07 0.17 -0.03 0.05 2.59 0.13 2.399 NGC2425
07385145-1452315 5813 67 4.49 0.17 -0.42 0.06 2.39 0.08 2.399 NGC2425
07385545-1448067 5304 64 4.67 0.18 -0.15 0.05 0.99 0.35 2.399 NGC2425
