OBJECT TEFF E_TEFF LOGG E_LOGG FEH E_FEH LI1 E_LI1 "AGE (Gyr)" GES_FLD MEM3D
07163218+1344035 6224 65 4.28 0.18 -0.14 0.05 2.81 0.06 1 NGC2355 1
07163427+1346057 4758 82 4.84 0.22 0.03 0.07 1 0.29 1 NGC2355 1
07163507+1347132 4803 63 4.17 0.17 -0.37 0.05 0.62 0.0 1 NGC2355 1
07163766+1343330 5741 63 4.69 0.17 -0.13 0.05 2.24 0.09 1 NGC2355 1
07163883+1342379 6094 65 4.27 0.18 -0.1 0.05 2.81 0.06 1 NGC2355 1
07164337+1341358 5984 64 4.5 0.18 -0.13 0.06 2.83 0.06 1 NGC2355 1
07164346+1348069 6279 65 4.13 0.17 -0.21 0.05 2.6 0.06 1 NGC2355 1
07164474+1347284 6001 64 4.23 0.17 -0.14 0.05 2.59 0.06 1 NGC2355 1
07164556+1351505 5245 64 4.42 0.17 -0.13 0.05 1.44 0.17 1 NGC2355 1
07164668+1342451 4847 64 4.81 0.17 -0.12 0.06 0.84 0.0 1 NGC2355 1
07164720+1344405 6032 65 4.29 0.18 -0.16 0.05 2.6 0.06 1 NGC2355 1
07164821+1345437 6342 65 4.05 0.17 -0.07 0.06 2.62 0.06 1 NGC2355 1
07164855+1346262 6622 67 4.1 0.18 -0.13 0.05 2.05 0.23 1 NGC2355 1
07164863+1349426 5175 66 4.75 0.17 -0.25 0.05 1.54 0.13 1 NGC2355 0.9999
07164875+1341480 5103 66 4.62 0.18 0.01 0.05 1.61 0.14 1 NGC2355 1
07164972+1345486 6712 65 4.12 0.18 -0.16 0.05 2.25 0.15 1 NGC2355 1
07165026+1341489 5885 63 4.56 0.17 -0.07 0.06 2.52 0.07 1 NGC2355 1
07165084+1342214 4648 83 3.98 0.22 -0.07 0.08 0.82 0.0 1 NGC2355 1
07165256+1344133 4897 67 4.7 0.18 0.1 0.05 1.73 0.12 1 NGC2355 1
07165308+1350176 4746 65 4.36 0.17 -0.04 0.05 0.99 0.0 1 NGC2355 1
07165323+1346577 5304 64 4.53 0.17 -0.26 0.05 1.46 0.14 1 NGC2355 1
07165328+1348490 5224 64 4.53 0.18 -0.05 0.05 1.63 0.14 1 NGC2355 1
07165511+1349362 5820 65 4.37 0.17 -0.07 0.05 2.41 0.07 1 NGC2355 1
07165598+1347535 5199 64 4.82 0.18 -0.24 0.05 1.25 0.19 1 NGC2355 1
07165601+1343323 6297 65 4.21 0.17 -0.08 0.05 2.82 0.05 1 NGC2355 1
07165736+1350286 6666 67 4.23 0.18 -0.08 0.05 2.02 0.0 1 NGC2355 0.9998
07165743+1344360 6722 65 4.21 0.18 -0.11 0.05 3.24 0.05 1 NGC2355 0.9999
07165882+1347503 6339 68 4.18 0.17 -0.05 0.05 2.58 0.07 1 NGC2355 1
07165891+1343084 6357 63 4.2 0.17 -0.1 0.05 2.81 0.05 1 NGC2355 1
07165929+1347040 6651 66 4.1 0.17 -0.21 0.06 2.24 0.16 1 NGC2355 1
07165990+1341063 6143 66 4.33 0.17 -0.14 0.05 2.81 0.06 1 NGC2355 1
07170045+1345393 5495 63 4.32 0.17 -0.24 0.05 1.63 0.18 1 NGC2355 1
07170111+1348041 5264 69 4.65 0.21 -0.3 0.05 1.61 0.13 1 NGC2355 1
07170131+1344311 5245 72 4.72 0.2 -0.14 0.05 1.44 0.31 1 NGC2355 1
07170135+1345143 4820 64 4.5 0.18 0.02 0.05 0.69 0.45 1 NGC2355 1
07170183+1342067 5884 65 4.43 0.17 -0.14 0.06 2.54 0.07 1 NGC2355 1
07170190+1342527 6785 65 4.05 0.18 -0.12 0.05 2.28 0.19 1 NGC2355 1
07170268+1349464 5185 65 4.27 0.18 -0.09 0.05 1.17 0.35 1 NGC2355 1
07170289+1344486 5243 65 4.9 0.18 -0.11 0.05 1.63 0.16 1 NGC2355 1
07170312+1345021 5034 65 4.54 0.17 -0.04 0.05 1.16 0.0 1 NGC2355 1
07170338+1343230 5535 64 4.35 0.18 -0.22 0.05 1.84 0.08 1 NGC2355 1
07170361+1345267 6360 66 4.19 0.18 -0.15 0.05 2.45 0.07 1 NGC2355 1
07170491+1343523 5001 66 4.67 0.18 -0.08 0.05 1.06 0.2 1 NGC2355 1
07170499+1348435 5762 66 4.49 0.17 -0.05 0.05 2.37 0.08 1 NGC2355 1
07170553+1344077 5773 65 4.36 0.17 -0.18 0.05 2.42 0.06 1 NGC2355 1
07170568+1348543 6248 66 4.24 0.17 -0.11 0.05 2.94 0.06 1 NGC2355 1
07170594+1348352 4634 84 4.76 0.22 0.13 0.08 0.63 0.64 1 NGC2355 1
07170980+1345219 5655 64 4.34 0.18 -0.12 0.05 2.21 0.08 1 NGC2355 1
07170990+1340204 6075 65 4.29 0.17 -0.11 0.05 2.72 0.06 1 NGC2355 1
07171016+1346019 5787 65 4.27 0.17 -0.17 0.05 2.26 0.08 1 NGC2355 1
07171021+1345470 5020 65 4.81 0.18 -0.12 0.05 1.29 0.19 1 NGC2355 1
07171326+1343329 5191 64 4.61 0.17 -0.2 0.05 1.25 0.17 1 NGC2355 1
07171642+1344586 5631 64 4.6 0.17 -0.12 0.06 1.97 0.11 1 NGC2355 1
07171651+1352006 4470 82 4.65 0.23 0.1 0.08 0.79 0.25 1 NGC2355 0.9998
07171702+1344269 5112 63 4.8 0.17 -0.04 0.05 0.91 0.59 1 NGC2355 1
07171836+1339480 5073 67 4.49 0.17 -0.09 0.06 1 0.45 1 NGC2355 1
07172021+1342462 5647 64 4.36 0.17 -0.18 0.05 1.72 0.16 1 NGC2355 1
07172060+1345254 6006 68 4.38 0.17 -0.16 0.05 2.62 0.06 1 NGC2355 1
07172070+1341342 5393 64 4.71 0.18 -0.16 0.06 1.86 0.1 1 NGC2355 1
07172436+1344301 5979 65 4.23 0.17 -0.15 0.06 2.71 0.07 1 NGC2355 1
07172450+1344415 5284 63 4.6 0.17 -0.17 0.05 1.57 0.14 1 NGC2355 1
07172484+1348145 6548 64 4.22 0.17 -0.13 0.06 2.26 0.13 1 NGC2355 1
07164682+1343556 5138 103 4.48 0.33 0.24 0.09 1.64 0.26 1 NGC2355 1
07163085+1348102 6803 66 4.18 0.18 -0.08 0.06 3.29 0.07 1 NGC2355 1
07164526+1353396 6877 66 3.94 0.17 -0.24 0.06 3.23 0.09 1 NGC2355 1
07165207+1341078 6993 101 3.79 0.26 0.08 0.15 2.7 0.0 1 NGC2355 1
07165249+1344590 6865 67 4.1 0.17 0.01 0.05 3.03 0.13 1 NGC2355 1
07165286+1349395 6746 64 4.1 0.17 -0.16 0.05 3.09 0.08 1 NGC2355 1
07165629+1345167 5039 30 2.85 0.05 -0.05 0.05 0.3 0.0 1 NGC2355 1
07165832+1345401 6940 66 4.09 0.17 -0.21 0.05 2.71 0.19 1 NGC2355 1
07165909+1345526 4976 31 2.84 0.05 -0.08 0.05 0.6 0.08 1 NGC2355 1
07170419+1344533 6716 67 4.14 0.18 -0.07 0.05 3.18 0.11 1 NGC2355 1
07170451+1348420 6781 64 4.09 0.18 -0.02 0.05 2.65 0.17 1 NGC2355 1
07171875+1337554 6940 67 4.09 0.17 -0.13 0.05 2.67 0.2 1 NGC2355 1
07173334+1346370 6975 72 4.09 0.21 -0.06 0.05 3.22 0.1 1 NGC2355 1
07165033+1337425 4915 31 2.79 0.05 -0.13 0.05 0.3 0.07 1 NGC2355 1
07165283+1348352 5053 30 2.78 0.05 -0.09 0.05 0.42 0.07 1 NGC2355 1
07165704+1346268 5044 31 2.83 0.05 -0.08 0.05 0.28 0.0 1 NGC2355 1
07165796+1346244 5114 31 2.67 0.05 -0.16 0.05 0.59 0.07 1 NGC2355 1
07165945+1347174 5035 31 2.75 0.05 -0.1 0.05 0.41 0.1 1 NGC2355 1
07170520+1344553 5065 50 2.05 0.09 -0.08 0.05 0.74 0.07 1 NGC2355 1
07171989+1346127 5157 30 2.88 0.05 -0.15 0.05 1.16 0.05 1 NGC2355 1
