OBJECT TEFF E_TEFF LOGG E_LOGG FEH E_FEH LI1 E_LI1 "AGE (Gyr)" GES_FLD
07515457-6047568 4369 76 4.90 0.18 0.00 0.09 0.21 0.00 0.24 NGC2516
07515966-6047220 4233 78 4.69 0.18 0.06 0.10 0.57 0.14 0.24 NGC2516
07520389-6050116 4256 76 4.90 0.18 0.05 0.09 -0.38 0.00 0.24 NGC2516
07521002-6044245 4153 76 4.74 0.18 0.00 0.09 -0.07 0.33 0.24 NGC2516
07521382-6047151 3993 77 4.75 0.18 -0.02 0.10 0.41 0.16 0.24 NGC2516
07521911-6039241 3189 96 4.95 0.23 -0.38 0.09 -1.00 0.00 0.24 NGC2516
07522464-6043006 3845 77 4.56 0.18 -0.14 0.09 0.04 0.33 0.24 NGC2516
07523060-6049134 3444 108 4.88 0.24 -0.29 0.09 -0.65 0.49 0.24 NGC2516
07523629-6046405 3883 107 4.85 0.24 -0.08 0.08 0.44 0.25 0.24 NGC2516
07524604-6039537 4141 76 4.76 0.18 0.00 0.09 -0.25 0.40 0.24 NGC2516
07525994-6053288 4053 76 4.92 0.18 -0.03 0.10 0.40 0.15 0.24 NGC2516
07530001-6042137 3921 77 4.69 0.18 -0.01 0.10 0.19 0.21 0.24 NGC2516
07530057-6048094 3913 75 4.80 0.18 -0.08 0.09 -0.17 0.33 0.24 NGC2516
07531031-6046400 3623 110 4.87 0.23 -0.27 0.09 -0.27 0.47 0.24 NGC2516
07531177-6041390 3841 108 4.84 0.23 -0.11 0.09 0.46 0.23 0.24 NGC2516
07531326-6043422 3972 77 4.79 0.18 0.01 0.09 0.19 0.22 0.24 NGC2516
07532107-6058131 3879 108 4.85 0.23 -0.08 0.09 0.60 0.20 0.24 NGC2516
07532554-6037497 3834 107 4.84 0.23 -0.13 0.09 0.13 0.30 0.24 NGC2516
07533937-6039585 3562 107 4.87 0.24 -0.32 0.09 -0.46 0.51 0.24 NGC2516
07541858-6041516 3620 108 4.85 0.23 -0.27 0.09 -0.02 0.40 0.24 NGC2516
07541880-6042229 4415 76 4.69 0.18 0.05 0.10 -0.60 0.57 0.24 NGC2516
07542364-6051540 4388 79 4.50 0.18 0.03 0.09 -0.37 0.55 0.24 NGC2516
07542542-6045146 4688 65 2.35 0.18 -0.31 0.06 0.51 0.15 0.24 NGC2516
07542890-6046186 4817 66 4.56 0.17 0.00 0.06 1.86 0.08 0.24 NGC2516
07543052-6044581 4382 77 4.74 0.18 0.04 0.10 -0.39 0.54 0.24 NGC2516
07543141-6039513 3388 108 4.84 0.24 -0.35 0.09 -1.00 0.00 0.24 NGC2516
07543533-6049145 4830 65 2.82 0.18 0.07 0.05 1.01 0.00 0.24 NGC2516
07544740-6039592 4921 64 3.10 0.17 -0.49 0.06 0.79 0.16 0.24 NGC2516
07545144-6048109 4562 64 4.71 0.17 0.03 0.06 0.81 0.08 0.24 NGC2516
07545378-6046173 4580 65 2.47 0.17 -0.23 0.05 -0.33 0.49 0.24 NGC2516
07550485-6043438 4460 64 2.10 0.18 -0.30 0.05 0.44 0.00 0.24 NGC2516
07544443-6108107 6098 32 3.80 0.05 -0.42 0.05 2.61 0.03 0.24 NGC2516
07532163-6102129 3620 108 4.84 0.23 -0.22 0.09 -0.50 0.59 0.24 NGC2516
07532312-6102429 4008 76 4.74 0.19 -0.02 0.09 0.02 0.27 0.24 NGC2516
07534951-6111396 4229 75 4.51 0.18 0.06 0.09 0.73 0.10 0.24 NGC2516
07540422-6110109 3387 105 4.85 0.24 -0.33 0.09 -0.84 0.42 0.24 NGC2516
07540602-6101251 4167 75 4.61 0.18 0.05 0.09 0.03 0.29 0.24 NGC2516
07540943-6107554 4429 76 4.76 0.18 0.04 0.10 0.09 0.24 0.24 NGC2516
07542118-6058130 4054 108 4.84 0.24 -0.18 0.09 1.03 0.14 0.24 NGC2516
07543002-6052309 4680 65 2.75 0.17 0.08 0.06 0.83 0.00 0.24 NGC2516
07544660-6112211 4945 66 2.99 0.17 0.11 0.05 0.03 0.75 0.24 NGC2516
07544751-6057590 4289 76 4.62 0.17 0.06 0.09 0.08 0.26 0.24 NGC2516
07544819-6058285 4559 66 4.74 0.17 0.03 0.06 0.88 0.09 0.24 NGC2516
07545588-6054583 4091 76 4.81 0.18 -0.21 0.09 -0.08 0.27 0.24 NGC2516
07545637-6105118 3830 104 4.84 0.23 -0.11 0.09 0.70 0.16 0.24 NGC2516
07545756-6055475 4647 64 4.80 0.18 0.15 0.05 0.03 0.54 0.24 NGC2516
07545769-6059373 4096 77 4.76 0.18 -0.01 0.09 0.28 0.20 0.24 NGC2516
07545954-6104227 3849 104 4.83 0.24 -0.05 0.09 0.24 0.28 0.24 NGC2516
07550223-6051257 4014 77 4.55 0.18 -0.04 0.10 0.43 0.16 0.24 NGC2516
07550711-6106356 5035 68 3.56 0.17 -0.37 0.05 1.03 0.12 0.24 NGC2516
07551451-6055363 3831 107 4.84 0.23 -0.13 0.09 0.17 0.00 0.24 NGC2516
07551642-6113370 4016 76 4.61 0.19 -0.03 0.09 0.42 0.16 0.24 NGC2516
07551714-6054141 4892 63 2.79 0.17 -0.20 0.05 -0.06 0.65 0.24 NGC2516
07551991-6057599 3189 101 4.93 0.24 -0.40 0.09 -1.00 0.00 0.24 NGC2516
07552215-6109234 4514 64 4.68 0.18 0.10 0.06 0.18 0.20 0.24 NGC2516
07552460-6054451 4839 65 2.69 0.17 -0.25 0.05 0.72 0.12 0.24 NGC2516
07552900-6104407 3884 74 4.76 0.18 -0.02 0.09 0.21 0.20 0.24 NGC2516
07553025-6107468 4730 64 2.67 0.17 -0.63 0.06 0.33 0.19 0.24 NGC2516
07553448-6111529 4249 76 4.78 0.18 0.07 0.09 0.48 0.14 0.24 NGC2516
07554003-6101161 3963 78 4.74 0.18 -0.03 0.09 0.43 0.17 0.24 NGC2516
07554732-6059044 4734 63 2.40 0.17 -0.34 0.05 -0.05 0.40 0.24 NGC2516
07554835-6107229 4550 63 4.86 0.17 0.08 0.05 0.13 0.26 0.24 NGC2516
07555144-6058015 4203 76 4.66 0.18 0.06 0.09 0.69 0.09 0.24 NGC2516
07555194-6113208 4219 78 4.69 0.18 0.06 0.09 0.71 0.13 0.24 NGC2516
07560192-6109023 3440 104 4.84 0.24 -0.27 0.09 -0.24 0.21 0.24 NGC2516
07560307-6102051 4004 75 4.86 0.18 -0.01 0.09 -0.09 0.32 0.24 NGC2516
07561223-6101165 4667 65 2.42 0.18 -0.14 0.05 -0.47 0.51 0.24 NGC2516
07561313-6102284 4092 76 4.40 0.18 0.00 0.09 -0.20 0.28 0.24 NGC2516
07561327-6108061 4653 65 4.78 0.17 0.11 0.06 1.22 0.10 0.24 NGC2516
07561399-6111109 4443 76 4.94 0.18 0.04 0.09 0.68 0.17 0.24 NGC2516
07562557-6102378 3891 107 4.87 0.23 -0.11 0.09 0.49 0.21 0.24 NGC2516
07563692-6106549 3984 77 4.57 0.18 0.02 0.10 0.03 0.00 0.24 NGC2516
07542124-6111181 4976 66 3.18 0.17 -0.17 0.05 0.38 0.63 0.24 NGC2516
07542366-6059134 4920 66 4.67 0.17 0.00 0.05 1.96 0.09 0.24 NGC2516
07542397-6111027 4786 66 2.49 0.17 -0.02 0.05 0.95 0.00 0.24 NGC2516
07542722-6057451 5580 66 4.52 0.18 0.00 0.05 2.92 0.07 0.24 NGC2516
07543520-6101128 5806 64 4.49 0.17 0.25 0.05 1.99 0.08 0.24 NGC2516
07543650-6113541 6674 66 4.16 0.18 -0.03 0.05 2.25 0.16 0.24 NGC2516
07543785-6102035 5018 66 3.20 0.17 -0.44 0.05 0.49 0.34 0.24 NGC2516
07544020-6105459 6456 65 4.03 0.18 0.07 0.05 1.44 0.43 0.24 NGC2516
07544232-6053534 5740 66 4.25 0.17 -0.12 0.05 1.42 0.17 0.24 NGC2516
07545162-6106074 5783 65 4.54 0.18 0.06 0.05 1.16 0.29 0.24 NGC2516
07550692-6111311 5052 66 3.52 0.17 -0.06 0.05 0.70 0.22 0.24 NGC2516
07551844-6057440 6230 65 4.29 0.17 -0.07 0.06 2.88 0.05 0.24 NGC2516
07552206-6105203 4945 64 4.73 0.18 0.05 0.05 1.79 0.09 0.24 NGC2516
07553120-6056508 6546 64 4.16 0.17 0.01 0.05 2.58 0.05 0.24 NGC2516
07553731-6109067 6286 66 4.25 0.17 0.00 0.05 3.19 0.05 0.24 NGC2516
07554040-6104238 5333 65 4.45 0.17 -0.14 0.05 2.57 0.07 0.24 NGC2516
07554811-6107145 5058 66 4.46 0.18 0.03 0.05 0.40 0.62 0.24 NGC2516
07555802-6111369 5333 64 4.42 0.17 0.35 0.05 1.10 0.24 0.24 NGC2516
07561189-6111384 6812 66 4.14 0.17 -0.10 0.05 3.04 0.04 0.24 NGC2516
07541520-6025485 3903 76 4.67 0.18 -0.26 0.09 0.39 0.19 0.24 NGC2516
07542108-6027081 4164 76 4.89 0.18 -0.07 0.09 0.34 0.17 0.24 NGC2516
07542147-6022136 4066 77 4.54 0.17 0.04 0.10 -1.00 0.00 0.24 NGC2516
07542455-6019566 4401 74 4.69 0.17 0.05 0.10 0.33 0.19 0.24 NGC2516
07543442-6035456 4653 66 4.79 0.18 0.04 0.05 1.12 0.11 0.24 NGC2516
07544487-6032296 4848 80 1.84 0.22 -2.05 0.08 0.30 0.00 0.24 NGC2516
07545163-6025304 4134 77 4.64 0.18 0.07 0.09 0.06 0.23 0.24 NGC2516
07545228-6020112 4990 64 2.82 0.18 -0.47 0.05 0.32 0.64 0.24 NGC2516
07545617-6027432 3220 102 4.85 0.23 -0.46 0.09 -1.00 0.00 0.24 NGC2516
07550144-6027506 3990 75 4.71 0.18 -0.06 0.09 0.46 0.15 0.24 NGC2516
07550360-6028452 4316 74 4.68 0.18 0.06 0.09 0.42 0.14 0.24 NGC2516
07550511-6034396 4320 75 4.71 0.18 0.06 0.09 0.22 0.17 0.24 NGC2516
07551125-6026336 4094 77 4.81 0.18 0.04 0.09 0.74 0.10 0.24 NGC2516
07551340-6041130 3303 107 4.87 0.24 -0.33 0.09 -1.00 0.00 0.24 NGC2516
07552039-6019419 3961 76 4.88 0.18 -0.12 0.10 0.19 0.23 0.24 NGC2516
07552105-6034021 3437 109 4.85 0.24 -0.27 0.09 -0.32 0.40 0.24 NGC2516
07552115-6026296 3625 108 4.86 0.23 -0.29 0.09 -0.66 0.54 0.24 NGC2516
07552222-6033074 4563 63 4.79 0.17 0.21 0.06 0.10 0.31 0.24 NGC2516
07552745-6033307 3879 74 4.78 0.18 -0.06 0.09 0.31 0.18 0.24 NGC2516
07552858-6024560 4113 76 4.71 0.18 0.03 0.09 0.39 0.13 0.24 NGC2516
07552876-6028198 4268 74 4.78 0.18 0.06 0.09 -0.89 0.44 0.24 NGC2516
07553173-6034206 3847 109 4.84 0.23 -0.05 0.09 0.63 0.20 0.24 NGC2516
07553274-6037074 4027 78 4.75 0.18 0.06 0.09 0.57 0.00 0.24 NGC2516
07553485-6041393 4036 78 4.60 0.18 -0.02 0.10 0.07 0.24 0.24 NGC2516
07553910-6018305 4063 75 4.80 0.18 -0.04 0.09 -1.00 0.00 0.24 NGC2516
07553943-6031203 3831 111 4.81 0.24 -0.24 0.09 0.82 0.15 0.24 NGC2516
07554739-6021259 4562 65 4.45 0.17 0.18 0.06 0.45 0.00 0.24 NGC2516
07555086-6026294 3961 76 4.88 0.18 0.00 0.09 0.57 0.14 0.24 NGC2516
07555287-6024532 4461 76 4.58 0.18 0.05 0.09 0.59 0.14 0.24 NGC2516
07560174-6037388 3774 106 4.87 0.24 -0.19 0.09 0.08 0.33 0.24 NGC2516
07560223-6020505 4271 75 4.53 0.18 0.07 0.09 1.03 0.10 0.24 NGC2516
07560698-6031438 4705 64 4.64 0.18 0.03 0.05 0.74 0.14 0.24 NGC2516
07561491-6038481 3304 106 4.87 0.23 -0.35 0.09 -1.00 0.00 0.24 NGC2516
07561522-6038219 4196 109 4.87 0.24 0.04 0.09 1.09 0.13 0.24 NGC2516
07561707-6022188 4291 77 4.58 0.18 0.08 0.10 0.17 0.24 0.24 NGC2516
07562640-6021143 3855 107 4.87 0.23 -0.35 0.09 0.52 0.23 0.24 NGC2516
07563243-6024079 4217 77 4.86 0.19 0.05 0.09 0.23 0.20 0.24 NGC2516
07563410-6030118 3929 104 4.85 0.24 -0.08 0.09 0.98 0.14 0.24 NGC2516
07564014-6027412 4092 76 4.81 0.18 -0.01 0.09 0.24 0.21 0.24 NGC2516
07564607-6024132 3984 76 4.57 0.18 -0.06 0.10 0.65 0.12 0.24 NGC2516
07565502-6028512 4081 76 4.68 0.18 -0.28 0.09 0.24 0.00 0.24 NGC2516
07542322-6034452 5840 31 4.15 0.05 0.12 0.05 2.21 0.04 0.24 NGC2516
07550546-6036336 5162 30 4.38 0.05 -0.12 0.05 1.44 0.05 0.24 NGC2516
07544421-6049473 3841 79 4.73 0.18 -0.07 0.10 0.34 0.20 0.24 NGC2516
07551059-6043092 4476 75 4.86 0.18 0.03 0.09 0.42 0.15 0.24 NGC2516
07551741-6038315 3997 77 4.75 0.18 0.06 0.09 1.04 0.12 0.24 NGC2516
07551956-6044275 4522 75 4.78 0.18 0.04 0.10 0.33 0.17 0.24 NGC2516
07552751-6048332 3770 106 4.84 0.24 -0.27 0.09 0.44 0.24 0.24 NGC2516
07552770-6048138 3966 76 4.81 0.18 -0.02 0.09 0.59 0.14 0.24 NGC2516
07554488-6044129 3997 109 4.80 0.24 -0.05 0.09 0.52 0.00 0.24 NGC2516
07555219-6054036 4005 77 4.90 0.18 0.06 0.10 1.03 0.12 0.24 NGC2516
07555595-6052334 3620 109 4.85 0.23 -0.22 0.09 -1.00 0.00 0.24 NGC2516
07555597-6056441 4787 66 2.85 0.17 -0.28 0.05 0.80 0.00 0.24 NGC2516
07555844-6056126 4536 64 4.69 0.17 0.07 0.05 0.29 0.17 0.24 NGC2516
07555914-6050442 4533 75 4.72 0.18 0.01 0.09 1.82 0.10 0.24 NGC2516
07560587-6055349 3671 104 4.87 0.23 -0.27 0.09 -0.15 0.42 0.24 NGC2516
07560871-6045266 4275 73 4.76 0.19 0.05 0.10 0.01 0.23 0.24 NGC2516
07560885-6049366 4046 76 4.77 0.18 -0.16 0.10 0.12 0.21 0.24 NGC2516
07560924-6047360 3302 107 4.94 0.23 -0.40 0.09 -1.00 0.00 0.24 NGC2516
07561050-6054150 4009 75 4.85 0.18 -0.02 0.09 0.60 0.14 0.24 NGC2516
07561129-6050580 4453 74 4.35 0.18 -0.02 0.09 2.12 0.10 0.24 NGC2516
07561423-6058156 4089 75 4.73 0.18 -0.01 0.09 0.01 0.28 0.24 NGC2516
07561448-6054314 4037 76 4.73 0.18 0.05 0.09 0.16 0.00 0.24 NGC2516
07561544-6053084 3882 76 4.80 0.17 -0.09 0.09 0.68 0.14 0.24 NGC2516
07561556-6047204 4009 75 4.89 0.19 -0.03 0.10 0.22 0.20 0.24 NGC2516
07561890-6055298 4135 75 4.70 0.18 -0.01 0.10 -0.62 0.60 0.24 NGC2516
07562958-6052125 3446 107 4.87 0.24 -0.30 0.09 -0.01 0.32 0.24 NGC2516
07563027-6041370 3301 110 4.85 0.23 -0.35 0.09 -1.00 0.00 0.24 NGC2516
07564709-6043225 4297 75 4.50 0.18 0.03 0.09 1.04 0.10 0.24 NGC2516
07564817-6046311 4354 76 4.67 0.18 0.06 0.09 1.03 0.11 0.24 NGC2516
07564825-6051086 3767 109 4.85 0.23 -0.18 0.09 0.06 0.35 0.24 NGC2516
07565408-6050056 4692 65 4.69 0.18 -0.01 0.05 1.80 0.09 0.24 NGC2516
07565554-6039300 3956 109 4.88 0.24 -0.01 0.09 0.57 0.00 0.24 NGC2516
07565956-6049567 4187 78 4.49 0.18 0.08 0.09 0.82 0.09 0.24 NGC2516
07570128-6052061 4147 76 4.81 0.18 0.03 0.10 0.73 0.12 0.24 NGC2516
07570134-6042136 4566 65 4.68 0.17 0.14 0.05 0.63 0.11 0.24 NGC2516
07570251-6047567 4232 74 4.86 0.18 0.05 0.09 -0.19 0.42 0.24 NGC2516
07571030-6044527 4830 64 2.97 0.17 -0.31 0.06 0.79 0.13 0.24 NGC2516
07571082-6049067 3617 107 4.85 0.23 -0.22 0.09 -0.17 0.42 0.24 NGC2516
07571300-6055159 3675 108 4.86 0.24 -0.27 0.09 0.37 0.26 0.24 NGC2516
07571540-6038534 4590 75 4.59 0.19 -0.03 0.09 2.18 0.11 0.24 NGC2516
07571593-6041269 4154 76 4.81 0.18 -0.02 0.09 0.11 0.27 0.24 NGC2516
07572609-6045401 4415 79 4.58 0.18 0.05 0.09 1.06 0.12 0.24 NGC2516
07573082-6047208 3974 75 4.75 0.17 -0.05 0.09 0.27 0.19 0.24 NGC2516
07573354-6050406 3724 105 4.89 0.23 0.00 0.09 0.95 0.21 0.24 NGC2516
07573888-6043529 4712 64 4.60 0.17 0.05 0.05 1.25 0.10 0.24 NGC2516
07573984-6046394 4363 75 4.60 0.18 0.05 0.09 0.41 0.16 0.24 NGC2516
07574418-6045153 3222 102 4.88 0.24 -0.38 0.09 -1.00 0.00 0.24 NGC2516
07574708-6051389 4233 78 4.78 0.18 0.06 0.09 0.43 0.15 0.24 NGC2516
07575482-6050269 3909 78 4.80 0.18 -0.08 0.09 0.51 0.17 0.24 NGC2516
07575805-6045446 4456 77 4.79 0.18 0.04 0.09 0.58 0.12 0.24 NGC2516
07562439-6112084 4824 67 3.08 0.17 -0.17 0.05 1.11 0.00 0.24 NGC2516
07571065-6111160 4196 76 4.64 0.18 0.08 0.10 0.84 0.11 0.24 NGC2516
07572567-6117126 4115 75 4.68 0.18 -0.01 0.10 0.06 0.27 0.24 NGC2516
07573365-6115183 4023 107 4.89 0.23 0.04 0.09 1.37 0.13 0.24 NGC2516
07573634-6121293 4046 76 4.79 0.18 -0.17 0.09 0.25 0.00 0.24 NGC2516
07573777-6111491 4344 76 4.81 0.18 0.08 0.10 0.85 0.12 0.24 NGC2516
07581825-6121091 3978 79 4.64 0.18 -0.02 0.09 0.50 0.17 0.24 NGC2516
07581885-6117219 4254 73 4.67 0.18 0.02 0.09 0.41 0.23 0.24 NGC2516
07581918-6123523 4369 73 4.88 0.18 0.03 0.10 0.60 0.15 0.24 NGC2516
07582232-6111078 3930 77 4.77 0.18 0.03 0.09 0.57 0.14 0.24 NGC2516
07582713-6112487 4702 66 4.49 0.18 0.08 0.05 1.58 0.11 0.24 NGC2516
07583311-6110041 3831 110 4.84 0.23 -0.13 0.09 0.25 0.29 0.24 NGC2516
07591012-6112330 4354 76 4.90 0.18 0.05 0.10 0.03 0.00 0.24 NGC2516
07562978-6100000 3873 75 4.88 0.18 -0.08 0.10 -0.10 0.00 0.24 NGC2516
07563141-6059331 3847 108 4.84 0.23 -0.05 0.09 0.31 0.24 0.24 NGC2516
07563905-6103466 3957 79 4.73 0.18 -0.03 0.09 0.47 0.16 0.24 NGC2516
07564760-6104373 4682 66 4.76 0.18 0.04 0.05 0.43 0.18 0.24 NGC2516
07565520-6058118 4026 74 4.79 0.18 0.01 0.10 0.50 0.15 0.24 NGC2516
07565986-6106322 3964 76 4.66 0.18 -0.09 0.09 0.37 0.17 0.24 NGC2516
07570068-6057296 4749 65 4.62 0.18 0.00 0.05 1.15 0.10 0.24 NGC2516
07570701-6102081 4020 107 4.85 0.24 -0.11 0.09 -0.50 0.00 0.24 NGC2516
07570882-6108507 4668 63 4.67 0.17 0.01 0.06 0.80 0.12 0.24 NGC2516
07570886-6106462 4760 64 4.53 0.17 0.01 0.05 1.45 0.09 0.24 NGC2516
07570960-6056067 3850 106 4.82 0.24 -0.10 0.09 0.21 0.31 0.24 NGC2516
07571035-6101134 4200 107 4.75 0.24 -0.01 0.09 1.63 0.16 0.24 NGC2516
07571639-6107463 4289 76 4.92 0.19 0.04 0.09 0.40 0.15 0.24 NGC2516
07572080-6055434 3996 76 4.69 0.18 0.05 0.10 0.70 0.00 0.24 NGC2516
07572240-6107074 4393 75 4.63 0.18 0.05 0.09 0.18 0.20 0.24 NGC2516
07572560-6056510 4702 66 3.03 0.17 0.00 0.06 0.82 0.00 0.24 NGC2516
07572674-6055495 4338 78 4.84 0.18 0.04 0.09 0.40 0.16 0.24 NGC2516
07575159-6106547 4033 107 4.85 0.24 0.02 0.09 0.79 0.15 0.24 NGC2516
07575188-6104220 4148 77 4.82 0.18 -0.01 0.09 0.27 0.20 0.24 NGC2516
07580010-6058317 4842 66 3.04 0.17 0.20 0.06 0.52 0.21 0.24 NGC2516
07580085-6103127 4287 74 4.78 0.18 0.05 0.09 -0.13 0.00 0.24 NGC2516
07580151-6056424 4410 64 1.65 0.17 -0.83 0.05 -0.01 0.21 0.24 NGC2516
07580948-6059412 4577 64 4.82 0.18 0.09 0.05 1.22 0.09 0.24 NGC2516
07583121-6105232 3958 75 4.73 0.18 0.02 0.10 0.59 0.14 0.24 NGC2516
07583205-6058268 4372 76 4.72 0.18 0.03 0.10 0.19 0.19 0.24 NGC2516
07583259-6059459 4166 79 4.94 0.18 0.06 0.10 0.34 0.19 0.24 NGC2516
07583267-6055428 3190 98 4.94 0.23 -0.40 0.09 -1.00 0.00 0.24 NGC2516
07584014-6107216 4045 74 4.80 0.18 0.04 0.09 2.00 0.08 0.24 NGC2516
07584125-6058096 4596 64 2.37 0.17 -0.27 0.06 0.20 0.22 0.24 NGC2516
07584489-6102357 3986 111 4.85 0.23 -0.05 0.09 0.25 0.29 0.24 NGC2516
07584895-6104049 4695 64 2.40 0.17 -0.29 0.05 -0.12 0.60 0.24 NGC2516
07585364-6056325 3187 96 4.93 0.23 -0.38 0.09 -1.00 0.00 0.24 NGC2516
07585551-6055595 4009 76 4.71 0.18 0.04 0.09 0.15 0.20 0.24 NGC2516
07585820-6056328 4177 76 4.88 0.18 0.04 0.09 0.56 0.15 0.24 NGC2516
07590306-6106245 3859 106 4.85 0.24 -0.10 0.09 0.13 0.36 0.24 NGC2516
07590452-6101141 4682 65 2.32 0.17 -0.20 0.05 0.00 0.33 0.24 NGC2516
07590678-6103172 4385 63 1.96 0.17 -0.47 0.06 0.09 0.00 0.24 NGC2516
07591034-6102557 4082 77 4.93 0.18 -0.03 0.09 -0.57 0.62 0.24 NGC2516
07592324-6106169 5002 64 3.59 0.17 -0.06 0.05 1.24 0.10 0.24 NGC2516
07590020-6109585 5597 35 4.26 0.05 -0.56 0.05 0.95 0.00 0.24 NGC2516
07541976-6049150 5339 65 4.55 0.17 0.11 0.06 1.26 0.18 0.24 NGC2516
07545020-6050407 6046 65 4.29 0.18 -0.06 0.06 3.12 0.06 0.24 NGC2516
07545737-6038255 5100 65 3.39 0.17 -0.31 0.05 0.45 0.44 0.24 NGC2516
07550440-6048392 4820 75 4.66 0.18 -0.08 0.09 2.26 0.11 0.24 NGC2516
07550826-6039579 4907 65 3.05 0.17 -0.12 0.05 0.68 0.18 0.24 NGC2516
07551241-6048525 5238 65 4.55 0.18 -0.05 0.06 2.42 0.08 0.24 NGC2516
07551498-6048191 6789 67 4.19 0.17 -0.12 0.06 2.80 0.05 0.24 NGC2516
07552202-6050063 5710 64 4.26 0.17 -0.09 0.05 2.84 0.06 0.24 NGC2516
07552448-6039006 4867 66 3.21 0.18 -0.20 0.05 0.86 0.00 0.24 NGC2516
07552681-6044348 4883 66 4.72 0.18 0.02 0.06 2.04 0.09 0.24 NGC2516
07553834-6037305 5800 64 4.41 0.17 0.30 0.06 1.87 0.07 0.24 NGC2516
07554378-6037522 6120 65 4.25 0.17 -0.12 0.05 2.96 0.06 0.24 NGC2516
07554498-6039236 5031 67 3.95 0.17 -0.61 0.05 0.95 0.14 0.24 NGC2516
07555570-6041396 5906 65 4.39 0.18 -0.02 0.05 2.96 0.06 0.24 NGC2516
07555838-6053052 4991 64 4.60 0.17 -0.04 0.06 2.11 0.08 0.24 NGC2516
07560181-6045067 4659 65 2.63 0.17 0.01 0.06 -0.09 0.62 0.24 NGC2516
07562272-6051423 6727 64 4.21 0.17 0.06 0.06 3.41 0.05 0.24 NGC2516
07562434-6053561 4930 64 2.80 0.17 -0.20 0.06 0.75 0.25 0.24 NGC2516
07580035-6052122 4200 77 4.75 0.18 0.06 0.09 0.62 0.13 0.24 NGC2516
07580409-6038274 3342 107 4.86 0.24 -0.38 0.09 -0.13 0.21 0.24 NGC2516
07580458-6040298 4691 66 4.83 0.17 0.13 0.05 1.27 0.10 0.24 NGC2516
07580745-6044334 4411 75 4.75 0.18 0.01 0.10 0.29 0.19 0.24 NGC2516
07581251-6038058 4058 75 4.87 0.18 0.00 0.10 0.72 0.12 0.24 NGC2516
07581385-6049512 4037 76 4.77 0.18 -0.04 0.09 -0.64 0.56 0.24 NGC2516
07581719-6044368 3303 104 4.87 0.23 -0.30 0.09 -1.00 0.00 0.24 NGC2516
07581994-6043402 4644 65 4.71 0.18 0.09 0.05 0.62 0.12 0.24 NGC2516
07582195-6042333 3187 95 4.91 0.23 -0.33 0.09 -1.00 0.00 0.24 NGC2516
07583277-6048525 3972 76 4.80 0.18 -0.02 0.10 0.64 0.13 0.24 NGC2516
07583662-6048063 3486 110 4.85 0.24 -0.27 0.09 -1.00 0.00 0.24 NGC2516
07583705-6046284 4690 65 4.63 0.17 0.04 0.05 1.82 0.09 0.24 NGC2516
07583730-6035381 4649 64 4.75 0.18 0.06 0.05 0.62 0.11 0.24 NGC2516
07583898-6048233 4054 76 4.69 0.18 -0.01 0.09 0.30 0.17 0.24 NGC2516
07584149-6050549 3882 108 4.87 0.23 -0.05 0.09 0.41 0.22 0.24 NGC2516
07584283-6039338 3963 78 4.81 0.18 -0.03 0.09 -1.00 0.00 0.24 NGC2516
07584415-6045374 3832 108 4.84 0.24 -0.11 0.09 0.41 0.21 0.24 NGC2516
07584632-6051457 4776 64 2.37 0.18 -0.34 0.06 0.48 0.25 0.24 NGC2516
07584886-6047466 3301 103 4.86 0.23 -0.27 0.09 -0.21 0.28 0.24 NGC2516
07585309-6037057 3830 106 4.84 0.23 -0.13 0.09 -0.16 0.54 0.24 NGC2516
07585360-6054242 4085 109 4.85 0.23 -0.06 0.09 0.78 0.12 0.24 NGC2516
07585638-6047229 4094 78 4.89 0.18 0.06 0.09 0.77 0.10 0.24 NGC2516
07585658-6052160 4033 106 4.88 0.23 -0.03 0.09 0.59 0.16 0.24 NGC2516
07585760-6040586 3672 107 4.87 0.23 -0.27 0.09 0.61 0.22 0.24 NGC2516
07590019-6040380 4250 76 4.90 0.18 0.05 0.10 0.28 0.18 0.24 NGC2516
07590124-6044561 3923 76 4.87 0.18 -0.06 0.09 0.33 0.18 0.24 NGC2516
07590471-6037086 4656 65 4.76 0.17 0.09 0.06 1.10 0.10 0.24 NGC2516
07590677-6051533 4482 67 4.73 0.18 0.11 0.05 1.19 0.09 0.24 NGC2516
07590959-6050515 3993 76 4.67 0.18 0.05 0.09 0.23 0.17 0.24 NGC2516
07591559-6041200 4140 76 4.75 0.17 0.05 0.10 0.42 0.17 0.24 NGC2516
07591796-6045189 3833 109 4.85 0.24 -0.22 0.09 1.69 0.16 0.24 NGC2516
07592249-6037124 3991 105 4.85 0.24 -0.05 0.09 1.19 0.11 0.24 NGC2516
07592900-6039417 4045 79 4.73 0.17 0.05 0.10 0.99 0.12 0.24 NGC2516
07592938-6040026 3443 108 4.86 0.23 -0.30 0.09 -1.00 0.00 0.24 NGC2516
07593236-6045025 4534 65 4.74 0.17 0.04 0.05 0.69 0.10 0.24 NGC2516
07594214-6046000 4892 69 4.73 0.21 0.04 0.06 0.97 0.14 0.24 NGC2516
07594689-6037266 4803 67 3.10 0.17 -0.17 0.05 0.18 0.47 0.24 NGC2516
07595998-6036307 4918 65 2.88 0.17 -0.39 0.06 0.80 0.00 0.24 NGC2516
08000793-6043234 4102 77 4.58 0.18 0.03 0.10 0.24 0.00 0.24 NGC2516
08000867-6051320 4068 74 4.71 0.18 -0.01 0.09 0.53 0.13 0.24 NGC2516
08001200-6042537 4656 65 2.27 0.17 -0.51 0.06 0.42 0.00 0.24 NGC2516
08001303-6041460 4441 75 4.73 0.17 0.05 0.09 0.52 0.15 0.24 NGC2516
08001647-6046151 4304 73 4.64 0.18 0.05 0.09 0.83 0.11 0.24 NGC2516
08001818-6048173 3392 111 4.86 0.23 -0.30 0.09 -0.54 0.49 0.24 NGC2516
08001893-6036146 4624 68 4.57 0.18 0.01 0.05 1.67 0.10 0.24 NGC2516
08001959-6045204 4000 77 4.65 0.18 0.08 0.09 0.45 0.00 0.24 NGC2516
08002682-6042452 4045 76 4.75 0.18 0.00 0.10 0.04 0.33 0.24 NGC2516
08002735-6042581 4148 78 4.63 0.18 0.07 0.09 0.33 0.19 0.24 NGC2516
08002967-6042288 3902 77 4.90 0.18 -0.10 0.09 0.38 0.18 0.24 NGC2516
08005131-6046322 4037 74 4.70 0.19 -0.02 0.10 0.28 0.17 0.24 NGC2516
08005722-6048575 3943 76 4.71 0.18 0.05 0.09 0.02 0.32 0.24 NGC2516
07584349-6051425 5514 35 3.94 0.05 -0.25 0.05 1.16 0.00 0.24 NGC2516
07592548-6040508 6102 37 4.17 0.05 0.09 0.05 2.41 0.03 0.24 NGC2516
07560125-6057268 6014 63 4.34 0.17 -0.09 0.05 3.09 0.06 0.24 NGC2516
07561340-6059071 5107 66 4.57 0.18 0.01 0.06 2.03 0.08 0.24 NGC2516
07561895-6056535 6310 66 4.18 0.18 -0.02 0.06 3.11 0.05 0.24 NGC2516
07562200-6056340 5619 64 4.30 0.18 -0.15 0.05 2.87 0.07 0.24 NGC2516
07563357-6100558 4749 65 4.41 0.18 -0.10 0.05 1.81 0.09 0.24 NGC2516
07564410-6103120 6228 66 4.13 0.18 -0.04 0.05 2.41 0.06 0.24 NGC2516
07564935-6059527 6369 64 4.08 0.17 -0.20 0.05 1.83 0.13 0.24 NGC2516
07565111-6111276 4603 65 2.71 0.18 0.26 0.05 0.96 0.00 0.24 NGC2516
07570153-6106129 5126 65 3.97 0.17 -0.05 0.06 1.14 0.16 0.24 NGC2516
07570160-6103085 5892 67 4.28 0.18 0.02 0.05 2.90 0.06 0.24 NGC2516
07570240-6102049 6695 64 4.26 0.18 -0.04 0.05 2.67 0.06 0.24 NGC2516
07570537-6059115 5043 67 3.53 0.17 -0.04 0.05 0.87 0.21 0.24 NGC2516
07572011-6107141 6025 66 4.36 0.18 0.04 0.06 2.78 0.06 0.24 NGC2516
07572366-6106164 5060 63 4.60 0.17 -0.01 0.05 0.95 0.14 0.24 NGC2516
07573119-6112220 5025 65 3.56 0.17 -0.03 0.06 1.26 0.11 0.24 NGC2516
07573915-6102095 6103 64 4.28 0.18 0.01 0.05 2.76 0.05 0.24 NGC2516
07574552-6100231 5023 65 4.60 0.18 0.03 0.05 2.11 0.08 0.24 NGC2516
07575611-6054591 5115 63 4.51 0.17 0.01 0.06 2.60 0.08 0.24 NGC2516
07575767-6053390 5069 78 4.63 0.18 -0.02 0.10 2.90 0.11 0.24 NGC2516
07575863-6103390 4875 65 4.52 0.17 0.04 0.05 1.95 0.09 0.24 NGC2516
07575932-6056535 6027 65 4.36 0.17 -0.02 0.05 2.92 0.05 0.24 NGC2516
07580219-6111283 4820 64 4.64 0.18 0.02 0.05 0.78 0.12 0.24 NGC2516
07580295-6057256 4896 64 2.83 0.18 -0.06 0.06 0.82 0.00 0.24 NGC2516
07581274-6101519 5238 67 4.63 0.17 -0.06 0.06 2.22 0.08 0.24 NGC2516
07581383-6059348 4984 64 2.92 0.18 -0.22 0.05 0.91 0.00 0.24 NGC2516
07581395-6110387 5746 64 4.21 0.17 0.02 0.05 1.88 0.09 0.24 NGC2516
07581415-6106009 4821 63 4.68 0.18 0.03 0.06 0.33 0.28 0.24 NGC2516
07582084-6111460 5864 63 4.24 0.17 -0.06 0.05 3.08 0.06 0.24 NGC2516
07582161-6058503 4599 64 4.65 0.17 0.03 0.06 1.46 0.09 0.24 NGC2516
07582377-6103445 5911 66 4.30 0.18 -0.05 0.06 2.98 0.06 0.24 NGC2516
07583693-6104343 5745 63 4.46 0.18 -0.09 0.05 2.83 0.06 0.24 NGC2516
07542375-6028270 5002 66 3.42 0.18 -0.18 0.06 0.41 0.75 0.24 NGC2516
07542511-6029238 4923 63 2.86 0.17 -0.31 0.06 1.24 0.10 0.24 NGC2516
07543176-6033518 5754 65 4.35 0.17 0.32 0.06 2.60 0.07 0.24 NGC2516
07545314-6019437 4764 64 2.33 0.17 -0.38 0.06 0.02 0.58 0.24 NGC2516
07550858-6020088 4911 66 2.87 0.17 0.09 0.05 0.38 0.41 0.24 NGC2516
07551178-6026259 4740 75 4.28 0.18 -0.05 0.09 2.57 0.12 0.24 NGC2516
07551226-6034167 5191 66 4.00 0.17 -0.45 0.05 1.01 0.16 0.24 NGC2516
07552562-6033260 5111 66 3.66 0.18 -0.36 0.05 0.40 0.85 0.24 NGC2516
07555541-6027338 4981 65 2.92 0.18 -0.25 0.05 0.91 0.00 0.24 NGC2516
07555673-6039322 5694 65 4.27 0.17 0.11 0.05 0.84 1.09 0.24 NGC2516
07560100-6037242 5125 65 4.56 0.17 0.01 0.05 1.90 0.08 0.24 NGC2516
07560191-6024375 4950 65 3.10 0.17 -0.16 0.06 0.90 0.00 0.24 NGC2516
07560226-6038459 5534 64 4.46 0.17 0.06 0.05 2.77 0.07 0.24 NGC2516
07560266-6028101 4820 65 2.90 0.17 -0.29 0.05 -0.06 0.63 0.24 NGC2516
07560365-6020523 5926 63 4.12 0.18 0.00 0.06 2.45 0.06 0.24 NGC2516
07563195-6028054 6335 67 4.17 0.17 -0.07 0.05 3.08 0.05 0.24 NGC2516
07563458-6020521 5486 66 4.16 0.17 -0.35 0.06 1.18 0.00 0.24 NGC2516
07564302-6027026 6077 64 4.08 0.17 0.09 0.05 1.72 0.00 0.24 NGC2516
08011376-6044389 4022 76 4.78 0.18 0.02 0.09 0.15 0.25 0.24 NGC2516
08012289-6053056 4220 75 4.80 0.18 0.05 0.09 0.60 0.13 0.24 NGC2516
08012327-6046145 4208 108 4.87 0.23 0.02 0.09 1.11 0.12 0.24 NGC2516
08012759-6041408 4287 74 4.85 0.18 0.05 0.10 0.32 0.16 0.24 NGC2516
08013392-6051381 4472 76 4.71 0.17 0.04 0.09 0.83 0.11 0.24 NGC2516
08013470-6043525 3834 108 4.85 0.23 -0.33 0.09 0.35 0.24 0.24 NGC2516
08013638-6045277 4080 106 4.86 0.23 0.02 0.09 1.38 0.11 0.24 NGC2516
08014018-6047068 4599 65 4.71 0.17 0.04 0.05 0.71 0.10 0.24 NGC2516
08015578-6044369 4107 77 4.76 0.18 0.03 0.09 -0.05 0.37 0.24 NGC2516
08015580-6042558 4021 75 4.66 0.19 0.00 0.09 0.87 0.12 0.24 NGC2516
08015838-6042508 4120 75 4.74 0.18 -0.01 0.09 1.22 0.09 0.24 NGC2516
08020996-6042421 4000 74 4.81 0.17 -0.03 0.09 0.72 0.12 0.24 NGC2516
08021221-6055262 4220 76 4.76 0.18 0.04 0.09 -0.16 0.38 0.24 NGC2516
08021438-6057429 3190 97 4.88 0.24 -0.38 0.09 -0.87 0.35 0.24 NGC2516
08021875-6045186 3940 77 4.83 0.18 -0.04 0.10 0.29 0.19 0.24 NGC2516
08022195-6042432 4244 77 4.95 0.19 0.02 0.10 0.27 0.21 0.24 NGC2516
08022910-6044507 3442 109 4.86 0.23 -0.27 0.09 -1.00 0.39 0.24 NGC2516
08023471-6046046 3186 96 4.93 0.24 -0.38 0.09 -1.00 0.00 0.24 NGC2516
08023533-6040197 4008 78 4.82 0.19 -0.04 0.09 0.22 0.22 0.24 NGC2516
08024838-6047096 3622 104 4.84 0.24 -0.27 0.09 1.15 0.23 0.24 NGC2516
08024877-6052010 3441 111 4.84 0.24 -0.27 0.09 -1.00 0.00 0.24 NGC2516
08025517-6039245 4088 76 4.73 0.18 0.04 0.09 0.63 0.14 0.24 NGC2516
08031783-6049582 4041 78 4.80 0.18 0.01 0.09 0.58 0.14 0.24 NGC2516
07553709-6022374 4570 65 2.36 0.17 -0.24 0.06 0.45 0.23 0.24 NGC2516
07560814-6037597 5152 64 4.62 0.18 -0.12 0.06 2.48 0.09 0.24 NGC2516
07563407-6039060 5885 64 4.43 0.18 -0.07 0.05 2.97 0.06 0.24 NGC2516
07565000-6039458 5164 66 4.24 0.18 0.01 0.05 2.23 0.09 0.24 NGC2516
07565600-6019424 5132 65 4.21 0.17 0.05 0.06 2.35 0.08 0.24 NGC2516
07565746-6017559 6198 65 4.34 0.18 0.01 0.05 3.15 0.06 0.24 NGC2516
07570309-6032524 5983 63 4.30 0.17 -0.07 0.05 3.18 0.06 0.24 NGC2516
07570982-6024219 4965 65 4.70 0.17 -0.12 0.05 0.83 0.17 0.24 NGC2516
07571050-6039362 5253 64 4.58 0.17 -0.21 0.05 2.36 0.07 0.24 NGC2516
07571215-6033090 4981 74 4.43 0.19 -0.07 0.10 2.69 0.11 0.24 NGC2516
07573430-6023282 4502 76 4.62 0.18 0.00 0.09 1.74 0.10 0.24 NGC2516
07573908-6026036 4805 65 4.48 0.17 -0.10 0.05 0.52 0.23 0.24 NGC2516
07574677-6030471 5141 66 4.59 0.17 -0.11 0.05 0.47 0.90 0.24 NGC2516
07574834-6031307 6375 64 4.16 0.17 -0.10 0.05 3.09 0.05 0.24 NGC2516
07580117-6031234 5030 64 4.56 0.18 0.07 0.06 2.48 0.08 0.24 NGC2516
07580470-6035037 5897 66 4.35 0.17 -0.07 0.06 3.06 0.06 0.24 NGC2516
07581100-6025028 6356 65 4.19 0.17 -0.12 0.05 2.82 0.06 0.24 NGC2516
07590793-6111287 4993 65 2.89 0.18 -0.16 0.05 0.55 0.40 0.24 NGC2516
07593261-6104529 4036 76 4.08 0.18 0.02 0.10 1.29 0.00 0.24 NGC2516
07593812-6112078 4724 64 2.66 0.17 -0.10 0.05 0.82 0.00 0.24 NGC2516
07593818-6108146 4781 65 2.46 0.18 -0.29 0.06 0.72 0.00 0.24 NGC2516
07595144-6108016 3439 109 4.86 0.24 -0.27 0.09 -1.00 0.00 0.24 NGC2516
07595247-6102008 4116 75 4.88 0.18 -0.05 0.10 0.02 0.29 0.24 NGC2516
07595574-6115296 3318 106 4.90 0.23 -0.27 0.09 1.05 0.18 0.24 NGC2516
07595583-6102499 4003 76 4.78 0.18 -0.05 0.09 0.47 0.15 0.24 NGC2516
07595715-6108520 4420 76 4.74 0.18 -0.10 0.09 0.05 0.00 0.24 NGC2516
07595914-6104543 3922 108 4.84 0.24 -0.08 0.09 0.44 0.24 0.24 NGC2516
08001140-6101333 4357 78 4.77 0.18 0.06 0.10 -0.27 0.51 0.24 NGC2516
08002198-6103443 4621 63 4.88 0.17 0.12 0.05 1.21 0.09 0.24 NGC2516
08002579-6054212 3944 74 4.82 0.18 0.04 0.09 0.79 0.13 0.24 NGC2516
08003236-6113141 3982 75 4.71 0.19 -0.03 0.10 0.20 0.20 0.24 NGC2516
08003560-6101214 4548 76 4.50 0.18 0.01 0.10 2.17 0.11 0.24 NGC2516
08003704-6103078 3830 112 4.84 0.23 -0.13 0.09 0.49 0.20 0.24 NGC2516
08004306-6106116 4621 79 4.64 0.18 -0.05 0.09 1.63 0.11 0.24 NGC2516
08004451-6058165 4108 74 4.64 0.18 0.00 0.09 0.71 0.12 0.24 NGC2516
08005057-6059216 3908 105 4.86 0.24 -0.05 0.08 0.00 0.32 0.24 NGC2516
08005092-6055548 4323 75 4.66 0.18 0.04 0.09 -0.71 0.53 0.24 NGC2516
08005481-6104556 4592 64 4.78 0.17 0.14 0.05 0.46 0.00 0.24 NGC2516
08012365-6104597 4396 77 4.71 0.19 0.03 0.09 0.35 0.16 0.24 NGC2516
08013257-6101156 3620 107 4.85 0.23 -0.22 0.09 0.05 0.36 0.24 NGC2516
08013524-6113067 4213 77 4.79 0.18 0.02 0.09 0.45 0.17 0.24 NGC2516
08013837-6101289 4035 73 4.72 0.18 0.03 0.09 -0.20 0.34 0.24 NGC2516
08014281-6112552 3623 107 4.85 0.24 -0.22 0.09 0.37 0.24 0.24 NGC2516
08001019-6107367 4848 31 2.74 0.05 -0.23 0.05 -0.55 0.00 0.24 NGC2516
08003117-6108595 5444 31 4.48 0.05 0.12 0.05 0.86 0.00 0.24 NGC2516
08013658-6059021 5765 33 4.41 0.05 -0.05 0.05 2.80 0.03 0.24 NGC2516
08014071-6106068 5683 37 4.37 0.05 0.14 0.05 0.49 0.00 0.24 NGC2516
07581683-6054526 5398 64 4.37 0.17 -0.03 0.05 2.54 0.07 0.24 NGC2516
07581813-6059052 5845 64 4.25 0.18 -0.39 0.05 1.93 0.08 0.24 NGC2516
07582339-6054567 4781 76 4.52 0.18 -0.09 0.10 2.42 0.11 0.24 NGC2516
07584299-6101051 4906 63 2.93 0.18 -0.65 0.05 0.85 0.16 0.24 NGC2516
07584326-6055257 5142 66 4.49 0.17 -0.20 0.06 2.76 0.09 0.24 NGC2516
07584416-6056011 5123 65 4.48 0.18 -0.01 0.05 2.16 0.08 0.24 NGC2516
07584646-6105588 6725 66 4.29 0.17 -0.03 0.05 3.02 0.05 0.24 NGC2516
07584804-6054144 5111 74 4.38 0.18 -0.09 0.09 2.76 0.10 0.24 NGC2516
07584833-6106149 6296 66 4.14 0.17 -0.06 0.06 3.08 0.05 0.24 NGC2516
07584866-6055248 6718 65 4.17 0.17 -0.17 0.05 2.94 0.05 0.24 NGC2516
07585063-6106507 5732 64 4.39 0.18 -0.12 0.05 2.93 0.06 0.24 NGC2516
07590075-6055489 5723 66 4.25 0.17 -0.39 0.06 2.17 0.07 0.24 NGC2516
07591373-6054292 6060 65 4.20 0.18 -0.16 0.05 2.61 0.05 0.24 NGC2516
07591899-6059283 5928 63 4.44 0.17 0.20 0.05 2.61 0.06 0.24 NGC2516
07592442-6112110 6267 66 4.24 0.18 0.12 0.05 1.57 0.35 0.24 NGC2516
07592893-6104406 5130 65 4.64 0.18 0.10 0.06 0.44 0.70 0.24 NGC2516
07593231-6058460 4649 77 4.47 0.18 -0.01 0.09 2.02 0.11 0.24 NGC2516
07593662-6111475 5649 63 4.39 0.18 0.27 0.05 1.62 0.00 0.24 NGC2516
07594747-6054153 5530 66 4.38 0.18 -0.10 0.05 2.73 0.07 0.24 NGC2516
07594768-6101212 5039 63 3.63 0.17 -0.20 0.05 0.99 0.00 0.24 NGC2516
07594824-6105200 5714 66 4.50 0.17 -0.01 0.05 2.81 0.07 0.24 NGC2516
08000049-6052559 4704 66 4.65 0.18 0.01 0.05 1.51 0.10 0.24 NGC2516
08000128-6102224 5183 66 4.52 0.18 -0.26 0.05 1.27 0.14 0.24 NGC2516
08001727-6051271 5395 66 4.47 0.17 0.18 0.06 1.29 0.00 0.24 NGC2516
08002884-6100483 5957 63 4.33 0.17 -0.05 0.05 3.07 0.06 0.24 NGC2516
08002907-6055428 4732 65 4.75 0.17 0.10 0.06 1.33 0.10 0.24 NGC2516
08003647-6105272 5080 66 3.39 0.18 -0.43 0.05 0.87 0.22 0.24 NGC2516
07562550-6045198 5080 67 2.89 0.17 -0.19 0.05 1.14 0.00 0.24 NGC2516
07563083-6042100 4625 66 4.63 0.17 -0.09 0.05 -0.17 0.58 0.24 NGC2516
07564984-6041278 4465 65 4.69 0.17 0.09 0.05 0.15 0.00 0.24 NGC2516
07565270-6047409 4781 66 2.47 0.17 -0.26 0.05 0.62 0.00 0.24 NGC2516
07570418-6052438 4936 66 3.62 0.18 -0.44 0.05 1.00 0.17 0.24 NGC2516
07570938-6048027 6295 65 4.15 0.18 -0.04 0.05 3.11 0.05 0.24 NGC2516
07570998-6044103 5763 66 4.36 0.18 -0.13 0.06 2.98 0.06 0.24 NGC2516
07571084-6050501 6089 65 4.28 0.17 -0.04 0.05 3.18 0.06 0.24 NGC2516
07571111-6048156 5084 64 4.54 0.17 0.00 0.06 2.29 0.08 0.24 NGC2516
07571418-6040524 5886 63 4.29 0.18 -0.06 0.05 3.11 0.06 0.24 NGC2516
07571474-6041418 5047 64 4.61 0.17 0.10 0.06 2.11 0.08 0.24 NGC2516
07571627-6047136 6694 66 4.22 0.17 -0.04 0.05 2.95 0.05 0.24 NGC2516
07572083-6044035 4668 75 4.56 0.18 -0.01 0.10 2.09 0.11 0.24 NGC2516
07572491-6043135 4968 64 2.93 0.17 -0.14 0.05 0.58 0.26 0.24 NGC2516
07572522-6046473 5996 65 4.38 0.17 -0.03 0.05 3.02 0.06 0.24 NGC2516
07572645-6049131 5876 65 4.15 0.17 -0.37 0.05 2.29 0.06 0.24 NGC2516
07572844-6051295 5774 65 4.48 0.18 -0.02 0.05 3.02 0.06 0.24 NGC2516
07572938-6050104 5612 65 4.41 0.18 -0.10 0.05 2.20 0.07 0.24 NGC2516
07573153-6042108 5222 64 4.22 0.17 0.07 0.05 2.63 0.08 0.24 NGC2516
07573664-6042168 5719 65 4.49 0.17 0.24 0.06 1.64 0.00 0.24 NGC2516
07574272-6044207 6102 67 4.26 0.18 -0.01 0.06 3.04 0.05 0.24 NGC2516
07575479-6051450 4987 64 2.97 0.18 -0.27 0.05 0.91 0.00 0.24 NGC2516
07575542-6048272 5866 67 4.35 0.17 -0.06 0.05 2.93 0.06 0.24 NGC2516
07580044-6041196 4647 64 4.69 0.17 -0.04 0.05 1.09 0.10 0.24 NGC2516
07580515-6046119 5022 64 4.43 0.17 -0.09 0.05 1.66 0.08 0.24 NGC2516
07580525-6047403 6696 65 4.22 0.17 0.00 0.05 2.95 0.05 0.24 NGC2516
07580532-6045034 6112 67 4.31 0.18 -0.03 0.06 3.16 0.06 0.24 NGC2516
07580887-6044403 6306 64 4.26 0.18 -0.08 0.05 2.96 0.05 0.24 NGC2516
07581123-6049599 5370 63 4.51 0.17 -0.16 0.05 2.76 0.07 0.24 NGC2516
07581287-6038365 6674 65 4.17 0.18 0.00 0.05 3.08 0.05 0.24 NGC2516
07581986-6041581 6217 64 4.15 0.17 -0.05 0.06 2.89 0.06 0.24 NGC2516
07582031-6041397 6072 64 4.22 0.18 -0.03 0.05 3.21 0.05 0.24 NGC2516
07582294-6040204 4765 77 4.70 0.18 -0.09 0.09 2.48 0.12 0.24 NGC2516
07582350-6046497 4944 64 4.62 0.17 0.04 0.05 2.02 0.09 0.24 NGC2516
07582363-6037220 6256 64 4.26 0.17 0.00 0.06 2.87 0.05 0.24 NGC2516
07583073-6046010 4944 64 4.55 0.18 0.00 0.05 2.09 0.08 0.24 NGC2516
07583154-6036588 5385 67 3.92 0.17 -0.09 0.05 0.74 0.23 0.24 NGC2516
07583340-6044273 5863 66 4.39 0.17 -0.02 0.06 2.97 0.06 0.24 NGC2516
07583572-6046525 5712 63 4.40 0.18 -0.10 0.05 3.00 0.06 0.24 NGC2516
07583587-6040407 4775 66 4.58 0.18 -0.08 0.05 0.57 0.00 0.24 NGC2516
07583905-6045217 5226 65 4.48 0.17 -0.04 0.06 2.32 0.08 0.24 NGC2516
07584005-6041429 6336 65 4.16 0.17 -0.03 0.05 3.14 0.05 0.24 NGC2516
07584375-6032568 5518 66 4.37 0.18 -0.17 0.05 2.72 0.07 0.24 NGC2516
07585720-6036127 4699 74 4.58 0.18 0.03 0.09 2.32 0.11 0.24 NGC2516
07585754-6043008 4708 76 4.52 0.18 -0.05 0.10 2.30 0.12 0.24 NGC2516
07590027-6046423 4863 66 3.01 0.17 -0.20 0.05 0.35 0.31 0.24 NGC2516
07590447-6033400 5794 66 4.40 0.18 0.03 0.05 1.55 0.27 0.24 NGC2516
07591146-6049056 4935 65 4.46 0.18 0.02 0.05 1.79 0.09 0.24 NGC2516
07591341-6040239 5697 65 4.50 0.17 -0.05 0.05 3.02 0.07 0.24 NGC2516
07591703-6040341 4865 65 3.43 0.18 -0.38 0.05 0.31 0.21 0.24 NGC2516
07592134-6046028 6292 64 4.14 0.17 -0.06 0.05 2.99 0.05 0.24 NGC2516
07592156-6046453 5112 65 4.57 0.17 -0.01 0.05 2.62 0.08 0.24 NGC2516
07592611-6048339 4887 64 4.69 0.17 0.07 0.05 1.78 0.09 0.24 NGC2516
07593402-6045184 5234 66 4.28 0.17 0.06 0.06 2.18 0.08 0.24 NGC2516
07594001-6042311 4792 64 4.48 0.17 -0.16 0.05 2.23 0.09 0.24 NGC2516
07583646-6050184 6269 67 4.24 0.17 0.03 0.05 3.06 0.05 0.24 NGC2516
07595015-6043342 4985 63 4.59 0.17 -0.03 0.05 1.99 0.08 0.24 NGC2516
07595031-6044149 5108 65 4.52 0.18 -0.05 0.05 1.92 0.08 0.24 NGC2516
07595262-6041159 6531 67 4.19 0.18 0.05 0.06 3.36 0.05 0.24 NGC2516
08000265-6036554 6092 65 4.30 0.18 0.04 0.05 2.29 0.06 0.24 NGC2516
08000304-6037243 6839 66 4.16 0.18 0.01 0.05 3.23 0.04 0.24 NGC2516
08000635-6042333 4940 65 3.05 0.18 -0.16 0.05 0.93 0.00 0.24 NGC2516
08001450-6045154 6214 65 4.29 0.17 -0.05 0.05 3.09 0.05 0.24 NGC2516
08003437-6042225 5978 65 4.28 0.17 -0.01 0.05 3.07 0.06 0.24 NGC2516
08003552-6048264 4843 63 4.63 0.17 0.00 0.05 1.90 0.08 0.24 NGC2516
08004769-6043368 5573 65 4.58 0.17 0.08 0.06 2.91 0.07 0.24 NGC2516
08004799-6051564 5385 65 4.35 0.18 0.03 0.05 2.39 0.07 0.24 NGC2516
08005189-6046598 5814 65 4.41 0.17 -0.05 0.05 3.05 0.06 0.24 NGC2516
08005558-6045409 4864 65 4.19 0.17 -0.18 0.05 2.55 0.09 0.24 NGC2516
08010217-6045027 6608 64 4.13 0.17 -0.02 0.05 3.03 0.05 0.24 NGC2516
08010495-6047348 4985 65 4.67 0.17 0.05 0.05 1.65 0.09 0.24 NGC2516
08011281-6053531 5893 66 4.44 0.18 0.01 0.05 3.03 0.06 0.24 NGC2516
08011533-6047395 4763 75 4.50 0.17 -0.13 0.10 2.94 0.13 0.24 NGC2516
07591704-6034133 5956 64 4.29 0.17 0.04 0.06 2.98 0.06 0.24 NGC2516
07592727-6026370 5013 65 3.40 0.17 -0.17 0.06 0.99 0.00 0.24 NGC2516
07593093-6025165 5143 68 4.57 0.17 -0.09 0.05 1.40 0.09 0.24 NGC2516
07593776-6019161 5000 65 3.13 0.17 -0.13 0.05 1.02 0.00 0.24 NGC2516
07595171-6022095 6322 66 4.20 0.17 -0.02 0.05 3.14 0.05 0.24 NGC2516
07595280-6032498 5093 63 4.49 0.18 -0.03 0.05 2.29 0.08 0.24 NGC2516
07595940-6031110 5710 65 4.05 0.18 -0.13 0.05 1.44 0.16 0.24 NGC2516
08000034-6023219 4957 73 4.54 0.18 -0.04 0.09 0.93 0.00 0.24 NGC2516
08000541-6022527 4596 65 4.66 0.17 0.00 0.05 0.81 0.10 0.24 NGC2516
08001626-6022431 5953 63 4.49 0.18 0.29 0.05 2.39 0.07 0.24 NGC2516
08001990-6024319 5343 66 3.97 0.17 0.09 0.05 0.64 0.34 0.24 NGC2516
08003110-6027487 6223 63 4.21 0.18 -0.02 0.05 2.89 0.05 0.24 NGC2516
08003318-6031235 6234 66 4.21 0.17 -0.04 0.05 2.95 0.06 0.24 NGC2516
08003775-6036331 4881 65 4.67 0.18 0.06 0.05 2.37 0.09 0.24 NGC2516
08005862-6020078 5253 64 4.43 0.18 0.10 0.05 1.00 0.20 0.24 NGC2516
08010448-6036003 5021 64 3.06 0.18 -0.42 0.05 0.67 0.28 0.24 NGC2516
08011107-6034256 6662 65 4.26 0.17 -0.03 0.05 2.97 0.06 0.24 NGC2516
08011398-6036125 5054 65 3.40 0.17 0.02 0.06 0.45 0.90 0.24 NGC2516
08011776-6023308 4722 64 2.54 0.17 -0.98 0.05 0.42 0.00 0.24 NGC2516
08012174-6025405 6026 65 4.25 0.17 -0.03 0.06 3.13 0.06 0.24 NGC2516
08012448-6035158 6323 66 4.14 0.18 -0.01 0.06 2.85 0.05 0.24 NGC2516
08014020-6023595 4746 65 2.80 0.17 0.10 0.05 1.05 0.00 0.24 NGC2516
07570312-6021415 4966 65 3.22 0.17 -0.29 0.05 0.86 0.16 0.24 NGC2516
07570970-6032134 3958 76 4.85 0.18 -0.04 0.10 -0.18 0.34 0.24 NGC2516
07571090-6033392 4895 64 2.70 0.17 -0.30 0.05 0.75 0.16 0.24 NGC2516
07571524-6030065 4434 65 2.22 0.17 -0.17 0.05 -0.15 0.34 0.24 NGC2516
07573812-6027181 3445 110 4.84 0.24 -0.27 0.09 -1.00 0.00 0.24 NGC2516
07573937-6028347 4372 77 4.59 0.18 0.05 0.09 0.33 0.18 0.24 NGC2516
07574613-6023315 3618 108 4.84 0.24 -0.22 0.09 -1.00 0.00 0.24 NGC2516
07575101-6024111 3999 76 4.61 0.18 0.00 0.09 -0.80 0.48 0.24 NGC2516
07575281-6030478 3961 76 4.80 0.18 -0.07 0.10 0.51 0.17 0.24 NGC2516
07575561-6029074 4656 63 2.67 0.18 -0.16 0.05 0.60 0.15 0.24 NGC2516
07575562-6036060 4284 77 4.70 0.18 0.05 0.09 0.57 0.12 0.24 NGC2516
07575861-6024107 4795 65 4.71 0.17 0.04 0.06 1.28 0.08 0.24 NGC2516
07580587-6031090 3821 105 4.81 0.24 -0.16 0.09 0.17 0.00 0.24 NGC2516
07581811-6020196 4711 64 4.81 0.17 0.05 0.05 0.85 0.12 0.24 NGC2516
07582181-6022093 4164 74 4.90 0.18 0.07 0.09 0.31 0.21 0.24 NGC2516
07582547-6026305 4282 77 4.93 0.18 0.03 0.09 0.04 0.26 0.24 NGC2516
07583938-6029593 4795 66 4.59 0.18 0.05 0.05 1.58 0.09 0.24 NGC2516
07584939-6028213 3953 77 4.81 0.18 -0.01 0.10 -0.29 0.64 0.24 NGC2516
07585108-6023472 3306 105 4.87 0.23 -0.32 0.09 -1.00 0.00 0.24 NGC2516
07585290-6031150 4651 65 2.45 0.18 -0.27 0.05 0.25 0.22 0.24 NGC2516
07585363-6028088 4629 74 4.66 0.18 0.01 0.09 1.63 0.11 0.24 NGC2516
07590857-6032596 3569 106 4.84 0.24 -0.13 0.09 -1.00 0.00 0.24 NGC2516
07590961-6025210 4512 77 4.61 0.18 -0.07 0.10 0.28 0.00 0.24 NGC2516
07591276-6026144 3928 77 4.74 0.18 -0.05 0.09 0.53 0.15 0.24 NGC2516
07580698-6027260 5152 35 3.69 0.05 -0.36 0.05 0.94 0.09 0.24 NGC2516
07583076-6025129 4967 32 3.36 0.05 0.04 0.04 -0.67 0.00 0.24 NGC2516
07592637-6019164 4610 65 2.33 0.17 -0.13 0.05 0.18 0.34 0.24 NGC2516
07592931-6025476 3781 77 4.85 0.18 -0.33 0.09 0.17 0.23 0.24 NGC2516
07594242-6024492 4431 76 4.89 0.18 -0.03 0.09 0.05 0.30 0.24 NGC2516
07594430-6032198 3387 108 4.86 0.24 -0.30 0.09 0.29 0.20 0.24 NGC2516
07595202-6029134 4075 108 4.82 0.24 0.00 0.09 1.54 0.12 0.24 NGC2516
07595837-6024173 4182 77 4.68 0.18 0.05 0.10 0.77 0.10 0.24 NGC2516
08001614-6030498 4502 65 2.37 0.18 0.22 0.05 -1.00 0.00 0.24 NGC2516
08001884-6025124 4636 65 4.67 0.17 0.05 0.05 0.98 0.10 0.24 NGC2516
08002083-6023163 3891 108 4.87 0.23 -0.11 0.09 0.22 0.32 0.24 NGC2516
08004556-6028586 4623 64 2.53 0.18 -0.23 0.05 -0.04 0.37 0.24 NGC2516
08005054-6020039 4443 73 4.84 0.18 -0.01 0.09 0.46 0.18 0.24 NGC2516
08005781-6033329 3920 75 4.73 0.18 -0.06 0.09 0.25 0.18 0.24 NGC2516
08010732-6020237 3876 100 4.82 0.26 -0.37 0.15 0.14 0.00 0.24 NGC2516
08011270-6023501 4995 63 4.22 0.17 0.22 0.05 0.44 0.46 0.24 NGC2516
08011274-6032061 3389 110 4.86 0.23 -0.35 0.09 -1.00 0.00 0.24 NGC2516
08011612-6020192 3899 97 4.50 0.26 0.14 0.15 -0.37 0.00 0.24 NGC2516
08011939-6030357 3888 75 4.79 0.18 -0.08 0.09 0.37 0.17 0.24 NGC2516
08013300-6027205 3922 106 4.85 0.24 -0.06 0.09 0.24 0.16 0.24 NGC2516
08013340-6034222 4338 75 4.91 0.18 0.06 0.10 0.90 0.10 0.24 NGC2516
08013707-6028527 3848 75 4.85 0.18 -0.10 0.09 0.25 0.21 0.24 NGC2516
08014320-6030039 3189 100 4.87 0.23 -0.38 0.08 -1.00 0.00 0.24 NGC2516
08002823-6021348 5529 33 4.32 0.05 -0.36 0.04 0.90 0.00 0.24 NGC2516
08012920-6027429 5246 35 3.70 0.05 -0.23 0.05 0.10 0.00 0.24 NGC2516
