OBJECT TEFF E_TEFF LOGG E_LOGG FEH E_FEH LI1 E_LI1 "AGE (Gyr)" GES_FLD
06292939-3115459 4963 21 2.39 0.03 -0.48 0.04 0.21 0.12 4.365 NGC2243
06294149-3114360 4805 22 2.59 0.03 -0.44 0.04 0.73 0.04 4.365 NGC2243
06294582-3115381 4955 22 2.39 0.04 -0.47 0.04 0.11 0.14 4.365 NGC2243
06294621-3116016 5192 35 2.97 0.06 -0.41 0.04 0.68 0.14 4.365 NGC2243
06291778-3120097 6621 56 4.10 0.16 -0.76 0.11 2.27 0.20 4.365 NGC2243
06292178-3118037 5983 65 3.91 0.18 -0.64 0.05 2.61 0.10 4.365 NGC2243
06292306-3122164 6224 66 4.21 0.17 -0.67 0.05 2.31 0.12 4.365 NGC2243
06292377-3124164 6307 66 4.19 0.15 -0.65 0.07 2.47 0.11 4.365 NGC2243
06292527-3113565 5560 66 4.25 0.17 -1.21 0.06 2.39 0.10 4.365 NGC2243
06292602-3115214 5071 66 4.05 0.17 -1.36 0.06 1.35 0.00 4.365 NGC2243
06292631-3117307 6226 85 4.31 0.21 -0.41 0.07 2.75 0.16 4.365 NGC2243
06292733-3114196 6037 64 4.46 0.14 -0.25 0.07 2.35 0.09 4.365 NGC2243
06292846-3120350 6415 66 4.32 0.15 -0.69 0.07 2.24 0.13 4.365 NGC2243
06292865-3116068 6416 66 4.08 0.14 -0.65 0.07 2.07 0.20 4.365 NGC2243
06292944-3121577 5896 65 3.68 0.15 -0.52 0.07 2.28 0.07 4.365 NGC2243
06292961-3115264 6328 66 4.15 0.17 -0.92 0.05 1.96 0.17 4.365 NGC2243
06293016-3115084 5264 66 3.45 0.17 -1.26 0.06 2.04 0.13 4.365 NGC2243
06293088-3126134 5679 65 4.15 0.17 -0.62 0.06 1.22 0.00 4.365 NGC2243
06293112-3116434 6118 66 4.08 0.17 -0.46 0.05 2.67 0.07 4.365 NGC2243
06293135-3120311 5604 64 4.36 0.17 -0.47 0.05 2.44 0.10 4.365 NGC2243
06293204-3120036 6061 65 4.04 0.17 -0.51 0.06 2.86 0.09 4.365 NGC2243
06293208-3117100 5674 64 3.71 0.17 -0.77 0.05 2.20 0.12 4.365 NGC2243
06293264-3116237 5278 82 3.46 0.22 -0.69 0.07 2.38 0.17 4.365 NGC2243
06293282-3121153 6156 66 4.19 0.17 -0.48 0.05 2.96 0.09 4.365 NGC2243
06293368-3122596 5259 66 4.51 0.14 0.12 0.07 0.67 0.26 4.365 NGC2243
06293380-3118158 5892 64 3.92 0.18 -0.73 0.06 2.47 0.11 4.365 NGC2243
06293413-3120542 5826 66 4.68 0.18 -0.39 0.06 2.65 0.09 4.365 NGC2243
06293425-3117276 6176 65 4.03 0.17 -0.45 0.06 2.74 0.08 4.365 NGC2243
06293456-3115507 5876 65 4.11 0.17 -0.64 0.06 2.68 0.10 4.365 NGC2243
06293481-3118335 6101 63 4.35 0.17 -0.59 0.05 3.01 0.08 4.365 NGC2243
06293623-3122540 5531 66 3.82 0.18 -0.43 0.06 1.72 0.00 4.365 NGC2243
06293630-3116579 6273 66 4.43 0.17 -0.64 0.06 2.46 0.11 4.365 NGC2243
06293641-3119453 6591 55 3.91 0.16 -0.68 0.11 2.13 0.00 4.365 NGC2243
06293642-3120032 6505 67 4.25 0.15 -0.51 0.07 2.16 0.18 4.365 NGC2243
06293652-3117157 5804 65 3.88 0.17 -0.42 0.06 2.57 0.16 4.365 NGC2243
06293710-3116332 5773 65 4.71 0.18 -0.50 0.06 2.43 0.12 4.365 NGC2243
06293711-3118415 6503 68 4.12 0.15 -0.62 0.07 1.93 0.00 4.365 NGC2243
06293739-3122078 5861 65 4.35 0.18 -0.53 0.05 2.25 0.11 4.365 NGC2243
06293771-3117486 6511 64 4.10 0.15 -0.61 0.07 2.55 0.12 4.365 NGC2243
06293793-3116491 5450 72 4.42 0.21 -0.48 0.05 1.53 0.00 4.365 NGC2243
06293802-3118489 6299 108 4.38 0.33 -0.54 0.10 2.82 0.13 4.365 NGC2243
06293807-3119083 5513 66 3.81 0.18 -0.43 0.05 1.98 0.19 4.365 NGC2243
06293897-3115061 6237 66 4.41 0.15 -0.68 0.07 2.23 0.14 4.365 NGC2243
06293901-3115545 5700 64 4.33 0.17 -0.56 0.06 2.18 0.00 4.365 NGC2243
06293907-3117588 6475 65 3.78 0.15 -0.77 0.07 2.63 0.06 4.365 NGC2243
06293915-3116229 6264 66 4.23 0.17 -0.75 0.05 2.44 0.10 4.365 NGC2243
06293968-3114599 4943 81 4.78 0.22 -0.86 0.08 1.24 0.00 4.365 NGC2243
06293971-3115444 6473 64 4.37 0.17 -0.53 0.05 2.01 0.00 4.365 NGC2243
06293985-3120369 6135 66 4.26 0.17 -0.97 0.05 2.69 0.09 4.365 NGC2243
06293986-3118064 6162 64 4.04 0.17 -0.77 0.06 2.64 0.10 4.365 NGC2243
06293991-3115557 5394 64 3.84 0.17 -0.79 0.06 2.01 0.14 4.365 NGC2243
06294018-3121310 6314 66 4.21 0.14 -0.65 0.07 2.01 0.00 4.365 NGC2243
06294027-3120547 6527 65 4.12 0.17 -0.71 0.05 2.21 0.00 4.365 NGC2243
06294034-3126041 6008 66 4.27 0.18 -0.50 0.05 2.76 0.12 4.365 NGC2243
06294055-3122075 6539 65 4.01 0.14 -0.56 0.07 2.47 0.11 4.365 NGC2243
06294056-3114331 5876 66 4.55 0.17 -0.72 0.05 2.49 0.09 4.365 NGC2243
06294102-3114126 5769 64 4.40 0.17 -0.53 0.06 2.60 0.11 4.365 NGC2243
06294144-3119298 6377 65 3.95 0.14 -0.63 0.07 2.23 0.15 4.365 NGC2243
06294146-3118062 4824 84 3.66 0.22 -0.89 0.07 1.21 0.21 4.365 NGC2243
06294151-3119072 6430 67 4.57 0.17 -0.91 0.06 2.45 0.13 4.365 NGC2243
06294188-3115475 5410 64 3.93 0.17 -0.43 0.05 1.29 0.11 4.365 NGC2243
06294244-3121457 5653 65 3.93 0.18 -0.48 0.05 2.08 0.00 4.365 NGC2243
06294298-3115222 5905 64 4.49 0.18 -0.61 0.06 2.80 0.09 4.365 NGC2243
06294348-3121501 6071 65 4.35 0.18 -0.27 0.05 2.55 0.10 4.365 NGC2243
06294348-3122289 5688 67 4.45 0.17 -0.59 0.06 2.28 0.16 4.365 NGC2243
06294417-3115254 5702 64 4.40 0.16 -0.65 0.05 2.55 0.10 4.365 NGC2243
06294525-3115105 5722 72 4.31 0.21 -0.59 0.05 2.62 0.10 4.365 NGC2243
06294532-3117189 5336 63 3.67 0.17 -0.85 0.06 1.27 0.00 4.365 NGC2243
06294559-3111549 5752 64 4.65 0.18 -0.53 0.05 2.20 0.17 4.365 NGC2243
06294711-3123586 5769 80 4.07 0.22 -0.46 0.07 2.18 0.28 4.365 NGC2243
06294760-3117344 5764 65 3.73 0.18 -0.08 0.05 2.10 0.00 4.365 NGC2243
06294783-3119016 5197 81 3.34 0.21 -0.72 0.08 1.75 0.26 4.365 NGC2243
06294813-3120141 6321 67 4.24 0.18 -0.79 0.05 2.27 0.15 4.365 NGC2243
06294825-3112564 5244 70 4.29 0.21 -0.76 0.06 1.76 0.22 4.365 NGC2243
06294837-3122376 5065 64 3.62 0.18 -0.52 0.05 0.86 0.10 4.365 NGC2243
06294898-3120014 5758 66 3.66 0.17 -0.36 0.05 2.04 0.00 4.365 NGC2243
06294899-3117478 5614 65 4.02 0.18 -0.47 0.05 2.10 0.22 4.365 NGC2243
06294931-3112223 6290 66 4.42 0.14 -0.58 0.07 2.35 0.13 4.365 NGC2243
06294999-3117496 5785 66 3.63 0.17 -0.53 0.05 2.76 0.11 4.365 NGC2243
06295000-3114520 5363 82 3.90 0.22 -0.67 0.08 1.41 0.00 4.365 NGC2243
06295025-3121199 6021 66 4.38 0.17 -0.49 0.05 2.95 0.10 4.365 NGC2243
06295138-3118432 5616 82 4.06 0.22 -0.57 0.08 2.23 0.17 4.365 NGC2243
06295150-3120463 5994 63 4.30 0.18 -0.48 0.05 2.81 0.10 4.365 NGC2243
06295211-3114433 5880 80 3.74 0.23 -0.64 0.08 2.44 0.17 4.365 NGC2243
06295329-3121393 5092 66 3.51 0.14 -0.44 0.07 0.84 0.00 4.365 NGC2243
06295335-3117218 5737 80 4.59 0.21 -0.53 0.08 2.15 0.29 4.365 NGC2243
06295362-3118557 5553 65 4.18 0.17 -0.70 0.06 2.40 0.13 4.365 NGC2243
06295442-3119045 5389 65 3.55 0.14 -0.58 0.07 1.00 0.25 4.365 NGC2243
06295488-3117129 5684 104 4.23 0.34 -0.54 0.09 1.90 0.00 4.365 NGC2243
06295522-3121153 6046 65 4.41 0.18 0.14 0.05 2.30 0.08 4.365 NGC2243
06295620-3121142 6149 67 4.23 0.18 -0.31 0.05 2.81 0.10 4.365 NGC2243
06295652-3115489 5422 64 4.31 0.18 -0.48 0.05 1.83 0.23 4.365 NGC2243
06295734-3118040 5526 104 4.34 0.33 -0.37 0.09 1.89 0.37 4.365 NGC2243
06295768-3121395 6701 67 4.09 0.17 -0.62 0.06 2.32 0.19 4.365 NGC2243
06295818-3120414 5504 62 3.48 0.18 -0.59 0.06 1.50 0.00 4.365 NGC2243
06300128-3118278 6349 66 4.15 0.14 -0.63 0.07 1.75 0.00 4.365 NGC2243
06300149-3117256 6111 65 3.77 0.17 -0.64 0.05 2.44 0.11 4.365 NGC2243
06300194-3112256 6048 64 4.23 0.15 -0.39 0.07 2.54 0.07 4.365 NGC2243
06300394-3119560 6247 65 4.21 0.17 -0.81 0.05 2.54 0.13 4.365 NGC2243
06300416-3117553 6380 62 4.01 0.17 -0.75 0.05 1.96 0.00 4.365 NGC2243
06300465-3120584 5774 64 4.14 0.17 -0.60 0.06 2.51 0.12 4.365 NGC2243
06300496-3122166 6215 105 4.29 0.33 -0.63 0.10 2.47 0.21 4.365 NGC2243
06300775-3117395 6336 65 3.93 0.17 -0.79 0.05 2.40 0.18 4.365 NGC2243
06301145-3121392 5814 65 4.08 0.18 -0.56 0.06 2.69 0.12 4.365 NGC2243
06291101-3120394 4853 30 2.43 0.05 -0.48 0.05 -0.22 0.00 4.365 NGC2243
06293385-3107310 4870 30 2.56 0.05 -0.46 0.05 0.29 0.00 4.365 NGC2243
06295017-3118531 5099 31 4.54 0.05 -0.14 0.05 0.12 0.00 4.365 NGC2243
06285287-3115375 6494 65 4.17 0.17 -0.13 0.05 2.13 0.18 4.365 NGC2243
06285405-3117250 6449 65 4.20 0.17 -0.41 0.05 2.76 0.11 4.365 NGC2243
06285570-3114594 5569 78 3.75 0.21 -1.07 0.08 2.38 0.14 4.365 NGC2243
06285934-3111507 5736 80 3.14 0.22 -0.90 0.08 2.54 0.15 4.365 NGC2243
06290433-3118524 6254 65 4.38 0.17 -0.39 0.05 2.98 0.13 4.365 NGC2243
06290642-3114454 5173 82 2.95 0.22 -1.52 0.08 2.12 0.18 4.365 NGC2243
06290691-3116105 5508 83 3.61 0.22 -0.36 0.08 2.03 0.30 4.365 NGC2243
06290849-3117120 5637 80 3.58 0.22 -0.56 0.08 2.52 0.21 4.365 NGC2243
06290969-3117478 5563 102 4.38 0.33 -0.53 0.10 2.23 0.25 4.365 NGC2243
06291083-3115565 5870 66 4.10 0.18 -0.30 0.06 2.48 0.14 4.365 NGC2243
06291166-3120246 6029 82 4.00 0.22 -0.65 0.08 3.11 0.18 4.365 NGC2243
06291227-3116081 6061 83 4.30 0.23 -0.17 0.08 2.60 0.20 4.365 NGC2243
06291628-3116465 5180 65 3.34 0.14 -0.54 0.07 1.25 0.11 4.365 NGC2243
06291887-3116125 6430 66 4.26 0.15 -0.63 0.07 1.87 0.00 4.365 NGC2243
06291961-3124046 6162 66 4.09 0.14 -0.64 0.07 2.02 0.12 4.365 NGC2243
06291976-3115235 5739 72 4.37 0.20 -0.42 0.06 2.05 0.00 4.365 NGC2243
06292091-3122407 5617 64 4.46 0.18 -0.51 0.05 2.29 0.18 4.365 NGC2243
06292092-3117508 6460 67 4.13 0.14 -0.60 0.07 2.09 0.21 4.365 NGC2243
06292114-3112055 6638 85 4.36 0.22 -0.19 0.07 3.20 0.12 4.365 NGC2243
06292191-3115322 5961 81 4.60 0.22 -0.29 0.08 2.85 0.16 4.365 NGC2243
06292250-3123093 5588 65 4.05 0.17 -0.46 0.06 2.31 0.16 4.365 NGC2243
06292398-3121282 6091 64 4.23 0.18 -0.53 0.05 2.41 0.11 4.365 NGC2243
06292435-3116596 6069 63 4.28 0.17 -0.51 0.06 2.62 0.09 4.365 NGC2243
06292528-3117084 5740 101 4.39 0.33 -0.39 0.09 2.29 0.21 4.365 NGC2243
06292540-3113218 6167 64 4.30 0.14 -0.40 0.07 2.78 0.08 4.365 NGC2243
06292599-3115451 6281 66 4.20 0.17 -0.80 0.05 2.78 0.11 4.365 NGC2243
06292686-3112265 6652 67 3.95 0.18 -0.53 0.05 3.24 0.10 4.365 NGC2243
06292689-3122001 5917 70 4.31 0.20 -0.45 0.05 2.40 0.19 4.365 NGC2243
06292784-3114404 5732 64 4.43 0.17 -0.36 0.06 2.71 0.10 4.365 NGC2243
06292806-3115454 6036 71 4.30 0.21 -0.59 0.06 2.98 0.11 4.365 NGC2243
06292900-3112472 5674 66 4.00 0.21 -0.72 0.05 2.57 0.12 4.365 NGC2243
06292933-3111563 5932 64 4.21 0.17 -0.50 0.05 2.44 0.10 4.365 NGC2243
06292933-3121354 5117 66 3.14 0.14 -0.51 0.07 1.15 0.09 4.365 NGC2243
06292979-3115339 6305 66 4.13 0.18 -0.88 0.05 1.89 0.00 4.365 NGC2243
06293015-3111401 6529 83 4.03 0.22 -0.55 0.08 3.28 0.16 4.365 NGC2243
06293037-3117409 6029 70 3.84 0.21 -0.55 0.06 2.90 0.09 4.365 NGC2243
06293044-3116377 5993 65 4.28 0.17 -0.42 0.06 2.85 0.13 4.365 NGC2243
06293145-3121105 6171 64 4.09 0.17 -0.57 0.06 2.71 0.10 4.365 NGC2243
06293155-3116065 6462 82 4.55 0.22 -0.75 0.08 2.90 0.09 4.365 NGC2243
06293188-3118043 6140 66 3.97 0.18 -0.78 0.05 2.35 0.08 4.365 NGC2243
06293212-3114272 5783 65 3.78 0.18 -0.54 0.05 2.44 0.11 4.365 NGC2243
06293305-3110392 5888 81 3.31 0.22 -0.46 0.08 2.28 0.25 4.365 NGC2243
06293394-3120406 5996 82 4.74 0.22 -0.08 0.08 2.46 0.26 4.365 NGC2243
06293420-3114518 5772 64 4.45 0.17 -0.39 0.05 2.48 0.13 4.365 NGC2243
06293456-3118372 5554 66 4.68 0.17 -0.43 0.05 2.03 0.24 4.365 NGC2243
06293614-3118450 5517 67 4.03 0.17 -0.46 0.05 1.78 0.00 4.365 NGC2243
06293627-3115559 6395 64 4.20 0.17 -0.54 0.06 2.39 0.12 4.365 NGC2243
06293633-3119024 5659 68 4.46 0.21 -0.35 0.05 2.31 0.12 4.365 NGC2243
06293664-3115415 5996 64 4.22 0.18 -0.43 0.06 2.62 0.09 4.365 NGC2243
06293698-3110026 5852 65 4.29 0.18 -0.42 0.05 2.53 0.16 4.365 NGC2243
06293713-3117413 6324 65 4.03 0.17 -0.76 0.06 2.39 0.10 4.365 NGC2243
06293714-3118200 6162 64 4.30 0.18 -0.42 0.06 1.92 0.00 4.365 NGC2243
06293746-3113353 6112 65 3.97 0.18 -0.31 0.06 2.73 0.16 4.365 NGC2243
06293746-3118006 6097 67 4.24 0.17 -0.60 0.06 2.82 0.09 4.365 NGC2243
06293790-3116279 6071 66 3.92 0.17 -0.69 0.06 2.91 0.11 4.365 NGC2243
06293816-3119020 6249 65 4.41 0.17 -0.70 0.05 2.77 0.10 4.365 NGC2243
06293930-3116257 6309 65 4.04 0.17 -0.49 0.05 2.88 0.08 4.365 NGC2243
06293977-3112559 5673 78 3.20 0.21 -0.85 0.07 2.15 0.13 4.365 NGC2243
06294010-3119296 5606 84 4.66 0.22 -0.32 0.08 1.98 0.30 4.365 NGC2243
06294056-3115352 5970 64 3.85 0.17 -0.50 0.05 2.46 0.09 4.365 NGC2243
06294060-3113101 5338 81 2.01 0.22 -1.30 0.07 2.04 0.18 4.365 NGC2243
06294062-3115157 6184 64 4.27 0.17 -0.72 0.06 2.85 0.07 4.365 NGC2243
06294118-3122435 5907 63 4.25 0.18 -0.76 0.05 2.74 0.11 4.365 NGC2243
06294161-3110388 5632 81 4.33 0.22 -0.33 0.08 2.23 0.24 4.365 NGC2243
06294334-3119149 6093 83 4.26 0.22 -0.09 0.07 2.75 0.20 4.365 NGC2243
06294339-3111529 6432 66 4.06 0.14 -0.58 0.07 2.20 0.19 4.365 NGC2243
06294350-3112147 5950 104 4.25 0.33 -0.10 0.09 2.25 0.00 4.365 NGC2243
06294396-3122271 6411 65 4.12 0.15 -0.55 0.07 2.33 0.00 4.365 NGC2243
06294464-3114501 5577 80 3.60 0.22 -0.58 0.08 2.25 0.22 4.365 NGC2243
06294509-3113167 5802 65 4.15 0.17 -0.42 0.05 2.60 0.10 4.365 NGC2243
06294511-3110190 5866 64 4.51 0.14 -0.66 0.07 2.61 0.06 4.365 NGC2243
06294547-3111301 5866 82 4.37 0.22 -0.07 0.08 2.85 0.18 4.365 NGC2243
06294620-3121269 5613 63 4.81 0.18 -0.66 0.05 2.26 0.18 4.365 NGC2243
06294809-3119276 6066 66 3.93 0.17 -0.52 0.05 2.29 0.07 4.365 NGC2243
06294888-3115571 6070 69 4.20 0.21 -0.66 0.05 2.71 0.11 4.365 NGC2243
06294996-3119496 6082 66 4.47 0.18 -0.57 0.05 2.79 0.10 4.365 NGC2243
06295669-3121581 5593 63 4.00 0.18 -0.70 0.05 2.38 0.12 4.365 NGC2243
06295734-3124306 5491 65 4.57 0.14 -0.38 0.07 1.40 0.13 4.365 NGC2243
06295743-3123095 5518 83 4.60 0.23 -0.62 0.07 2.07 0.00 4.365 NGC2243
06300040-3113197 6355 65 4.05 0.18 -0.71 0.05 2.30 0.18 4.365 NGC2243
06300458-3113454 6118 64 4.35 0.17 -0.40 0.06 2.85 0.10 4.365 NGC2243
06300518-3113594 6410 63 4.22 0.17 -0.69 0.05 2.42 0.13 4.365 NGC2243
06293478-3117392 5764 62 4.31 0.17 -0.71 0.05 1.76 0.15 4.365 NGC2243
06290477-3121263 4964 31 2.36 0.05 -0.54 0.05 0.21 0.00 4.365 NGC2243
06290541-3117025 4923 30 2.50 0.05 -0.42 0.05 -0.28 0.00 4.365 NGC2243
06290934-3110325 4866 31 2.57 0.05 -0.48 0.05 0.82 0.04 4.365 NGC2243
06292122-3118312 6334 82 4.39 0.21 -0.68 0.08 1.81 0.00 4.365 NGC2243
06285712-3123559 5433 82 3.28 0.21 -0.58 0.08 2.42 0.17 4.365 NGC2243
06290158-3124130 6179 83 4.71 0.21 -0.66 0.08 3.28 0.14 4.365 NGC2243
06290236-3120494 5666 67 3.29 0.17 -0.70 0.05 2.45 0.13 4.365 NGC2243
06290375-3117475 5837 81 3.47 0.22 -0.38 0.08 2.14 0.00 4.365 NGC2243
06290518-3120349 6155 65 3.71 0.18 -0.66 0.05 2.59 0.13 4.365 NGC2243
06290720-3117351 5679 64 3.89 0.17 -0.60 0.05 2.62 0.13 4.365 NGC2243
06290869-3118293 6462 81 3.71 0.22 -0.58 0.07 3.05 0.14 4.365 NGC2243
06291037-3112493 5140 82 3.19 0.22 -1.43 0.08 2.07 0.16 4.365 NGC2243
06291215-3117198 5618 65 4.26 0.17 -0.52 0.06 2.15 0.20 4.365 NGC2243
06291224-3115358 5786 65 3.81 0.18 -0.50 0.05 2.82 0.13 4.365 NGC2243
06291281-3117566 6022 62 3.98 0.17 -0.57 0.05 2.68 0.13 4.365 NGC2243
06291289-3118590 5780 82 4.32 0.22 -0.32 0.08 2.49 0.20 4.365 NGC2243
06291305-3109173 6096 65 3.78 0.14 -0.51 0.07 2.55 0.07 4.365 NGC2243
06291319-3120349 5101 81 2.86 0.22 -1.10 0.07 1.97 0.20 4.365 NGC2243
06291385-3115157 5094 64 4.66 0.18 -0.03 0.05 0.31 0.82 4.365 NGC2243
06291475-3118080 5754 83 3.55 0.22 -0.94 0.07 2.46 0.21 4.365 NGC2243
06291559-3119252 5858 81 4.10 0.22 -0.33 0.08 2.78 0.17 4.365 NGC2243
06291697-3116549 6447 66 4.18 0.15 -0.64 0.07 2.31 0.13 4.365 NGC2243
06291723-3123199 6391 67 3.95 0.14 -0.55 0.07 2.46 0.15 4.365 NGC2243
06291795-3118491 5800 82 3.62 0.22 -0.93 0.08 2.81 0.11 4.365 NGC2243
06291805-3115374 5139 64 4.57 0.15 -0.84 0.07 1.00 0.18 4.365 NGC2243
06291853-3111192 6364 65 4.08 0.17 -0.24 0.05 2.83 0.06 4.365 NGC2243
06291855-3113305 6302 65 3.81 0.14 -0.76 0.07 2.23 0.10 4.365 NGC2243
06291949-3121072 6357 66 3.97 0.17 -0.53 0.06 1.89 0.00 4.365 NGC2243
06291982-3119377 6095 63 3.97 0.17 -0.61 0.05 2.58 0.13 4.365 NGC2243
06292105-3115298 6582 64 4.02 0.17 -0.77 0.06 2.50 0.12 4.365 NGC2243
06292213-3116520 5933 62 3.63 0.14 -0.60 0.07 2.34 0.07 4.365 NGC2243
06292255-3109159 5642 67 4.42 0.18 -0.54 0.05 2.22 0.00 4.365 NGC2243
06292272-3113279 6133 65 4.11 0.17 -0.73 0.06 2.84 0.09 4.365 NGC2243
06292336-3110504 6327 65 4.15 0.14 -0.62 0.07 2.43 0.16 4.365 NGC2243
06292339-3114230 5318 65 4.34 0.18 -0.95 0.05 2.12 0.14 4.365 NGC2243
06292363-3117081 4905 83 4.21 0.22 -0.78 0.08 1.32 0.28 4.365 NGC2243
06292392-3111240 5671 82 4.13 0.22 -0.43 0.07 2.16 0.00 4.365 NGC2243
06292401-3118305 6562 67 4.08 0.17 -0.77 0.05 1.88 0.00 4.365 NGC2243
06292436-3119330 5741 63 4.11 0.16 -0.53 0.05 2.57 0.10 4.365 NGC2243
06292470-3115303 6394 64 3.96 0.17 -0.50 0.06 2.09 0.00 4.365 NGC2243
06292554-3121380 5757 65 4.48 0.18 -0.69 0.05 2.48 0.13 4.365 NGC2243
06292595-3119295 5563 63 3.48 0.18 -0.65 0.05 1.82 0.00 4.365 NGC2243
06292626-3112134 6327 82 3.86 0.22 -0.85 0.07 2.64 0.10 4.365 NGC2243
06292651-3122208 6139 65 4.12 0.17 -0.46 0.05 2.75 0.11 4.365 NGC2243
06292843-3116472 6428 67 4.03 0.17 -0.64 0.05 2.42 0.12 4.365 NGC2243
06292857-3114367 6186 64 3.86 0.17 -0.73 0.06 2.96 0.10 4.365 NGC2243
06292859-3112192 5485 64 3.64 0.15 -0.48 0.07 1.57 0.11 4.365 NGC2243
06292946-3115026 6555 65 4.24 0.17 -0.88 0.06 2.48 0.15 4.365 NGC2243
06293049-3109112 6016 65 3.59 0.17 -0.75 0.06 2.83 0.11 4.365 NGC2243
06293049-3123545 6145 63 4.31 0.14 -0.47 0.07 2.75 0.06 4.365 NGC2243
06293051-3116029 6017 67 4.17 0.18 -0.78 0.05 2.73 0.10 4.365 NGC2243
06293058-3118383 5726 65 3.81 0.17 -0.52 0.05 2.45 0.12 4.365 NGC2243
06293080-3116325 6312 84 4.27 0.22 -0.66 0.08 2.90 0.13 4.365 NGC2243
06293125-3115429 6450 65 3.99 0.18 -0.70 0.05 2.28 0.19 4.365 NGC2243
06293241-3116442 4990 81 2.80 0.22 -0.98 0.08 1.55 0.28 4.365 NGC2243
06293245-3119391 5428 64 4.20 0.18 -0.51 0.05 1.76 0.28 4.365 NGC2243
06293267-3121261 5648 103 3.64 0.34 -0.68 0.10 1.94 0.00 4.365 NGC2243
06293285-3118310 5537 65 3.68 0.14 -0.53 0.07 1.50 0.14 4.365 NGC2243
06293343-3116238 6431 65 3.95 0.14 -0.45 0.07 2.56 0.10 4.365 NGC2243
06293381-3116031 6349 66 3.99 0.17 -0.64 0.06 2.00 0.23 4.365 NGC2243
06293426-3120324 5725 81 4.74 0.22 -0.38 0.08 2.31 0.19 4.365 NGC2243
06293436-3121473 5870 65 3.91 0.18 -0.50 0.05 2.11 0.00 4.365 NGC2243
06293499-3118141 5490 63 4.01 0.17 -0.50 0.05 2.03 0.20 4.365 NGC2243
06293538-3111092 6616 83 3.82 0.21 -0.73 0.08 3.46 0.19 4.365 NGC2243
06293564-3121176 5601 64 4.66 0.17 -0.52 0.05 2.26 0.15 4.365 NGC2243
06293565-3108124 6194 64 3.64 0.18 -0.68 0.05 2.80 0.09 4.365 NGC2243
06293586-3116195 6299 67 4.05 0.18 -0.54 0.05 2.60 0.09 4.365 NGC2243
06293587-3112204 5532 65 4.65 0.15 0.02 0.07 1.24 0.23 4.365 NGC2243
06293589-3116494 5132 66 4.03 0.18 -1.21 0.05 1.60 0.18 4.365 NGC2243
06293629-3113402 5107 82 2.41 0.22 -0.93 0.08 1.92 0.15 4.365 NGC2243
06293629-3117126 6499 66 4.24 0.15 -0.71 0.07 2.55 0.09 4.365 NGC2243
06293659-3117302 6486 65 3.87 0.15 -0.75 0.07 2.25 0.14 4.365 NGC2243
06293730-3111487 4936 83 3.61 0.22 -0.47 0.08 1.28 0.00 4.365 NGC2243
06293743-3108124 5644 65 3.43 0.18 -0.81 0.05 2.56 0.13 4.365 NGC2243
06293834-3114114 5323 80 3.38 0.21 -0.93 0.08 2.01 0.16 4.365 NGC2243
06293839-3116473 6070 67 4.23 0.18 -0.76 0.05 2.79 0.08 4.365 NGC2243
06293869-3114348 6555 67 3.63 0.17 -0.70 0.06 2.21 0.16 4.365 NGC2243
06293925-3124056 5920 82 3.57 0.22 -0.77 0.08 2.54 0.15 4.365 NGC2243
06293973-3122528 6173 104 4.00 0.33 -0.35 0.09 2.78 0.16 4.365 NGC2243
06294129-3117234 5424 64 4.50 0.17 -0.81 0.05 2.05 0.19 4.365 NGC2243
06294200-3118513 5503 64 3.92 0.17 -0.62 0.05 1.50 0.00 4.365 NGC2243
06294231-3116504 6466 67 4.12 0.17 -0.79 0.05 2.36 0.14 4.365 NGC2243
06294255-3120527 6124 66 4.06 0.17 -0.77 0.06 2.58 0.07 4.365 NGC2243
06294409-3112099 5311 83 3.18 0.22 -0.36 0.08 2.29 0.21 4.365 NGC2243
06294418-3111012 5641 66 3.98 0.18 -0.67 0.05 2.28 0.14 4.365 NGC2243
06294428-3111271 5202 81 3.68 0.22 -0.41 0.08 1.79 0.23 4.365 NGC2243
06294436-3110077 5678 65 4.20 0.17 -0.46 0.05 2.35 0.14 4.365 NGC2243
06294458-3108070 5824 62 4.53 0.15 -0.38 0.07 2.27 0.08 4.365 NGC2243
06294642-3108494 6045 81 4.44 0.22 -0.30 0.08 2.83 0.22 4.365 NGC2243
06294759-3118297 6140 81 3.27 0.22 -0.51 0.08 2.29 0.00 4.365 NGC2243
06294831-3111284 5271 64 4.37 0.17 -0.20 0.05 1.07 0.15 4.365 NGC2243
06295077-3109225 5749 67 3.97 0.17 -0.29 0.05 2.53 0.12 4.365 NGC2243
06295158-3110104 5422 82 3.10 0.21 -0.61 0.08 2.27 0.14 4.365 NGC2243
06295328-3117472 6488 66 4.07 0.17 -0.62 0.05 2.59 0.14 4.365 NGC2243
06295459-3119321 5275 82 3.05 0.22 -0.87 0.08 2.26 0.16 4.365 NGC2243
06295768-3111125 5773 81 4.27 0.22 -0.61 0.07 2.90 0.17 4.365 NGC2243
06300010-3122222 5827 81 4.84 0.22 -0.65 0.08 2.59 0.17 4.365 NGC2243
06300387-3114117 6197 82 3.26 0.21 -0.76 0.08 2.68 0.12 4.365 NGC2243
06300534-3108170 5854 64 4.49 0.14 -0.53 0.07 1.95 0.10 4.365 NGC2243
06301835-3115073 5667 81 3.37 0.22 -1.01 0.08 1.97 0.00 4.365 NGC2243
06294022-3114504 5704 33 3.78 0.05 -0.15 0.04 1.86 0.00 4.365 NGC2243
06290483-3122404 6048 65 3.78 0.17 -0.35 0.06 2.82 0.10 4.365 NGC2243
06291286-3120428 6438 64 4.24 0.14 -0.58 0.07 2.49 0.17 4.365 NGC2243
06291835-3120339 6343 66 3.84 0.17 -0.56 0.05 1.94 0.00 4.365 NGC2243
06292006-3116113 6615 57 4.30 0.16 -0.69 0.10 2.27 0.00 4.365 NGC2243
06292461-3117055 6427 66 4.11 0.17 -0.74 0.05 2.83 0.12 4.365 NGC2243
06292487-3118011 6518 66 4.12 0.18 -0.63 0.05 2.61 0.14 4.365 NGC2243
06292583-3107574 6624 66 4.05 0.17 -0.62 0.06 2.30 0.00 4.365 NGC2243
06292644-3117485 6562 83 4.63 0.22 -0.48 0.08 3.13 0.11 4.365 NGC2243
06292787-3126276 5860 83 3.22 0.22 -1.16 0.08 2.93 0.16 4.365 NGC2243
06292961-3115529 6354 64 4.30 0.17 -0.70 0.06 3.12 0.11 4.365 NGC2243
06292978-3116232 5033 65 3.46 0.17 -0.57 0.05 0.98 0.13 4.365 NGC2243
06292998-3127384 5634 64 4.52 0.17 -0.57 0.06 1.89 0.14 4.365 NGC2243
06293089-3118366 6339 65 4.17 0.14 -0.59 0.07 2.41 0.17 4.365 NGC2243
06293094-3115433 6449 65 3.97 0.18 -0.71 0.06 2.50 0.11 4.365 NGC2243
06293263-3112447 5871 65 4.32 0.17 -0.27 0.06 2.24 0.19 4.365 NGC2243
06293272-3115396 6475 65 4.25 0.15 -0.59 0.07 2.62 0.11 4.365 NGC2243
06293321-3109302 6553 82 4.28 0.22 -0.37 0.08 2.02 0.00 4.365 NGC2243
06293388-3116410 6027 64 4.29 0.17 -0.65 0.05 2.83 0.10 4.365 NGC2243
06293433-3113290 6518 67 4.20 0.14 -0.61 0.07 2.36 0.21 4.365 NGC2243
06293583-3117532 6551 85 3.65 0.22 -0.41 0.08 2.95 0.16 4.365 NGC2243
06293603-3116392 6344 63 4.01 0.18 -0.81 0.05 1.94 0.27 4.365 NGC2243
06293754-3117075 6114 65 4.32 0.17 -0.46 0.06 2.81 0.10 4.365 NGC2243
06293808-3118265 6393 83 4.44 0.22 -0.66 0.08 2.41 0.20 4.365 NGC2243
06293812-3117234 6355 65 4.09 0.18 -0.77 0.05 1.75 0.00 4.365 NGC2243
06293895-3117049 5985 66 3.83 0.17 -0.52 0.06 2.69 0.13 4.365 NGC2243
06294204-3116389 6192 63 4.50 0.18 -0.64 0.06 2.88 0.10 4.365 NGC2243
06294267-3115096 5864 64 3.94 0.17 -0.51 0.06 1.78 0.15 4.365 NGC2243
06294328-3116438 6601 84 3.88 0.22 -0.58 0.08 2.88 0.14 4.365 NGC2243
06294515-3114098 6592 81 4.31 0.21 -0.61 0.08 2.70 0.11 4.365 NGC2243
06294944-3117140 5608 66 3.96 0.18 -0.36 0.06 2.04 0.19 4.365 NGC2243
06294983-3113196 6426 64 4.03 0.18 -0.80 0.05 2.29 0.00 4.365 NGC2243
06295105-3116234 6164 66 4.56 0.17 -0.81 0.05 2.42 0.16 4.365 NGC2243
06295144-3125172 6270 83 4.04 0.22 -0.38 0.08 2.90 0.18 4.365 NGC2243
06295469-3120266 5801 65 3.77 0.17 -0.50 0.05 2.30 0.15 4.365 NGC2243
06295604-3118564 6318 65 4.13 0.17 -0.71 0.06 3.08 0.12 4.365 NGC2243
06295746-3111377 5727 79 3.56 0.22 -1.02 0.08 2.48 0.23 4.365 NGC2243
06295807-3114354 5932 65 4.17 0.17 -0.10 0.05 1.88 0.17 4.365 NGC2243
06295868-3120051 6348 67 4.06 0.17 -0.83 0.05 2.67 0.13 4.365 NGC2243
06300156-3122145 6455 81 3.64 0.22 -0.63 0.08 3.08 0.12 4.365 NGC2243
06300356-3122506 6520 82 4.19 0.21 -0.44 0.08 2.34 0.00 4.365 NGC2243
06301059-3110152 5980 65 4.04 0.17 -0.18 0.05 2.68 0.07 4.365 NGC2243
06301507-3119573 6445 85 4.32 0.22 -0.29 0.08 3.02 0.16 4.365 NGC2243
06301718-3116308 5455 66 4.39 0.17 0.18 0.05 1.56 0.21 4.365 NGC2243
06301963-3115458 6149 82 3.39 0.22 -0.49 0.08 2.20 0.00 4.365 NGC2243
06292225-3117092 5327 31 3.93 0.05 0.07 0.05 1.55 0.04 4.365 NGC2243
06292311-3126112 4939 31 3.34 0.05 -0.32 0.05 0.57 0.12 4.365 NGC2243
06292562-3115261 6143 34 3.76 0.05 -0.38 0.04 2.24 0.07 4.365 NGC2243
06293240-3117294 4971 31 2.42 0.05 -0.45 0.05 0.18 0.00 4.365 NGC2243
06293518-3117239 4985 30 2.73 0.05 -0.47 0.05 0.65 0.07 4.365 NGC2243
06293646-3117402 5167 31 4.57 0.05 -0.04 0.05 0.88 0.07 4.365 NGC2243
06285487-3119368 6747 83 3.84 0.22 -0.43 0.08 3.26 0.20 4.365 NGC2243
06290444-3113178 5618 67 3.87 0.17 -1.04 0.05 2.18 0.13 4.365 NGC2243
06290502-3121410 5631 105 3.84 0.32 -0.61 0.09 2.73 0.20 4.365 NGC2243
06290540-3116540 5871 65 4.45 0.17 -0.64 0.05 2.39 0.18 4.365 NGC2243
06290682-3119103 5820 65 3.87 0.17 -0.44 0.05 2.28 0.15 4.365 NGC2243
06290742-3112052 5202 65 3.92 0.17 -1.02 0.05 1.67 0.00 4.365 NGC2243
06290762-3114456 5170 82 3.31 0.22 -1.21 0.08 1.23 0.00 4.365 NGC2243
06290941-3117365 5835 64 3.98 0.18 -0.36 0.05 2.91 0.12 4.365 NGC2243
06291058-3118342 5922 83 4.56 0.22 -0.30 0.08 2.19 0.00 4.365 NGC2243
06291192-3116568 5929 66 3.77 0.17 -0.46 0.06 2.71 0.15 4.365 NGC2243
06291316-3117168 4919 81 4.34 0.21 -0.42 0.07 1.31 0.00 4.365 NGC2243
06291485-3112161 6073 67 4.03 0.18 -0.62 0.05 2.91 0.10 4.365 NGC2243
06291487-3123004 5621 65 4.25 0.18 -0.66 0.05 2.16 0.19 4.365 NGC2243
06291569-3120403 5807 65 4.33 0.17 -0.53 0.05 2.18 0.24 4.365 NGC2243
06291589-3117220 5726 82 4.55 0.22 -0.47 0.07 2.46 0.26 4.365 NGC2243
06291634-3109469 6054 65 3.79 0.17 -0.62 0.06 2.80 0.10 4.365 NGC2243
06291690-3113190 5244 80 3.70 0.21 -0.66 0.08 2.00 0.19 4.365 NGC2243
06291708-3117123 5330 83 3.70 0.22 -1.25 0.08 1.97 0.20 4.365 NGC2243
06291748-3115507 6096 64 3.88 0.17 -0.59 0.06 2.52 0.06 4.365 NGC2243
06291837-3123407 6338 65 3.98 0.18 -0.61 0.06 2.71 0.11 4.365 NGC2243
06292011-3120208 5893 80 3.33 0.22 -0.40 0.08 2.60 0.16 4.365 NGC2243
06292068-3125104 5377 66 4.49 0.17 -0.80 0.05 1.26 0.12 4.365 NGC2243
06292101-3112342 5904 83 4.52 0.21 -0.44 0.08 2.11 0.00 4.365 NGC2243
06292219-3114218 6117 64 4.09 0.17 -0.66 0.05 2.39 0.13 4.365 NGC2243
06292226-3110270 5195 82 3.31 0.22 -0.47 0.08 1.91 0.22 4.365 NGC2243
06292284-3120160 5727 71 4.11 0.21 -0.71 0.05 2.50 0.16 4.365 NGC2243
06292304-3112445 5560 80 3.81 0.21 -0.36 0.07 1.75 0.00 4.365 NGC2243
06292409-3114428 5666 85 4.76 0.22 -0.46 0.08 2.34 0.20 4.365 NGC2243
06292430-3123351 5368 82 4.16 0.22 -0.98 0.08 2.10 0.18 4.365 NGC2243
06292559-3116070 5931 66 4.21 0.18 -0.56 0.05 2.22 0.22 4.365 NGC2243
06292609-3119014 5746 81 3.72 0.22 -0.34 0.08 2.30 0.25 4.365 NGC2243
06292610-3114477 6502 66 3.89 0.17 -0.73 0.05 2.12 0.00 4.365 NGC2243
06292622-3117119 6297 64 4.01 0.17 -0.49 0.05 2.46 0.12 4.365 NGC2243
06292623-3124476 6008 103 4.75 0.33 -0.32 0.10 2.48 0.27 4.365 NGC2243
06292722-3109419 5874 65 3.92 0.17 -0.48 0.06 2.81 0.12 4.365 NGC2243
06292750-3116049 6014 65 4.18 0.17 -0.49 0.06 2.70 0.17 4.365 NGC2243
06292774-3115104 5369 80 3.40 0.21 -0.66 0.07 1.75 0.00 4.365 NGC2243
06292843-3113102 5791 64 4.04 0.18 -0.70 0.05 2.41 0.09 4.365 NGC2243
06292944-3120358 5171 82 3.42 0.22 -0.72 0.08 1.69 0.28 4.365 NGC2243
06292950-3118547 5817 83 3.60 0.22 -0.43 0.08 2.11 0.00 4.365 NGC2243
06293154-3120207 5547 79 3.36 0.22 -0.42 0.08 2.22 0.19 4.365 NGC2243
06293155-3117462 6630 64 4.21 0.17 -0.64 0.06 2.60 0.13 4.365 NGC2243
06293163-3116535 6567 65 4.27 0.18 -0.80 0.05 2.69 0.09 4.365 NGC2243
06293164-3117263 6093 64 4.44 0.18 -0.51 0.05 2.98 0.11 4.365 NGC2243
06293165-3125143 5933 82 4.04 0.22 -0.47 0.08 2.64 0.19 4.365 NGC2243
06293166-3115337 5337 66 3.87 0.18 -0.52 0.06 1.25 0.14 4.365 NGC2243
06293174-3117072 5758 66 4.55 0.17 -0.13 0.06 1.50 0.00 4.365 NGC2243
06293194-3119535 5822 64 4.44 0.17 -0.47 0.05 2.45 0.18 4.365 NGC2243
06293206-3113257 5486 65 3.52 0.17 -0.95 0.06 2.35 0.15 4.365 NGC2243
06293239-3118580 5659 80 4.36 0.22 -0.61 0.08 2.29 0.21 4.365 NGC2243
06293298-3114235 4775 84 2.02 0.21 -1.20 0.08 0.86 0.00 4.365 NGC2243
06293349-3115552 5553 65 4.14 0.18 -0.68 0.05 2.25 0.16 4.365 NGC2243
06293359-3116152 5352 65 3.10 0.17 -1.25 0.06 1.84 0.15 4.365 NGC2243
06293366-3113363 6058 64 3.73 0.17 -0.54 0.05 2.64 0.13 4.365 NGC2243
06293457-3114048 5472 82 3.20 0.22 -1.09 0.08 2.18 0.13 4.365 NGC2243
06293474-3120203 6026 66 4.23 0.17 -0.42 0.05 2.51 0.15 4.365 NGC2243
06293676-3116466 5552 66 4.17 0.17 -0.44 0.06 2.42 0.13 4.365 NGC2243
06293678-3117064 6454 66 4.31 0.17 -0.65 0.05 2.37 0.14 4.365 NGC2243
06293685-3121341 5131 65 4.46 0.17 0.13 0.05 0.44 0.43 4.365 NGC2243
06293700-3115233 6128 71 4.41 0.21 -0.33 0.05 2.86 0.13 4.365 NGC2243
06293750-3116229 6167 63 3.85 0.17 -0.66 0.05 2.12 0.10 4.365 NGC2243
06293778-3117226 6264 66 4.05 0.18 -0.63 0.05 1.98 0.00 4.365 NGC2243
06293902-3121395 5889 65 3.56 0.17 -0.68 0.06 2.61 0.13 4.365 NGC2243
06293916-3112270 4839 82 2.87 0.22 -1.03 0.08 1.25 0.26 4.365 NGC2243
06293952-3118056 6551 66 4.17 0.17 -0.50 0.05 2.26 0.22 4.365 NGC2243
06294017-3117395 6330 67 4.02 0.17 -0.62 0.06 2.47 0.08 4.365 NGC2243
06294029-3117033 6367 65 4.19 0.17 -0.87 0.06 2.20 0.00 4.365 NGC2243
06294143-3114442 5199 79 4.63 0.22 -0.79 0.08 1.64 0.00 4.365 NGC2243
06294181-3117562 5677 105 4.57 0.34 -0.69 0.09 2.46 0.15 4.365 NGC2243
06294267-3116548 5457 81 3.90 0.22 -0.53 0.08 2.05 0.29 4.365 NGC2243
06294403-3108576 6284 86 3.87 0.21 -0.56 0.08 2.61 0.13 4.365 NGC2243
06294409-3116276 5428 84 3.57 0.22 -0.66 0.08 2.54 0.22 4.365 NGC2243
06294419-3117461 6137 81 3.44 0.21 -0.52 0.08 3.27 0.17 4.365 NGC2243
06295007-3120256 5296 79 3.65 0.22 -0.72 0.08 2.10 0.17 4.365 NGC2243
06295025-3117568 5775 82 4.20 0.22 -0.34 0.08 2.61 0.17 4.365 NGC2243
06295151-3111488 5732 66 4.56 0.18 -0.19 0.05 1.47 0.00 4.365 NGC2243
06295215-3116527 4837 65 4.66 0.18 -0.68 0.05 0.07 0.32 4.365 NGC2243
06295370-3127225 6086 65 4.38 0.17 0.08 0.05 2.70 0.09 4.365 NGC2243
06295399-3120163 6074 66 4.21 0.18 -0.02 0.06 2.59 0.07 4.365 NGC2243
06295613-3113435 5758 67 4.53 0.17 -0.51 0.05 1.76 0.00 4.365 NGC2243
06295613-3118030 5801 82 3.69 0.21 -0.26 0.07 2.65 0.21 4.365 NGC2243
06295763-3111525 5386 63 2.94 0.18 -0.86 0.05 2.10 0.13 4.365 NGC2243
06300234-3114249 6094 82 4.37 0.22 -1.01 0.08 2.04 0.00 4.365 NGC2243
06300933-3118470 5416 64 3.88 0.17 0.11 0.06 0.61 0.66 4.365 NGC2243
06301486-3121190 6044 104 4.51 0.33 -0.56 0.10 2.65 0.18 4.365 NGC2243
06302244-3115290 5532 80 3.20 0.22 -0.80 0.08 2.59 0.19 4.365 NGC2243
06292841-3117174 4241 23 1.34 0.11 -0.56 0.05 -0.08 0.06 4.365 NGC2243
06293009-3116587 4719 31 2.35 0.05 -0.49 0.05 -0.62 0.00 4.365 NGC2243
06293525-3115470 5062 50 3.21 0.08 -0.37 0.05 0.93 0.09 4.365 NGC2243
06293684-3114423 4965 31 2.63 0.05 -0.46 0.05 0.98 0.06 4.365 NGC2243
06295099-3114428 5035 30 2.88 0.05 -0.43 0.05 1.33 0.04 4.365 NGC2243
06285471-3119505 5869 63 4.57 0.14 -0.08 0.07 2.45 0.13 4.365 NGC2243
06285874-3116564 5705 64 4.46 0.15 -0.34 0.07 1.65 0.21 4.365 NGC2243
06285971-3125142 5920 65 4.47 0.14 -0.50 0.07 2.53 0.13 4.365 NGC2243
06285975-3122340 5196 64 3.42 0.14 -0.53 0.07 0.97 0.00 4.365 NGC2243
06290193-3114123 6500 64 3.76 0.15 -0.88 0.05 2.64 0.18 4.365 NGC2243
06290222-3111106 6184 65 4.41 0.15 -0.78 0.07 2.46 0.16 4.365 NGC2243
06290493-3123537 5299 66 3.56 0.18 -0.34 0.05 1.60 0.18 4.365 NGC2243
06290917-3113363 5350 65 4.61 0.15 -0.23 0.07 1.32 0.22 4.365 NGC2243
06291261-3117208 6393 65 3.96 0.15 -0.62 0.07 2.58 0.14 4.365 NGC2243
06291371-3121010 6014 65 3.68 0.14 -0.65 0.07 3.07 0.06 4.365 NGC2243
06291418-3121224 6405 65 4.28 0.18 -0.29 0.05 2.45 0.17 4.365 NGC2243
06291670-3123333 5882 66 4.35 0.17 0.24 0.05 1.84 0.27 4.365 NGC2243
06291841-3119086 6513 66 4.06 0.14 -0.61 0.07 2.85 0.11 4.365 NGC2243
06291929-3125331 6449 66 4.29 0.14 -0.68 0.07 2.30 0.00 4.365 NGC2243
06292012-3123041 6195 66 4.31 0.18 -0.37 0.06 2.96 0.09 4.365 NGC2243
06292133-3118094 6323 65 3.70 0.14 -0.64 0.07 2.87 0.07 4.365 NGC2243
06292203-3109261 5213 66 4.52 0.17 -0.40 0.06 1.17 0.16 4.365 NGC2243
06292236-3124298 5294 66 3.82 0.17 0.09 0.05 1.64 0.11 4.365 NGC2243
06292412-3122509 5849 63 4.43 0.14 -0.55 0.07 2.23 0.12 4.365 NGC2243
06292569-3116238 6325 83 3.95 0.21 -0.87 0.08 2.83 0.10 4.365 NGC2243
06292602-3118247 6564 81 4.41 0.22 -0.75 0.08 2.71 0.15 4.365 NGC2243
06292742-3117534 6437 67 3.68 0.14 -0.75 0.07 2.40 0.15 4.365 NGC2243
06292931-3117438 5404 66 3.95 0.17 -0.47 0.05 1.29 0.16 4.365 NGC2243
06292997-3116336 6362 66 3.83 0.17 -0.73 0.05 2.30 0.00 4.365 NGC2243
06293174-3116392 6554 55 3.82 0.16 -0.82 0.15 2.40 0.00 4.365 NGC2243
06293415-3117423 6525 64 4.00 0.17 -0.76 0.05 2.71 0.10 4.365 NGC2243
06293488-3117306 6323 66 4.16 0.18 -0.69 0.06 2.23 0.17 4.365 NGC2243
06293598-3117477 6453 65 4.12 0.15 -0.66 0.07 2.58 0.14 4.365 NGC2243
06293600-3116342 6379 66 3.96 0.14 -0.63 0.07 2.28 0.19 4.365 NGC2243
06293682-3115515 6372 65 3.73 0.17 -0.53 0.06 2.23 0.21 4.365 NGC2243
06293709-3116127 6486 67 3.94 0.14 -0.64 0.07 2.39 0.17 4.365 NGC2243
06293824-3117528 6571 84 4.39 0.22 -0.72 0.08 2.55 0.00 4.365 NGC2243
06293833-3116374 6408 81 4.23 0.22 -0.44 0.07 2.89 0.14 4.365 NGC2243
06294178-3111321 6065 65 4.35 0.17 0.04 0.06 2.35 0.10 4.365 NGC2243
06294427-3109142 6031 64 4.16 0.18 -0.63 0.06 1.93 0.26 4.365 NGC2243
06294435-3125185 5008 64 3.19 0.17 -0.26 0.05 0.60 0.40 4.365 NGC2243
06294478-3110041 5832 67 4.03 0.17 -0.51 0.06 2.42 0.09 4.365 NGC2243
06294586-3113468 6494 82 4.45 0.22 -0.42 0.07 2.46 0.21 4.365 NGC2243
06294760-3111267 6121 64 4.54 0.15 -0.43 0.07 1.60 0.00 4.365 NGC2243
06295158-3118142 6473 66 3.61 0.17 -0.72 0.05 2.70 0.13 4.365 NGC2243
06295289-3119220 6045 62 3.72 0.14 -0.60 0.07 3.13 0.07 4.365 NGC2243
06295639-3108264 5980 66 4.32 0.14 -0.04 0.07 2.74 0.20 4.365 NGC2243
06295735-3116031 6555 83 4.21 0.22 -0.63 0.08 2.54 0.00 4.365 NGC2243
06295839-3125236 5731 84 3.71 0.21 -0.73 0.08 2.24 0.27 4.365 NGC2243
06295886-3110129 6658 55 3.84 0.16 -0.78 0.15 3.07 0.18 4.365 NGC2243
06295926-3120012 5950 67 4.62 0.17 0.01 0.05 2.61 0.17 4.365 NGC2243
06295933-3109220 5271 63 4.69 0.18 -0.12 0.05 1.07 0.33 4.365 NGC2243
06300257-3115594 5984 64 4.05 0.18 -0.45 0.05 2.42 0.08 4.365 NGC2243
06300401-3118197 5311 63 4.30 0.18 -0.23 0.05 1.35 0.18 4.365 NGC2243
06300931-3123526 5995 62 4.47 0.14 -0.06 0.07 2.28 0.00 4.365 NGC2243
06301081-3114484 5744 65 4.11 0.17 -0.35 0.05 2.35 0.15 4.365 NGC2243
06301144-3120541 5022 65 2.99 0.18 -0.33 0.05 0.68 0.32 4.365 NGC2243
06301152-3116556 6063 66 4.28 0.18 -0.70 0.06 2.74 0.09 4.365 NGC2243
06301274-3121243 5318 65 3.64 0.17 -0.28 0.05 1.92 0.17 4.365 NGC2243
06301447-3116514 5758 64 3.59 0.17 -0.29 0.05 2.74 0.14 4.365 NGC2243
06301712-3118499 5402 82 4.66 0.21 -0.12 0.08 1.81 0.00 4.365 NGC2243
06301948-3121152 5969 80 3.48 0.22 0.11 0.08 2.15 0.00 4.365 NGC2243
06301988-3114595 6394 84 4.08 0.21 -0.20 0.07 3.05 0.20 4.365 NGC2243
06302138-3118357 6136 84 3.52 0.22 -0.34 0.08 2.65 0.29 4.365 NGC2243
06302518-3116561 6270 83 3.30 0.22 -0.30 0.08 2.94 0.25 4.365 NGC2243
06290132-3110238 5779 66 4.44 0.14 0.09 0.07 1.44 0.19 4.365 NGC2243
06290710-3120331 6428 63 4.27 0.14 -0.64 0.07 2.80 0.11 4.365 NGC2243
06290770-3113277 6594 55 3.98 0.16 -0.78 0.06 2.51 0.13 4.365 NGC2243
06290976-3108505 6420 66 4.19 0.14 -0.55 0.07 2.38 0.14 4.365 NGC2243
06291903-3122135 6202 64 4.33 0.14 -0.57 0.07 2.64 0.09 4.365 NGC2243
06292007-3122084 6098 65 4.41 0.14 -0.20 0.07 2.33 0.07 4.365 NGC2243
06292977-3109439 6483 65 4.06 0.14 -0.56 0.07 2.33 0.00 4.365 NGC2243
06293208-3110172 5446 64 4.53 0.14 -0.34 0.07 1.11 0.23 4.365 NGC2243
06293640-3118334 6374 65 4.20 0.14 -0.63 0.07 2.53 0.10 4.365 NGC2243
06294179-3111370 6601 54 3.69 0.16 -0.86 0.16 2.29 0.00 4.365 NGC2243
06294299-3125187 5468 64 4.62 0.14 0.09 0.07 0.78 1.06 4.365 NGC2243
06294381-3110186 6363 67 4.14 0.14 -0.66 0.07 1.67 0.00 4.365 NGC2243
06295200-3114195 6598 55 3.79 0.16 -0.77 0.06 1.78 0.00 4.365 NGC2243
06285343-3117326 5773 101 3.90 0.34 -0.59 0.09 2.36 0.18 4.365 NGC2243
06285390-3115213 5994 105 4.12 0.33 -0.41 0.09 2.78 0.17 4.365 NGC2243
06285594-3114347 5321 64 3.89 0.17 -0.72 0.05 1.36 0.00 4.365 NGC2243
06290031-3121040 5735 81 3.97 0.22 -0.37 0.08 2.43 0.17 4.365 NGC2243
06290103-3118539 5357 84 4.24 0.21 -0.49 0.07 1.97 0.20 4.365 NGC2243
06290459-3123184 6271 65 4.40 0.18 -0.67 0.05 2.92 0.08 4.365 NGC2243
06290624-3122275 6113 81 3.93 0.22 -0.26 0.08 2.73 0.25 4.365 NGC2243
06290678-3126061 6241 95 3.73 0.25 0.27 0.13 3.20 0.19 4.365 NGC2243
06290715-3109243 6090 63 4.32 0.17 -0.35 0.05 3.14 0.11 4.365 NGC2243
06290737-3112013 5868 64 4.05 0.17 -0.61 0.06 2.77 0.11 4.365 NGC2243
06290926-3126203 5542 82 4.71 0.22 -0.20 0.08 2.24 0.25 4.365 NGC2243
06291032-3118359 6266 80 3.98 0.22 -0.18 0.07 2.94 0.16 4.365 NGC2243
06291113-3121461 5763 63 4.19 0.17 -0.76 0.05 2.24 0.17 4.365 NGC2243
06291125-3119328 6145 106 4.35 0.33 -0.48 0.09 3.05 0.16 4.365 NGC2243
06291191-3119484 5442 81 3.89 0.21 0.02 0.08 2.02 0.00 4.365 NGC2243
06291306-3108543 6464 69 3.94 0.20 -0.30 0.05 2.19 0.00 4.365 NGC2243
06291358-3116426 6223 63 4.08 0.17 -0.58 0.05 2.82 0.15 4.365 NGC2243
06291382-3122382 5645 103 4.71 0.33 -0.64 0.09 2.51 0.18 4.365 NGC2243
06291421-3121302 5909 84 4.07 0.21 -0.19 0.08 2.62 0.00 4.365 NGC2243
06291454-3125598 5740 81 4.34 0.22 -0.32 0.08 2.23 0.29 4.365 NGC2243
06291623-3115259 6108 82 4.39 0.21 -0.32 0.08 2.55 0.19 4.365 NGC2243
06291635-3124509 6049 65 4.41 0.17 -0.31 0.05 2.77 0.14 4.365 NGC2243
06291637-3112439 5831 79 3.79 0.22 -0.20 0.08 2.57 0.17 4.365 NGC2243
06291637-3114105 5786 80 4.83 0.22 -0.14 0.08 2.37 0.28 4.365 NGC2243
06291657-3116370 5798 84 4.38 0.22 -0.56 0.07 2.52 0.14 4.365 NGC2243
06291677-3118367 6203 80 3.54 0.22 -0.68 0.08 2.68 0.12 4.365 NGC2243
06291698-3119231 5485 83 2.59 0.22 -0.91 0.08 2.31 0.13 4.365 NGC2243
06291741-3116223 6196 70 3.83 0.21 -0.54 0.05 2.83 0.11 4.365 NGC2243
06292053-3115259 5538 82 4.61 0.23 -0.41 0.07 2.28 0.18 4.365 NGC2243
06292199-3122007 5672 81 4.35 0.22 -0.72 0.08 2.37 0.18 4.365 NGC2243
06292207-3121303 6178 63 3.88 0.18 -0.81 0.06 2.65 0.11 4.365 NGC2243
06292240-3118364 5737 65 4.18 0.17 -0.88 0.06 2.40 0.12 4.365 NGC2243
06292259-3116231 5357 102 4.91 0.30 -0.41 0.09 2.10 0.22 4.365 NGC2243
06292351-3118320 6272 65 4.21 0.17 -0.70 0.05 2.66 0.09 4.365 NGC2243
06292402-3118050 5827 80 4.64 0.22 -0.46 0.08 2.53 0.19 4.365 NGC2243
06292408-3120385 5900 80 3.83 0.22 -0.82 0.08 2.60 0.12 4.365 NGC2243
06292419-3122421 5217 81 3.51 0.22 -0.46 0.08 1.89 0.26 4.365 NGC2243
06292458-3109210 5751 64 4.24 0.17 -0.42 0.05 1.92 0.09 4.365 NGC2243
06292465-3116292 5633 65 4.14 0.17 -0.43 0.05 2.31 0.12 4.365 NGC2243
06292482-3117556 6529 64 4.13 0.17 -0.43 0.05 2.21 0.00 4.365 NGC2243
06292538-3117157 5394 83 4.66 0.22 -0.77 0.07 1.82 0.00 4.365 NGC2243
06292642-3109317 6298 65 4.48 0.18 -0.33 0.06 3.16 0.09 4.365 NGC2243
06292642-3125436 5851 82 4.59 0.22 -0.01 0.08 2.60 0.23 4.365 NGC2243
06292683-3116180 5408 84 4.72 0.22 -0.19 0.07 2.25 0.20 4.365 NGC2243
06292788-3116258 5429 102 3.69 0.33 -0.58 0.10 2.09 0.22 4.365 NGC2243
06292873-3115511 5993 69 4.18 0.21 -0.52 0.06 2.65 0.12 4.365 NGC2243
06292880-3116339 6082 83 3.66 0.22 -0.66 0.08 2.83 0.11 4.365 NGC2243
06292993-3119032 5450 82 3.69 0.22 -0.33 0.08 1.95 0.25 4.365 NGC2243
06293018-3116297 6280 81 4.49 0.22 -0.42 0.08 3.07 0.10 4.365 NGC2243
06293043-3118331 5621 82 4.14 0.22 -0.53 0.08 2.28 0.20 4.365 NGC2243
06293054-3117457 6579 64 4.26 0.18 -0.68 0.05 3.03 0.10 4.365 NGC2243
06293170-3117563 6583 83 4.41 0.22 -0.53 0.07 2.14 0.00 4.365 NGC2243
06293304-3116035 5659 81 3.26 0.21 -0.59 0.08 2.33 0.16 4.365 NGC2243
06293352-3117009 5769 66 4.47 0.18 -0.54 0.06 2.28 0.14 4.365 NGC2243
06293401-3114168 5108 85 4.26 0.22 -0.42 0.07 1.57 0.00 4.365 NGC2243
06293533-3113408 5951 100 4.28 0.33 -0.37 0.09 2.67 0.18 4.365 NGC2243
06293667-3119238 5910 104 3.97 0.34 -0.24 0.10 2.44 0.29 4.365 NGC2243
06293709-3116258 6448 65 4.48 0.18 -0.68 0.05 2.09 0.29 4.365 NGC2243
06293827-3122547 6016 102 4.58 0.34 -0.44 0.10 2.59 0.20 4.365 NGC2243
06293983-3116457 6114 62 4.25 0.17 -0.30 0.05 2.77 0.10 4.365 NGC2243
06294094-3118333 6079 65 4.27 0.17 -0.72 0.06 2.91 0.07 4.365 NGC2243
06294193-3114447 5654 82 4.62 0.22 -0.42 0.08 1.83 0.00 4.365 NGC2243
06294223-3110302 6107 65 4.36 0.17 -0.48 0.05 2.82 0.14 4.365 NGC2243
06294253-3116001 6179 67 3.67 0.18 -0.23 0.06 2.70 0.15 4.365 NGC2243
06294260-3116473 5701 83 4.49 0.22 -0.56 0.08 2.43 0.14 4.365 NGC2243
06294272-3116272 5747 82 4.99 0.22 -0.16 0.08 2.46 0.23 4.365 NGC2243
06294403-3109309 6070 64 3.75 0.18 -0.68 0.06 2.85 0.10 4.365 NGC2243
06294464-3118288 6097 70 4.10 0.21 -0.40 0.05 3.19 0.12 4.365 NGC2243
06294518-3115267 4920 82 4.35 0.22 -0.18 0.07 1.44 0.30 4.365 NGC2243
06294523-3110010 5698 64 3.62 0.18 -0.45 0.06 2.95 0.13 4.365 NGC2243
06294572-3113423 6248 83 4.30 0.21 -0.47 0.08 3.03 0.12 4.365 NGC2243
06294584-3118132 5886 82 4.01 0.21 -0.41 0.08 2.38 0.28 4.365 NGC2243
06294592-3114150 5674 81 4.56 0.22 -0.29 0.07 2.47 0.20 4.365 NGC2243
06294607-3116255 6552 65 4.19 0.18 -0.73 0.05 1.90 0.00 4.365 NGC2243
06294610-3115138 5897 81 4.62 0.22 -0.02 0.08 2.80 0.18 4.365 NGC2243
06294648-3119491 6547 67 4.10 0.17 -0.59 0.06 2.39 0.00 4.365 NGC2243
06294800-3117576 5922 65 4.20 0.17 -0.46 0.05 2.76 0.12 4.365 NGC2243
06294971-3114345 6408 81 4.60 0.22 -0.82 0.08 2.75 0.15 4.365 NGC2243
06295001-3122236 6373 65 4.09 0.18 -0.36 0.05 2.62 0.11 4.365 NGC2243
06295339-3115199 6242 64 3.76 0.17 -0.49 0.05 2.31 0.00 4.365 NGC2243
06295363-3121374 6036 81 4.06 0.22 -0.70 0.08 3.00 0.18 4.365 NGC2243
06295384-3115532 6479 66 4.11 0.17 -0.35 0.05 2.80 0.11 4.365 NGC2243
06295661-3114230 5643 84 4.07 0.22 -0.25 0.08 2.07 0.00 4.365 NGC2243
06295700-3114076 5811 65 4.47 0.17 -0.48 0.05 2.58 0.12 4.365 NGC2243
06295722-3111447 5831 65 4.27 0.17 -0.66 0.05 2.46 0.16 4.365 NGC2243
06295788-3114386 6559 66 4.22 0.17 -0.72 0.05 2.31 0.20 4.365 NGC2243
06295899-3119073 5719 64 4.62 0.18 -0.51 0.05 2.24 0.18 4.365 NGC2243
06300490-3116038 5291 79 3.82 0.22 -0.34 0.08 1.60 0.00 4.365 NGC2243
06300511-3118158 6494 82 4.53 0.22 -0.54 0.07 2.46 0.19 4.365 NGC2243
06300786-3116076 6063 66 4.08 0.17 -0.76 0.06 2.63 0.06 4.365 NGC2243
06290802-3110422 6435 81 4.16 0.21 -0.20 0.08 2.85 0.19 4.365 NGC2243
06292300-3117299 4957.5 31 2.37 0.05 -0.52 0.06 0.10 0.00 4.365 NGC2243
