OBJECT TEFF E_TEFF LOGG E_LOGG FEH E_FEH LI1 E_LI1 "AGE (Gyr)" GES_FLD MEM3D
11065085-5841061 4651 64 4.63 0.14 -0.33 0.07 0.8 0.14 0.398 NGC3532 0.9997
11070549-5839270 4334 68 4.58 0.15 -0.55 0.07 0.47 0.15 0.398 NGC3532 0.9999
11070825-5844390 4545 63 4.65 0.14 -0.22 0.07 0.26 0.17 0.398 NGC3532 0.9999
11070908-5839114 5359 65 4.66 0.15 -0.12 0.07 2.08 0.07 0.398 NGC3532 0.9999
11071755-5839102 4599 64 4.6 0.15 -0.21 0.07 0.24 0.29 0.398 NGC3532 0.9999
11072934-5838332 4912 63 4.68 0.14 -0.12 0.07 1.58 0.09 0.398 NGC3532 0.9999
11073156-5834579 4679 66 4.69 0.15 -0.14 0.07 0.82 0.14 0.398 NGC3532 0.9997
11073790-5841499 5250 66 4.68 0.15 -0.13 0.07 2.25 0.08 0.398 NGC3532 0.9883
11074053-5841424 4542 62 4.67 0.14 -0.15 0.07 1.24 0.09 0.398 NGC3532 0.9999
11074537-5837301 4395 69 4.68 0.15 -0.39 0.07 -0.35 0.54 0.398 NGC3532 0.9996
11075253-5844401 4811 64 4.7 0.15 -0.2 0.07 1.76 0.08 0.398 NGC3532 0.9997
11080410-5843358 5170 64 4.66 0.14 -0.12 0.07 1.82 0.09 0.398 NGC3532 0.9998
11084038-5850429 5607 65 4.6 0.14 -0.12 0.07 2.43 0.06 0.398 NGC3532 0.9801
11073982-5842055 6211 38 4.41 0.05 0.05 0.05 3.08 0.03 0.398 NGC3532 0.9997
11083921-5845051 6024 37 4.43 0.05 -0.02 0.06 2.93 0.03 0.398 NGC3532 0.9686
11035262-5847131 6514 64 4.3 0.17 0.02 0.05 2.9 0.07 0.398 NGC3532 0.9981
11041355-5841223 4674 63 4.56 0.17 -0.04 0.06 0.81 0.19 0.398 NGC3532 0.9994
11042731-5853118 4933 64 4.9 0.17 0.04 0.05 0.71 0.33 0.398 NGC3532 0.9997
11042970-5841233 5172 66 4.62 0.18 0.14 0.05 1.16 0.2 0.398 NGC3532 0.9996
11043521-5839310 6743 79 4.17 0.18 0.07 0.1 2.6 0.08 0.398 NGC3532 0.9998
11043749-5839038 6112 65 4.32 0.17 0 0.05 2.91 0.06 0.398 NGC3532 0.9941
11043796-5838290 4915 65 4.59 0.17 0.03 0.05 1.52 0.12 0.398 NGC3532 0.9999
11043954-5849393 6465 66 4.14 0.17 0.02 0.05 2.58 0.07 0.398 NGC3532 0.9998
11044121-5856473 6115 65 4.24 0.18 0.06 0.05 3.11 0.06 0.398 NGC3532 0.998
11044221-5857037 5543 66 4.03 0.17 0.2 0.05 2.34 0.1 0.398 NGC3532 0.9997
11044279-5846403 6751 66 4.22 0.18 -0.06 0.06 2.01 0.15 0.398 NGC3532 0.9997
11044466-5849413 6546 67 4.25 0.17 0.05 0.05 3.07 0.05 0.398 NGC3532 0.9997
11044869-5840147 6053 65 4.35 0.17 0.03 0.05 2.92 0.06 0.398 NGC3532 0.9999
11044961-5838428 5829 65 4.69 0.18 -0.06 0.06 2.73 0.06 0.398 NGC3532 0.9935
11044967-5841472 6224 66 4.3 0.18 0.05 0.05 2.96 0.06 0.398 NGC3532 0.9999
11045505-5847128 5835 63 4.52 0.18 0.08 0.05 2.77 0.06 0.398 NGC3532 0.9999
11045607-5846451 4760 64 4.48 0.18 -0.08 0.05 0.84 0.11 0.398 NGC3532 0.9996
11045716-5856285 6714 64 4.21 0.17 -0.03 0.05 2.01 0.0 0.398 NGC3532 0.9994
11050079-5856528 6936 67 4.22 0.17 -0.05 0.05 3.08 0.06 0.398 NGC3532 0.9844
11050638-5842095 5765 63 4.19 0.17 -0.13 0.05 2.68 0.06 0.398 NGC3532 0.9809
11051186-5846302 5649 64 4.53 0.18 0.21 0.05 2.19 0.07 0.398 NGC3532 0.9999
11051477-5836545 5893 62 4.44 0.17 0.03 0.05 2.81 0.06 0.398 NGC3532 0.9999
11051641-5840316 5826 66 4.47 0.18 0.03 0.05 2.77 0.06 0.398 NGC3532 0.9998
11051971-5840208 6139 63 4.29 0.18 0.03 0.05 3.11 0.05 0.398 NGC3532 0.9999
11052238-5844358 6657 64 4.28 0.17 0.01 0.05 2.73 0.05 0.398 NGC3532 0.9994
11052290-5843225 5828 65 4.54 0.17 0.18 0.06 2.37 0.06 0.398 NGC3532 0.9997
11052473-5843583 5756 63 4.54 0.18 0.17 0.06 2.56 0.06 0.398 NGC3532 0.9999
11052638-5851250 5052 65 4.63 0.18 0.01 0.06 1.93 0.08 0.398 NGC3532 0.9989
11053097-5847491 5132 65 4.5 0.18 -0.01 0.06 1.44 0.08 0.398 NGC3532 0.9998
11053162-5837371 5806 64 4.43 0.18 0.05 0.05 2.73 0.06 0.398 NGC3532 0.9999
11053233-5841192 6294 66 4.17 0.18 0.01 0.06 3.11 0.05 0.398 NGC3532 0.9999
11053403-5839094 6415 67 4.29 0.17 -0.04 0.05 2.69 0.06 0.398 NGC3532 0.9994
11053571-5849079 5095 64 4.66 0.18 -0.06 0.06 1.57 0.08 0.398 NGC3532 0.9952
11053580-5852123 6251 65 4.24 0.17 0 0.05 2.51 0.06 0.398 NGC3532 0.9988
11053586-5840512 5495 66 4.38 0.18 0.01 0.06 2.45 0.07 0.398 NGC3532 0.9995
11054562-5843251 5207 63 4.27 0.18 0.08 0.06 1.66 0.09 0.398 NGC3532 0.9997
11054757-5846152 6453 65 4.18 0.17 -0.03 0.05 3.13 0.05 0.398 NGC3532 0.9996
11054948-5840187 6183 65 4.35 0.18 0.12 0.05 2.98 0.06 0.398 NGC3532 0.9998
11055041-5844437 6218 66 4.31 0.17 0.06 0.05 3.05 0.05 0.398 NGC3532 0.9997
11055160-5846526 6354 63 4.12 0.17 -0.06 0.05 2.47 0.06 0.398 NGC3532 0.9999
11055372-5846422 5318 65 4.19 0.17 0.05 0.05 1.71 0.07 0.398 NGC3532 0.9999
11055784-5850510 5202 63 4.55 0.17 0.04 0.06 2.23 0.08 0.398 NGC3532 0.9999
11060121-5850254 6581 65 4.19 0.18 -0.05 0.05 2.6 0.05 0.398 NGC3532 0.9998
11060562-5845112 6537 66 4.19 0.17 0.06 0.06 3.02 0.05 0.398 NGC3532 0.9999
11060701-5840258 4676 68 4.79 0.21 0.12 0.06 0.8 0.2 0.398 NGC3532 0.9999
11060867-5843274 6595 66 4.33 0.17 -0.2 0.06 2.48 0.05 0.398 NGC3532 0.9986
11060956-5838557 4911 67 4.79 0.17 0.14 0.06 1.3 0.16 0.398 NGC3532 0.9936
11061081-5847119 6998 64 4.23 0.18 -0.1 0.06 2.73 0.07 0.398 NGC3532 0.9999
11062180-5846500 5846 65 4.31 0.17 -0.03 0.05 2.82 0.06 0.398 NGC3532 0.9996
11062242-5849516 6639 67 4.18 0.18 -0.05 0.06 2.61 0.06 0.398 NGC3532 0.9997
11062273-5840579 5909 66 4.36 0.18 -0.09 0.06 2.75 0.06 0.398 NGC3532 0.9996
11062905-5845014 6432 67 4.14 0.18 0.02 0.05 2.95 0.06 0.398 NGC3532 0.9988
11062915-5846464 5288 64 4.43 0.17 -0.12 0.05 2.3 0.07 0.398 NGC3532 0.9999
11043679-5847578 5776 33 4.48 0.05 0.02 0.05 2.65 0.03 0.398 NGC3532 0.9994
11045622-5847279 5662 36 4.45 0.05 0.03 0.05 2.27 0.04 0.398 NGC3532 0.9997
11035117-5857275 5380 36 4.42 0.05 -0.02 0.05 2.22 0.04 0.398 NGC3532 0.9999
11035560-5855296 5723 36 4.36 0.05 -0.03 0.05 2.47 0.04 0.398 NGC3532 0.9999
11042118-5906578 6347 63 4.24 0.17 0.06 0.05 3.06 0.05 0.398 NGC3532 0.9998
11043693-5859007 6504 63 4.15 0.17 0.06 0.05 2.95 0.05 0.398 NGC3532 0.9956
11050326-5903475 6627 66 4.14 0.17 -0.08 0.06 2.65 0.08 0.398 NGC3532 0.999
11051484-5859095 6166 62 4.26 0.17 0.04 0.05 2.96 0.06 0.398 NGC3532 0.9945
11051887-5852300 4942 67 4.71 0.17 0.04 0.05 1.26 0.11 0.398 NGC3532 0.9998
11053214-5857081 5297 66 4.26 0.17 0.11 0.05 1.74 0.08 0.398 NGC3532 0.9999
11053223-5859071 5105 67 4.71 0.18 -0.02 0.05 2.07 0.08 0.398 NGC3532 0.9958
11053328-5851061 6698 66 4.17 0.17 0.08 0.05 2.65 0.06 0.398 NGC3532 0.9999
11054001-5904341 6511 66 4.21 0.17 -0.02 0.05 2.71 0.06 0.398 NGC3532 0.9997
11055220-5855347 6159 67 4.28 0.17 -0.04 0.05 2.96 0.06 0.398 NGC3532 0.9999
11055228-5910362 6290 66 4.2 0.18 0.03 0.05 2.82 0.05 0.398 NGC3532 0.9995
11055783-5856344 6660 65 4.12 0.17 0.01 0.05 2.98 0.05 0.398 NGC3532 0.9959
11060132-5857103 5270 67 4.18 0.17 0.08 0.05 2.13 0.08 0.398 NGC3532 0.9999
11060148-5902581 6284 66 4.26 0.17 -0.02 0.06 3.15 0.05 0.398 NGC3532 0.9999
11060272-5856530 5065 66 4.53 0.17 -0.09 0.05 1.66 0.07 0.398 NGC3532 0.9995
11060442-5901343 6451 65 4.16 0.18 0.01 0.05 3.11 0.05 0.398 NGC3532 0.9999
11060522-5856061 6492 66 4.13 0.18 -0.05 0.05 2.8 0.05 0.398 NGC3532 0.9949
11060688-5859184 5283 64 4.28 0.18 0.13 0.05 2.28 0.07 0.398 NGC3532 0.9999
11061533-5852564 6782 67 4.19 0.18 0.04 0.05 2.6 0.05 0.398 NGC3532 0.9996
11062416-5853194 6749 65 4.19 0.17 -0.06 0.05 2.67 0.06 0.398 NGC3532 0.9997
11062466-5857125 6219 66 4.22 0.17 0.04 0.05 3.02 0.05 0.398 NGC3532 0.9999
11062575-5909341 6201 65 4.34 0.17 -0.04 0.06 3 0.06 0.398 NGC3532 0.9999
11062589-5852279 5182 63 4.76 0.17 0 0.06 1.67 0.09 0.398 NGC3532 0.9994
11063921-5907482 5826 63 4.46 0.17 -0.06 0.05 2.8 0.06 0.398 NGC3532 0.9999
11065091-5858036 5314 64 4.57 0.18 0.03 0.06 1.82 0.06 0.398 NGC3532 0.9996
11065400-5900568 4989 65 4.55 0.18 0.03 0.05 2.16 0.09 0.398 NGC3532 0.9999
11065760-5904007 5735 64 4.27 0.17 -0.03 0.05 2.65 0.06 0.398 NGC3532 0.9999
11070026-5903368 6742 66 4.22 0.18 0.01 0.05 2.06 0.19 0.398 NGC3532 0.9999
11070636-5859365 5098 65 4.52 0.17 -0.07 0.06 1.83 0.08 0.398 NGC3532 0.9996
11044923-5901067 5632 33 4.44 0.05 -0.01 0.04 2.57 0.05 0.398 NGC3532 0.9999
11045170-5906388 5995 35 4.44 0.05 -0.01 0.04 3.1 0.04 0.398 NGC3532 0.9996
11052067-5900337 5650 32 4.44 0.05 -0.02 0.04 2.46 0.04 0.398 NGC3532 0.9998
11050119-5836244 6183 66 4.2 0.17 -0.01 0.05 3.02 0.06 0.398 NGC3532 0.9999
11051407-5839488 6330 63 4.19 0.17 0.05 0.06 2.98 0.05 0.398 NGC3532 0.9999
11054260-5837538 6598 65 4.14 0.17 -0.01 0.05 3.07 0.04 0.398 NGC3532 0.9999
11055330-5837047 6249 67 4.25 0.18 0.04 0.06 3.21 0.05 0.398 NGC3532 0.9997
11061873-5830244 5320 65 4.72 0.18 -0.07 0.06 2.3 0.07 0.398 NGC3532 0.9998
11061887-5828259 6815 66 4.19 0.17 0.03 0.06 2.47 0.06 0.398 NGC3532 0.9993
11061994-5841257 6703 66 4.15 0.17 0.08 0.06 2.4 0.06 0.398 NGC3532 0.9999
11061995-5844489 5357 63 4.3 0.17 0.05 0.05 2.32 0.07 0.398 NGC3532 0.9994
11062061-5833093 5869 66 4.34 0.18 0.03 0.05 2.74 0.06 0.398 NGC3532 0.9999
11062506-5839444 5964 64 4.48 0.17 0.07 0.05 3.01 0.06 0.398 NGC3532 0.9999
11062530-5834341 6681 68 4.21 0.17 0.01 0.05 2.75 0.06 0.398 NGC3532 0.9999
11062929-5830135 6705 65 4.23 0.17 -0.02 0.05 2.47 0.07 0.398 NGC3532 0.9999
11063100-5829462 5611 65 4.45 0.17 0.15 0.05 2.48 0.06 0.398 NGC3532 0.9999
11063633-5841326 5307 64 4.52 0.17 -0.06 0.05 1.85 0.07 0.398 NGC3532 0.9993
11063937-5839582 5166 68 4.48 0.18 0.03 0.05 1.57 0.09 0.398 NGC3532 0.9998
11064172-5839199 5167 64 4.17 0.17 0.06 0.05 1.83 0.08 0.398 NGC3532 0.9999
11064553-5841241 6844 66 4.23 0.17 -0.07 0.05 3.2 0.04 0.398 NGC3532 0.9999
11064904-5844090 6106 64 4.31 0.17 -0.04 0.05 3.07 0.05 0.398 NGC3532 0.9993
11065444-5838316 5142 65 4.6 0.18 -0.02 0.05 1.69 0.09 0.398 NGC3532 0.9999
11065663-5845014 6130 66 4.26 0.17 -0.03 0.05 3.02 0.05 0.398 NGC3532 0.9997
11065791-5841574 5168 66 4.2 0.17 0.02 0.06 1.71 0.09 0.398 NGC3532 0.9997
11070866-5830328 6728 64 4.14 0.17 0 0.06 2.43 0.07 0.398 NGC3532 0.9999
11070882-5827521 4874 63 4.6 0.17 0.06 0.05 1.01 0.12 0.398 NGC3532 0.9999
11071220-5843119 6879 65 4.18 0.17 -0.04 0.05 2.4 0.07 0.398 NGC3532 0.9999
11071237-5839189 5955 65 4.37 0.18 -0.04 0.05 2.93 0.06 0.398 NGC3532 0.9846
11072755-5832584 6298 66 4.16 0.17 -0.04 0.05 2.67 0.05 0.398 NGC3532 0.9999
11073012-5830467 5822 64 4.44 0.17 0.08 0.05 2.74 0.06 0.398 NGC3532 0.9999
11073535-5827257 5651 67 4.22 0.17 -0.01 0.05 2.5 0.07 0.398 NGC3532 0.9999
11074076-5830044 4947 64 4.38 0.18 0.02 0.06 1.42 0.1 0.398 NGC3532 0.9991
11053477-5837108 5878 39 4.46 0.05 0.03 0.04 2.78 0.04 0.398 NGC3532 0.9993
11061685-5835179 5471 31 4.49 0.05 0 0.05 2.29 0.04 0.398 NGC3532 0.9999
11062379-5832269 5595 33 4.42 0.05 -0.07 0.04 2.63 0.04 0.398 NGC3532 0.9998
11063294-5837483 5743 37 4.34 0.05 -0.09 0.05 2.73 0.04 0.398 NGC3532 0.9993
11070902-5832057 5752 31 4.37 0.05 -0.03 0.05 2.63 0.03 0.398 NGC3532 0.9998
11062533-5843191 5242 67 4.05 0.17 -0.03 0.05 1.23 0.13 0.398 NGC3532 0.9999
11071992-5859586 5026 64 4.52 0.18 -0.04 0.05 1.88 0.08 0.398 NGC3532 0.9998
11073024-5901201 6541 64 4.15 0.17 -0.05 0.06 2.98 0.05 0.398 NGC3532 0.9998
11073699-5857004 5979 64 4.37 0.17 0.04 0.05 2.96 0.06 0.398 NGC3532 0.9999
11080864-5844342 6761 67 4.04 0.18 0.06 0.05 3.18 0.05 0.398 NGC3532 0.9651
11083128-5848276 6081 66 4.3 0.17 0.02 0.06 3.03 0.05 0.398 NGC3532 0.9806
11061962-5849319 5643 34 4.41 0.05 0.1 0.04 2.57 0.04 0.398 NGC3532 0.9999
11071871-5849027 5634 33 4.4 0.05 0.03 0.05 2.61 0.04 0.398 NGC3532 0.9997
11073929-5848570 5814 33 4.36 0.05 -0.09 0.04 2.84 0.03 0.398 NGC3532 0.9896
11081128-5856090 5318 33 4.45 0.05 -0.03 0.04 2.01 0.04 0.398 NGC3532 0.9999
11082918-5849384 5789 31 4.35 0.05 -0.04 0.05 2.76 0.03 0.398 NGC3532 0.9996
11021990-5857540 4394 76 4.58 0.18 0.04 0.09 0.29 0.18 0.398 NGC3532 0.9873
11024398-5853072 4475 78 4.57 0.18 0 0.09 1.02 0.11 0.398 NGC3532 0.9999
11025354-5857350 3496 111 4.87 0.24 -0.32 0.09 -1 0.0 0.398 NGC3532 0.9999
11025487-5845405 4329 76 4.85 0.18 0.06 0.09 -0.37 0.47 0.398 NGC3532 0.9999
11025998-5906056 3539 107 4.87 0.23 -0.3 0.09 -0.81 0.49 0.398 NGC3532 0.9999
11030808-5854018 4414 77 4.49 0.17 0.04 0.1 0.41 0.16 0.398 NGC3532 0.9998
11031628-5905335 3922 79 4.76 0.18 -0.05 0.1 -0.03 0.28 0.398 NGC3532 0.9999
11033317-5848032 3308 109 4.87 0.24 -0.38 0.09 -0.68 0.43 0.398 NGC3532 0.9999
11033626-5907360 4106 74 4.78 0.18 -0.01 0.09 0.54 0.11 0.398 NGC3532 0.9998
11035383-5900057 4120 106 4.86 0.24 0.02 0.09 0.9 0.12 0.398 NGC3532 0.9999
11040478-5852413 3435 110 4.85 0.23 -0.35 0.09 -1 0.0 0.398 NGC3532 0.9999
11043552-5851504 3793 77 4.83 0.18 -0.14 0.09 0.17 0.25 0.398 NGC3532 0.9999
11050841-5858225 3348 107 4.84 0.24 -0.46 0.09 -1 0.0 0.398 NGC3532 0.9997
11033831-5849367 6108 38 4.4 0.05 -0.01 0.05 2.97 0.03 0.398 NGC3532 0.9999
11020607-5834460 6818 67 4.23 0.17 0.03 0.05 3.25 0.04 0.398 NGC3532 0.9847
11021891-5847363 6393 64 4.13 0.17 -0.08 0.06 2.4 0.09 0.398 NGC3532 0.9999
11022490-5836268 5930 69 4.37 0.18 -0.04 0.05 2.89 0.07 0.398 NGC3532 0.9999
11022744-5838540 5162 67 4.74 0.18 -0.09 0.05 1.36 0.12 0.398 NGC3532 0.987
11023122-5844264 5198 64 4.12 0.17 0.07 0.05 1.27 0.14 0.398 NGC3532 0.978
11023237-5833277 5443 65 4.28 0.17 -0.02 0.06 1.95 0.09 0.398 NGC3532 0.9998
11023416-5834273 5227 65 4.72 0.17 0.1 0.05 2.33 0.09 0.398 NGC3532 0.9998
11024584-5851381 6865 67 4.2 0.18 -0.05 0.05 3.22 0.04 0.398 NGC3532 0.9997
11025009-5833223 5989 66 4.39 0.17 0.36 0.05 1.27 1.29 0.398 NGC3532 0.9513
11025707-5846116 5509 65 4.39 0.17 0.14 0.06 2.28 0.07 0.398 NGC3532 0.9999
11025725-5836280 6510 65 4.15 0.17 0.07 0.05 2.29 0.09 0.398 NGC3532 0.9999
11025815-5836172 6825 79 4.16 0.18 0.06 0.1 3.37 0.05 0.398 NGC3532 0.9998
11030740-5845221 6501 67 4.13 0.18 -0.02 0.05 2.66 0.05 0.398 NGC3532 0.9999
11030793-5836212 6314 65 4.13 0.17 -0.01 0.06 3.14 0.05 0.398 NGC3532 0.9998
11031646-5847076 6194 63 4.3 0.17 0.03 0.05 3.12 0.05 0.398 NGC3532 0.9998
11032100-5832389 6285 64 4.17 0.17 0 0.05 2.85 0.05 0.398 NGC3532 0.9999
11033312-5848104 5992 65 4.33 0.17 -0.01 0.05 2.91 0.06 0.398 NGC3532 0.9999
11033316-5843589 5557 64 4.45 0.18 0.01 0.05 2.25 0.06 0.398 NGC3532 0.9999
11033368-5844468 6441 66 4.13 0.17 -0.09 0.05 2.52 0.06 0.398 NGC3532 0.9996
11033531-5841142 6712 65 4.19 0.17 0 0.05 2.44 0.07 0.398 NGC3532 0.9999
11033668-5837349 6203 63 4.29 0.17 -0.01 0.06 3.08 0.05 0.398 NGC3532 0.9999
11033731-5845390 5961 66 4.35 0.17 -0.01 0.06 2.91 0.06 0.398 NGC3532 0.9978
11033860-5847487 4859 64 4.6 0.17 -0.06 0.05 1.73 0.08 0.398 NGC3532 0.9862
11034321-5841042 6774 64 4.13 0.17 0 0.06 3.28 0.04 0.398 NGC3532 0.9656
11034559-5842021 5399 64 4.28 0.18 0.11 0.06 2.25 0.07 0.398 NGC3532 0.9999
11034720-5836376 6271 62 4.16 0.17 -0.01 0.05 2.89 0.05 0.398 NGC3532 0.9995
11034760-5833191 5032 65 4.75 0.17 -0.07 0.05 2.07 0.08 0.398 NGC3532 0.9999
11034905-5848143 6613 65 4.25 0.18 -0.03 0.05 2.51 0.09 0.398 NGC3532 0.9998
11035069-5849346 5148 64 4.22 0.18 -0.08 0.05 1.7 0.08 0.398 NGC3532 0.9998
11035147-5838362 6048 63 4.31 0.18 0.03 0.05 3.07 0.05 0.398 NGC3532 0.9999
11035879-5845487 6661 67 4.1 0.18 -0.02 0.05 2.6 0.09 0.398 NGC3532 0.9999
11035912-5844222 6166 63 4.3 0.17 0 0.06 3.07 0.05 0.398 NGC3532 0.9997
11041131-5844455 5923 67 4.42 0.17 0.04 0.05 2.88 0.06 0.398 NGC3532 0.9999
11041236-5845314 5748 64 4.39 0.17 0.03 0.05 2.45 0.06 0.398 NGC3532 0.9996
11041388-5845522 6215 65 4.26 0.17 -0.08 0.05 3.08 0.05 0.398 NGC3532 0.9998
11041666-5836492 5113 64 4.31 0.17 0.13 0.05 1.65 0.09 0.398 NGC3532 0.9997
11042438-5848353 5897 64 4.48 0.17 0.1 0.06 2.8 0.06 0.398 NGC3532 0.9998
11042797-5843085 6769 66 4.21 0.17 0 0.05 2.07 0.23 0.398 NGC3532 0.9999
11043450-5840097 5748 66 4.35 0.17 0.02 0.06 2.73 0.06 0.398 NGC3532 0.9999
11043708-5841145 6210 64 4.19 0.17 0 0.05 2.78 0.06 0.398 NGC3532 0.9995
11043803-5839253 5091 65 4.67 0.17 0.03 0.05 1.62 0.08 0.398 NGC3532 0.9999
11025058-5842069 5005 31 2.61 0.05 0.02 0.05 1.09 0.04 0.398 NGC3532 0.9978
11015731-5841434 4624 64 4.72 0.17 0.05 0.06 0.22 0.12 0.398 NGC3532 0.9998
11021124-5832399 4726 64 4.78 0.18 0.1 0.05 1.16 0.09 0.398 NGC3532 0.9999
11023480-5842592 3564 108 4.84 0.24 -0.22 0.09 -0.28 0.52 0.398 NGC3532 0.9999
11023592-5836276 3797 76 4.76 0.18 -0.14 0.1 0.38 0.18 0.398 NGC3532 0.9999
11024219-5842387 4467 75 4.54 0.17 -0.02 0.1 1.17 0.11 0.398 NGC3532 0.9999
11024249-5836107 3431 109 4.84 0.23 -0.33 0.09 -0.41 0.5 0.398 NGC3532 0.9999
11024414-5838419 3988 76 4.84 0.18 0 0.1 0.19 0.22 0.398 NGC3532 0.9998
11024571-5842096 3542 109 4.85 0.24 -0.24 0.09 0.14 0.1 0.398 NGC3532 0.9989
11024751-5852025 4595 64 4.8 0.17 0 0.06 0.76 0.09 0.398 NGC3532 0.9999
11024887-5839089 4025 75 4.93 0.18 -0.02 0.09 0.08 0.25 0.398 NGC3532 0.9998
11025065-5851571 3967 76 4.85 0.18 -0.04 0.09 0.5 0.1 0.398 NGC3532 0.9999
11025227-5838274 3392 109 4.85 0.23 -0.38 0.09 -0.89 0.37 0.398 NGC3532 0.9987
11025480-5837148 4355 75 4.51 0.18 0.05 0.09 0.4 0.13 0.398 NGC3532 0.9995
11025986-5848566 3662 108 4.84 0.23 -0.22 0.09 -0.31 0.57 0.398 NGC3532 0.9997
11030852-5837428 3721 106 4.85 0.24 -0.22 0.09 0.28 0.22 0.398 NGC3532 0.9989
11031151-5852530 4838 68 4.69 0.17 0.09 0.06 1.22 0.08 0.398 NGC3532 0.9999
11031377-5831227 4598 64 4.65 0.17 0.01 0.05 0.33 0.11 0.398 NGC3532 0.9929
11031546-5835390 3310 109 4.87 0.23 -0.38 0.09 -1 0.0 0.398 NGC3532 0.9998
11031714-5842502 3768 76 4.8 0.18 -0.21 0.1 0.29 0.2 0.398 NGC3532 0.9999
11032309-5837531 3862 76 4.74 0.18 -0.04 0.1 -0.17 0.25 0.398 NGC3532 0.9936
11032418-5841437 3467 104 4.86 0.23 -0.32 0.09 0.15 0.18 0.398 NGC3532 0.9982
11033843-5848140 4861 63 4.73 0.18 0.08 0.06 0.77 0.0 0.398 NGC3532 0.9998
11033969-5843371 3665 109 4.84 0.23 -0.22 0.09 0.13 0.35 0.398 NGC3532 0.9999
11034577-5836540 3560 107 4.85 0.23 -0.27 0.09 -0.28 0.46 0.398 NGC3532 0.9935
11034857-5841189 3801 75 4.76 0.18 -0.14 0.09 0.29 0.2 0.398 NGC3532 0.9999
11034889-5840293 4131 76 4.74 0.18 0.06 0.1 0.16 0.17 0.398 NGC3532 0.9999
11035102-5848476 3557 110 4.84 0.24 -0.28 0.09 -0.34 0.4 0.398 NGC3532 0.9998
11035274-5848339 3354 107 4.85 0.23 -0.46 0.09 -0.63 0.41 0.398 NGC3532 0.9999
11035563-5843010 3481 108 4.88 0.23 -0.29 0.09 -0.98 0.38 0.398 NGC3532 0.9998
11040040-5837094 4262 75 4.57 0.18 0.07 0.09 0.08 0.18 0.398 NGC3532 0.9998
11040054-5844044 4682 65 4.71 0.17 0.11 0.05 0.74 0.11 0.398 NGC3532 0.9999
11040263-5848084 4007 75 4.88 0.18 -0.07 0.1 0.68 0.13 0.398 NGC3532 0.9995
11040876-5841149 4292 74 4.84 0.18 0.05 0.1 -0.29 0.3 0.398 NGC3532 0.9998
11041040-5839230 3400 108 4.88 0.23 -0.33 0.09 -0.74 0.39 0.398 NGC3532 0.9997
11041110-5846107 3397 105 4.87 0.24 -0.33 0.09 -0.95 0.36 0.398 NGC3532 0.9998
11041468-5844477 4131 77 4.88 0.18 -0.04 0.09 0.43 0.15 0.398 NGC3532 0.9998
11043078-5843305 3859 79 4.77 0.18 -0.05 0.1 0.39 0.18 0.398 NGC3532 0.9999
11043844-5841566 3430 108 4.84 0.23 -0.35 0.09 -0.61 0.41 0.398 NGC3532 0.9999
11025939-5842593 5837 36 4.38 0.05 -0.07 0.05 2.63 0.03 0.398 NGC3532 0.9987
11031631-5847468 5691 36 4.42 0.05 -0.05 0.05 2.52 0.04 0.398 NGC3532 0.9997
11034308-5840024 5702 35 4.45 0.05 -0.03 0.05 2.42 0.04 0.398 NGC3532 0.9999
11034987-5836077 5796 35 4.45 0.05 0 0.05 2.76 0.03 0.398 NGC3532 0.9997
11040053-5847034 6145 37 4.38 0.05 -0.01 0.05 2.94 0.03 0.398 NGC3532 0.9999
11021669-5856361 5135 63 4.5 0.18 0.03 0.06 1.64 0.08 0.398 NGC3532 0.9999
11023846-5858026 5966 64 4.36 0.17 -0.06 0.05 2.93 0.06 0.398 NGC3532 0.9999
11025839-5853117 5788 63 4.25 0.18 -0.18 0.05 2.66 0.05 0.398 NGC3532 0.9811
11032881-5852184 5158 64 4.67 0.17 0.03 0.05 1.98 0.08 0.398 NGC3532 0.9994
11034143-5856473 4874 64 4.67 0.18 0.1 0.05 1.49 0.08 0.398 NGC3532 0.999
11034429-5857392 6747 65 4.27 0.17 0.03 0.05 3.14 0.05 0.398 NGC3532 0.9979
11034997-5900574 5438 65 4.28 0.17 0.02 0.06 2.35 0.08 0.398 NGC3532 0.9999
11040524-5851334 6888 63 4.22 0.18 0.1 0.05 1.88 0.0 0.398 NGC3532 0.9997
11041593-5857296 6837 80 4.11 0.18 -0.07 0.09 3.16 0.05 0.398 NGC3532 0.9981
11034206-5831167 5977 68 4.54 0.17 0.05 0.05 2.97 0.06 0.398 NGC3532 0.9998
11035579-5825356 6254 65 4.25 0.18 0.08 0.05 3.19 0.05 0.398 NGC3532 0.9999
11040770-5825119 6676 65 4.26 0.18 -0.2 0.05 2.35 0.08 0.398 NGC3532 0.9993
11040951-5827434 6407 65 4.18 0.17 -0.06 0.06 3.04 0.05 0.398 NGC3532 0.9994
11042543-5831393 5013 65 4.62 0.17 0.09 0.05 1.09 0.09 0.398 NGC3532 0.9999
11042817-5818143 6607 65 4.19 0.17 -0.03 0.05 3.27 0.04 0.398 NGC3532 0.9998
11043016-5820512 6748 65 4.24 0.18 -0.04 0.05 2 0.1 0.398 NGC3532 0.9999
11043956-5821320 5321 63 4.3 0.18 0.09 0.05 2.26 0.06 0.398 NGC3532 0.9998
11045241-5836505 5471 64 4.28 0.18 0.17 0.05 2.29 0.07 0.398 NGC3532 0.9999
11045263-5829339 6281 64 4.17 0.18 0.02 0.06 2.76 0.05 0.398 NGC3532 0.9998
11045401-5822265 5720 65 4.46 0.18 0.15 0.05 2.49 0.06 0.398 NGC3532 0.9998
11050755-5818463 5544 65 4.49 0.17 0.13 0.05 2.38 0.06 0.398 NGC3532 0.9998
11050994-5829498 6046 66 4.37 0.18 0.03 0.05 2.93 0.05 0.398 NGC3532 0.9991
11051737-5819307 6858 65 4.23 0.17 -0.02 0.06 3.2 0.04 0.398 NGC3532 0.9998
11052132-5816448 5256 66 4.35 0.17 0.09 0.05 2.2 0.08 0.398 NGC3532 0.9953
11052187-5824570 6225 65 4.27 0.17 0.1 0.05 2.8 0.05 0.398 NGC3532 0.9999
11052740-5818472 6622 67 4.26 0.18 0.02 0.05 2.46 0.05 0.398 NGC3532 0.9999
11052816-5831137 5443 64 4.25 0.18 0.02 0.05 2.19 0.07 0.398 NGC3532 0.9998
11052880-5837056 5129 64 4.65 0.18 0.1 0.06 1.46 0.08 0.398 NGC3532 0.9999
11052927-5832213 5264 65 4.3 0.18 0.1 0.05 1.37 0.09 0.398 NGC3532 0.9999
11053475-5829184 6704 64 4.22 0.18 0.03 0.06 2.69 0.05 0.398 NGC3532 0.9997
11054216-5824551 5391 64 4.19 0.17 0.2 0.05 2.09 0.07 0.398 NGC3532 0.9999
11055161-5818516 6191 64 4.3 0.17 0 0.05 3.07 0.05 0.398 NGC3532 0.9999
11055165-5833128 5198 62 4.66 0.17 0.09 0.05 1.65 0.08 0.398 NGC3532 0.9995
11055424-5829074 5545 66 4.44 0.17 0 0.06 2.51 0.06 0.398 NGC3532 0.9992
11060185-5828474 6235 65 4.26 0.17 0.04 0.06 3.15 0.05 0.398 NGC3532 0.9997
11060589-5821402 5895 65 4.47 0.18 0.04 0.05 2.71 0.06 0.398 NGC3532 0.9996
11060688-5829023 6662 66 4.2 0.17 0 0.06 2.85 0.05 0.398 NGC3532 0.9999
11060954-5825229 6782 66 4.22 0.18 -0.04 0.06 2.24 0.09 0.398 NGC3532 0.9981
11043113-5828487 5649 36 4.42 0.05 -0.01 0.05 2.54 0.04 0.398 NGC3532 0.9998
11043247-5823257 5838 36 4.42 0.05 0.04 0.05 2.73 0.03 0.398 NGC3532 0.9998
11043596-5845209 4975 31 2.56 0.05 0 0.05 1.06 0.05 0.398 NGC3532 0.9989
11055874-5843295 4958 31 2.6 0.05 0.04 0.05 1.27 0.05 0.398 NGC3532 0.9988
11032469-5826381 3560 107 4.86 0.23 -0.29 0.09 -1 0.0 0.398 NGC3532 0.9998
11033908-5827166 4576 78 4.63 0.18 -0.02 0.09 1.43 0.11 0.398 NGC3532 0.9998
11034820-5824408 3998 76 4.61 0.18 0.01 0.09 0.63 0.1 0.398 NGC3532 0.9998
11035313-5828421 3936 77 4.69 0.18 -0.06 0.09 0.24 0.2 0.398 NGC3532 0.9999
11035782-5827067 4178 77 4.9 0.18 0.02 0.09 0.24 0.2 0.398 NGC3532 0.9998
11041208-5825044 4854 65 4.67 0.18 0.11 0.05 0.91 0.09 0.398 NGC3532 0.9999
11041562-5829317 3546 104 4.86 0.24 -0.24 0.09 0.36 0.0 0.398 NGC3532 0.9984
11041653-5828189 3810 108 4.83 0.23 -0.13 0.09 0.38 0.26 0.398 NGC3532 0.9998
11042239-5827152 3799 76 4.8 0.18 -0.14 0.09 0.12 0.26 0.398 NGC3532 0.9998
11043826-5824459 3958 75 4.69 0.18 -0.06 0.1 0.47 0.17 0.398 NGC3532 0.9998
11044636-5825150 4340 76 4.65 0.18 0.04 0.09 0.73 0.12 0.398 NGC3532 0.9998
11044896-5820032 4275 78 4.55 0.18 0.03 0.1 0.34 0.17 0.398 NGC3532 0.9997
11045064-5819393 4240 73 4.56 0.18 0.03 0.09 -0.06 0.31 0.398 NGC3532 0.9965
11045163-5823295 4871 66 4.39 0.17 -0.04 0.06 1.82 0.09 0.398 NGC3532 0.9994
11045245-5826394 3792 77 4.7 0.18 -0.18 0.09 -0.7 0.55 0.398 NGC3532 0.9999
11050211-5836011 3962 77 4.79 0.18 -0.04 0.09 -0.17 0.43 0.398 NGC3532 0.9999
11050686-5833560 3763 107 4.84 0.24 -0.13 0.09 -0.25 0.62 0.398 NGC3532 0.9894
11051072-5828095 4260 76 4.65 0.18 0.05 0.09 -0.02 0.36 0.398 NGC3532 0.9995
11052355-5824303 4230 75 4.57 0.18 0.07 0.09 0.54 0.14 0.398 NGC3532 0.9999
11053055-5827360 3978 75 4.9 0.18 -0.05 0.09 -0.44 0.64 0.398 NGC3532 0.9998
11053428-5836292 3995 74 4.78 0.18 -0.08 0.1 -0.31 0.61 0.398 NGC3532 0.9997
11054883-5830515 4730 66 4.64 0.18 0.15 0.05 0.81 0.12 0.398 NGC3532 0.9996
11055052-5828214 3910 106 4.83 0.23 -0.1 0.09 0.35 0.26 0.398 NGC3532 0.9999
11055179-5825121 4902 66 4.55 0.18 0.1 0.06 1.17 0.1 0.398 NGC3532 0.9998
11055465-5831463 4441 76 4.49 0.18 0.03 0.09 1.11 0.12 0.398 NGC3532 0.9999
11042351-5845212 3945 78 4.63 0.18 -0.05 0.09 0.03 0.33 0.398 NGC3532 0.9994
11042486-5854190 4484 68 4.83 0.21 0.11 0.05 0.38 0.0 0.398 NGC3532 0.9999
11043037-5849482 4062 104 4.84 0.24 -0.05 0.09 0.17 0.0 0.398 NGC3532 0.9841
11043415-5852083 4594 64 4.94 0.17 0.16 0.06 0 0.0 0.398 NGC3532 0.9999
11043906-5849574 4618 65 4.87 0.18 0.11 0.05 0.45 0.0 0.398 NGC3532 0.9999
11043973-5846391 3715 106 4.84 0.24 -0.13 0.09 -0.32 0.0 0.398 NGC3532 0.9999
11044760-5848115 4508 66 4.78 0.17 0.15 0.06 0.49 0.14 0.398 NGC3532 0.9999
11045394-5837175 4695 64 4.52 0.17 0.05 0.05 1.01 0.13 0.398 NGC3532 0.9999
11045805-5845509 3762 108 4.83 0.23 -0.11 0.09 0.25 0.31 0.398 NGC3532 0.9999
11051251-5842179 4189 75 4.65 0.18 0.06 0.09 0.37 0.17 0.398 NGC3532 0.9991
11051969-5852216 4756 63 4.7 0.18 0.13 0.05 1.57 0.08 0.398 NGC3532 0.9997
11052050-5854040 3440 108 4.89 0.23 -0.38 0.09 -1 0.0 0.398 NGC3532 0.9829
11052360-5843400 4475 66 4.63 0.18 0.02 0.05 0.9 0.1 0.398 NGC3532 0.9888
11052559-5840079 4288 75 4.59 0.19 0.05 0.1 0.48 0.15 0.398 NGC3532 0.9992
11052702-5841001 3942 79 4.76 0.18 -0.02 0.09 -0.47 0.68 0.398 NGC3532 0.9997
11053445-5838589 4629 63 4.68 0.18 0.11 0.05 0.42 0.21 0.398 NGC3532 0.9999
11054044-5855149 4559 65 4.74 0.18 0.15 0.05 0.09 0.31 0.398 NGC3532 0.9685
11054872-5847082 4605 66 4.7 0.17 0.09 0.05 0.88 0.09 0.398 NGC3532 0.9998
11055191-5851057 4115 75 4.51 0.18 -0.02 0.09 0.28 0.16 0.398 NGC3532 0.9999
11055229-5842585 4010 106 4.85 0.24 -0.06 0.09 0.82 0.0 0.398 NGC3532 0.9994
11060268-5853133 4674 66 4.72 0.17 0.09 0.05 0.66 0.12 0.398 NGC3532 0.9998
11060401-5839079 4504 75 4.83 0.18 0.05 0.1 0.28 0.21 0.398 NGC3532 0.9998
11060712-5843281 3459 106 4.87 0.24 -0.38 0.09 0.52 0.16 0.398 NGC3532 0.9996
11061154-5849072 3721 108 4.84 0.24 -0.22 0.09 -0.02 0.42 0.398 NGC3532 0.9998
11061780-5839546 4501 65 4.57 0.18 0.07 0.06 0.68 0.12 0.398 NGC3532 0.9996
11062573-5845373 4068 107 4.86 0.24 0.02 0.09 0.82 0.15 0.398 NGC3532 0.9977
11045282-5840558 6142 34 4.35 0.05 0.09 0.05 3.12 0.03 0.398 NGC3532 0.9998
11043040-5910116 3907 107 4.84 0.23 -0.05 0.09 -0.02 0.0 0.398 NGC3532 0.999
11043209-5858537 3848 106 4.82 0.23 -0.24 0.09 0.54 0.23 0.398 NGC3532 0.9999
11043909-5909201 4003 76 4.67 0.18 0.07 0.09 0.28 0.13 0.398 NGC3532 0.9994
11045240-5911102 3551 104 4.88 0.24 -0.27 0.09 -1 0.0 0.398 NGC3532 0.9999
11045653-5909097 3429 106 4.86 0.23 -0.35 0.09 -1 0.0 0.398 NGC3532 0.9999
11050239-5904589 3468 107 4.87 0.24 -0.32 0.09 0.39 0.0 0.398 NGC3532 0.9996
11051158-5912275 4518 67 4.73 0.17 0.07 0.05 0.42 0.13 0.398 NGC3532 0.9999
11051597-5900572 4518 76 4.64 0.18 -0.04 0.1 0.88 0.1 0.398 NGC3532 0.984
11052008-5904055 3485 106 4.88 0.23 -0.29 0.09 -0.42 0.52 0.398 NGC3532 0.9999
11052031-5906037 3431 109 4.85 0.24 -0.33 0.09 -0.99 0.39 0.398 NGC3532 0.9999
11052221-5902237 4678 65 4.74 0.17 0.09 0.05 0.4 0.15 0.398 NGC3532 0.9999
11052559-5909386 4734 76 4.66 0.18 0 0.1 1.86 0.1 0.398 NGC3532 0.9999
11053263-5851104 3432 108 4.84 0.23 -0.33 0.09 -1 0.0 0.398 NGC3532 0.9999
11053561-5856451 4532 65 4.82 0.18 0.15 0.05 -0.03 0.29 0.398 NGC3532 0.9996
11053764-5909241 3663 104 4.84 0.24 -0.22 0.09 -0.13 0.44 0.398 NGC3532 0.9997
11054407-5857348 4732 65 4.82 0.18 0.14 0.06 0.62 0.0 0.398 NGC3532 0.9999
11054411-5854037 3876 77 4.74 0.18 -0.06 0.09 0.16 0.21 0.398 NGC3532 0.9999
11055925-5900173 4217 77 4.62 0.17 0.07 0.1 0.04 0.12 0.398 NGC3532 0.9998
11060267-5912318 4277 77 4.9 0.18 0.06 0.09 -0.17 0.32 0.398 NGC3532 0.9999
11062451-5852507 4296 77 4.46 0.17 0.06 0.09 0.26 0.16 0.398 NGC3532 0.9999
11062887-5906560 4620 65 4.84 0.17 0.1 0.05 0.09 0.22 0.398 NGC3532 0.9998
11063906-5858438 4677 67 4.71 0.18 0.12 0.05 -0.19 0.43 0.398 NGC3532 0.9999
11050686-5842429 4695 64 4.79 0.18 0.1 0.05 0.73 0.17 0.398 NGC3532 0.9997
11052243-5842013 4763 66 4.87 0.17 0.07 0.05 1.52 0.09 0.398 NGC3532 0.9923
11054187-5843305 4641 67 4.84 0.17 0.13 0.05 0.37 0.21 0.398 NGC3532 0.9999
11054840-5846320 4668 65 4.59 0.17 0.11 0.05 0.67 0.15 0.398 NGC3532 0.9998
11060557-5824252 4273 75 4.42 0.18 0.06 0.1 0.51 0.19 0.398 NGC3532 0.9999
11062573-5836472 4346 76 4.97 0.18 -0.01 0.1 0.41 0.19 0.398 NGC3532 0.9724
11062756-5830192 3997 78 4.66 0.18 0.04 0.09 0.56 0.18 0.398 NGC3532 0.9998
11063022-5838105 4597 66 4.95 0.18 0.15 0.06 -0.03 0.66 0.398 NGC3532 0.9994
11063508-5831445 4423 66 4.86 0.17 0.17 0.05 0.6 0.15 0.398 NGC3532 0.9998
11063936-5832130 3855 93 4.65 0.26 -0.01 0.15 -0.4 0.0 0.398 NGC3532 0.9999
11063943-5829576 4657 64 4.8 0.17 0.02 0.05 0.53 0.0 0.398 NGC3532 0.9999
11064531-5847054 4363 75 4.9 0.18 0.03 0.1 0.31 0.24 0.398 NGC3532 0.9997
11070430-5845416 3907 74 4.71 0.18 -0.03 0.09 0.3 0.23 0.398 NGC3532 0.9998
11070656-5830255 4341 105 4.87 0.24 0.05 0.09 0.56 0.17 0.398 NGC3532 0.9997
11073265-5829335 4540 63 4.96 0.18 0.07 0.05 0.39 0.19 0.398 NGC3532 0.9999
11074900-5839208 3908 95 4.82 0.25 -0.04 0.15 0.79 0.21 0.398 NGC3532 0.9998
11075547-5836312 4652 64 4.86 0.17 0.06 0.05 0.41 0.22 0.398 NGC3532 0.9998
11064582-5844511 3843 96 4.35 0.25 -0.81 0.15 -1 0.0 0.398 NGC3532 0.9997
11070623-5846532 4278 76 4.72 0.18 0.03 0.1 -0.4 0.62 0.398 NGC3532 0.9936
11071140-5859042 4818 64 4.76 0.18 0.12 0.06 1.48 0.08 0.398 NGC3532 0.9999
11071870-5857001 4216 75 4.78 0.19 0.05 0.1 0.5 0.18 0.398 NGC3532 0.9995
