OBJECT TEFF E_TEFF LOGG E_LOGG FEH E_FEH LI1 E_LI1 "AGE (Gyr)" GES_FLD MEM3D
12573217-6455167 5000 31 2.67 0.05 0.05 0.05 1.32 0.05 0.372 NGC4815 0.9975
12574080-6455572 5752 34 3.51 0.05 0.35 0.06 0.64 0.0 0.372 NGC4815 0.9993
12580262-6456492 4814 31 2.44 0.05 0.02 0.05 -0.34 0.0 0.372 NGC4815 0.9993
12570931-6457537 6952 76 4.1 0.19 -0.02 0.09 2.53 0.19 0.372 NGC4815 0.9981
12572017-6458209 6833 106 4.16 0.24 -0.05 0.09 2.54 0.2 0.372 NGC4815 0.9898
12575632-6500005 6940 65 4.21 0.17 0.08 0.06 3.18 0.07 0.372 NGC4815 0.9996
12580189-6452492 6375 63 4.21 0.18 0.19 0.05 2.94 0.08 0.372 NGC4815 0.9964
12580281-6454586 7365.4 750 3.79 0.3 -0.4 0.2 2.76 0.49 0.372 NGC4815 0.9989
12572442-6455173 4284 31 1.55 0.06 -0.1 0.17 1.09 0.05 0.372 NGC4815 0.9981
12574328-6457386 4811 30 2.37 0.05 -0.02 0.17 -0.38 0.0 0.372 NGC4815 0.9994
12575511-6458483 4836 31 2.46 0.05 0.01 0.17 0.94 0.05 0.372 NGC4815 0.9994
12570258-6458007 6620 76 4.13 0.18 0.06 0.1 2.67 0.19 0.372 NGC4815 0.9889
12572191-6500513 6456 82 3.84 0.22 0.12 0.08 2.34 0.0 0.372 NGC4815 0.9971
12572286-6454288 5857 65 4.15 0.17 0.02 0.05 2.52 0.11 0.372 NGC4815 0.9943
12572889-6457049 6218 64 3.97 0.17 -0.04 0.06 3.08 0.12 0.372 NGC4815 0.9982
12572909-6458203 6698 65 4.18 0.18 0.03 0.05 3.3 0.09 0.372 NGC4815 0.996
12573460-6453231 6712 103 4.39 0.26 0.45 0.05 3.33 0.13 0.372 NGC4815 0.9983
12574261-6458421 6091 84 4.9 0.22 0.1 0.08 3.11 0.12 0.372 NGC4815 0.9986
12574313-6455591 6205 66 4.1 0.17 -0.1 0.05 2.59 0.16 0.372 NGC4815 0.999
12574705-6451338 6777 68 4.03 0.18 0.2 0.05 3.24 0.12 0.372 NGC4815 0.9721
12574734-6458105 6696 65 4.44 0.17 0.14 0.05 3.02 0.11 0.372 NGC4815 0.9992
12575267-6452173 6453 85 4.65 0.21 0.26 0.08 2.42 0.0 0.372 NGC4815 0.9951
12575818-6459323 5735 65 3.95 0.18 -0.04 0.05 3.07 0.12 0.372 NGC4815 0.9985
12580234-6458157 6377 66 3.86 0.17 0.02 0.05 2.71 0.14 0.372 NGC4815 0.9982
12580478-6458281 6251 83 4.6 0.22 -0.21 0.08 2.51 0.15 0.372 NGC4815 0.9948
12581050-6455173 6505 82 4.3 0.22 0.47 0.03 2.9 0.16 0.372 NGC4815 0.9981
12581382-6459370 6944 100 3.91 0.25 -0.03 0.16 2.59 0.25 0.372 NGC4815 0.9891
12581524-6456492 6515 77 3.93 0.18 0.15 0.09 3.24 0.12 0.372 NGC4815 0.9974
12581536-6501250 6825 76 4.25 0.18 0.06 0.09 3.13 0.0 0.372 NGC4815 0.9986
12582069-6458378 6518 75 4.25 0.18 0.02 0.1 3.16 0.1 0.372 NGC4815 0.9989
12583456-6453419 6807 64 4.59 0.18 0.32 0.05 3.24 0.14 0.372 NGC4815 0.9993
