OBJECT TEFF E_TEFF LOGG E_LOGG FEH E_FEH LI1 E_LI1 "AGE (Gyr)" GES_FLD
16122375-5408410 5032 64 4.12 0.17 0.12 0.05 0.63 0.98 0.126 NGC6067
16122823-5412504 5737 65 3.88 0.18 0.32 0.05 1.65 0.00 0.126 NGC6067
16122836-5408467 6300 65 4.04 0.18 0.26 0.06 1.89 0.35 0.126 NGC6067
16123721-5408463 5833 66 4.33 0.17 -0.31 0.06 1.80 0.19 0.126 NGC6067
16123901-5416199 6586 65 4.01 0.17 0.13 0.06 2.34 0.22 0.126 NGC6067
16123935-5411023 6197 63 4.12 0.18 -0.06 0.06 1.83 0.00 0.126 NGC6067
16124071-5414025 6453 66 4.18 0.17 0.21 0.06 2.67 0.07 0.126 NGC6067
16124430-5408500 5940 66 4.02 0.17 -0.28 0.05 1.60 0.00 0.126 NGC6067
16124624-5408049 6004 66 4.28 0.17 0.28 0.05 2.85 0.07 0.126 NGC6067
16124811-5415224 5753 64 4.37 0.17 0.02 0.05 3.27 0.09 0.126 NGC6067
16124911-5410506 6563 66 4.14 0.18 0.08 0.05 2.38 0.14 0.126 NGC6067
16124921-5410345 5831 65 4.22 0.17 0.21 0.05 2.20 0.09 0.126 NGC6067
16125018-5411192 6237 64 4.16 0.18 0.32 0.06 1.64 0.56 0.126 NGC6067
16125125-5408446 6028 65 4.34 0.17 0.27 0.05 2.82 0.07 0.126 NGC6067
16125358-5412527 6218 64 4.32 0.17 0.28 0.05 2.67 0.07 0.126 NGC6067
16125547-5409553 6439 63 4.19 0.17 0.23 0.05 2.34 0.12 0.126 NGC6067
16125665-5406166 6092 65 4.26 0.17 -0.12 0.06 1.79 0.00 0.126 NGC6067
16125983-5409419 6133 65 4.17 0.17 0.35 0.05 2.75 0.08 0.126 NGC6067
16130270-5412393 6640 66 4.30 0.17 0.19 0.05 2.72 0.30 0.126 NGC6067
16130396-5415273 6755 79 4.15 0.19 0.16 0.09 3.32 0.09 0.126 NGC6067
16130397-5408523 6102 65 4.13 0.17 -0.14 0.05 1.96 0.17 0.126 NGC6067
16130476-5418472 6684 67 4.21 0.18 0.09 0.05 3.03 0.08 0.126 NGC6067
16130512-5405373 6042 77 4.32 0.18 -0.52 0.10 2.27 0.17 0.126 NGC6067
16130567-5411332 5539 65 3.86 0.18 0.09 0.05 1.84 0.12 0.126 NGC6067
16130589-5410220 5899 64 4.26 0.17 0.18 0.05 2.26 0.11 0.126 NGC6067
16130628-5419350 6682 65 4.28 0.18 0.09 0.05 3.05 0.13 0.126 NGC6067
16130681-5411578 6868 81 3.88 0.22 0.33 0.07 2.60 0.19 0.126 NGC6067
16130744-5409531 6280 64 4.16 0.17 0.25 0.05 1.85 0.26 0.126 NGC6067
16130798-5407144 5703 77 3.99 0.18 0.00 0.09 2.14 0.16 0.126 NGC6067
16130919-5416010 6499 66 4.21 0.17 0.34 0.06 3.12 0.09 0.126 NGC6067
16131172-5409450 6611 66 4.20 0.18 0.18 0.05 2.30 0.00 0.126 NGC6067
16131229-5419220 6879 64 4.25 0.17 0.18 0.05 3.39 0.06 0.126 NGC6067
16131568-5408093 6834 68 3.96 0.17 -0.10 0.06 3.25 0.08 0.126 NGC6067
16131683-5412295 5952 66 4.30 0.17 0.16 0.06 3.07 0.08 0.126 NGC6067
16131806-5414582 5870 63 4.29 0.17 0.03 0.05 2.86 0.07 0.126 NGC6067
16131923-5421310 5813 65 4.33 0.17 0.33 0.05 3.18 0.08 0.126 NGC6067
16131994-5407373 6451 64 4.06 0.18 0.26 0.05 3.38 0.07 0.126 NGC6067
16132087-5412264 6827 99 4.04 0.25 0.22 0.14 3.37 0.09 0.126 NGC6067
16132108-5419023 6389 65 4.11 0.17 0.12 0.06 3.02 0.08 0.126 NGC6067
16132110-5419343 5614 64 4.36 0.17 0.35 0.05 1.90 0.17 0.126 NGC6067
16132133-5404400 6363 66 3.95 0.17 0.01 0.06 2.21 0.20 0.126 NGC6067
16132434-5416333 6290 67 4.10 0.18 0.19 0.05 1.72 0.00 0.126 NGC6067
16132440-5415354 5967 64 4.22 0.17 -0.35 0.05 2.73 0.07 0.126 NGC6067
16132460-5417326 6221 65 4.10 0.18 0.12 0.06 3.37 0.08 0.126 NGC6067
16132645-5408517 6170 65 3.72 0.17 0.01 0.05 2.18 0.00 0.126 NGC6067
16132662-5407477 6649 64 4.23 0.17 0.04 0.06 3.06 0.12 0.126 NGC6067
16132853-5414535 6168 64 4.13 0.18 0.20 0.06 2.82 0.07 0.126 NGC6067
16132938-5410505 5687 64 4.26 0.18 -0.11 0.05 2.02 0.09 0.126 NGC6067
16133012-5414246 6814 68 4.08 0.18 0.00 0.06 2.86 0.14 0.126 NGC6067
16133076-5411289 6125 65 4.17 0.18 0.00 0.05 1.74 0.00 0.126 NGC6067
16133092-5415385 6729 65 4.44 0.17 0.03 0.05 3.37 0.09 0.126 NGC6067
16133098-5410161 6210 64 4.36 0.18 -0.02 0.05 3.04 0.07 0.126 NGC6067
16133249-5409289 6439 66 4.09 0.18 0.25 0.05 1.89 0.00 0.126 NGC6067
16133302-5411568 6210 65 4.21 0.17 0.11 0.06 3.33 0.08 0.126 NGC6067
16133331-5408429 6687 66 4.28 0.17 -0.13 0.06 3.11 0.12 0.126 NGC6067
16133360-5412347 6034 65 4.09 0.18 0.14 0.05 1.67 0.46 0.126 NGC6067
16133435-5409165 5591 66 4.38 0.17 0.08 0.05 3.27 0.13 0.126 NGC6067
16133479-5411082 5944 65 4.56 0.17 0.28 0.05 2.04 0.13 0.126 NGC6067
16133511-5417174 6687 65 4.35 0.17 0.04 0.05 3.04 0.08 0.126 NGC6067
16133565-5405465 5837 66 4.43 0.17 0.36 0.05 1.83 0.00 0.126 NGC6067
16133845-5408517 6059 65 4.55 0.17 0.05 0.06 3.20 0.08 0.126 NGC6067
16133996-5409138 6322 65 4.09 0.17 0.04 0.05 2.64 0.09 0.126 NGC6067
16134290-5413206 6041 66 4.15 0.17 0.30 0.05 2.13 0.15 0.126 NGC6067
16134327-5408568 6004 63 4.44 0.18 0.25 0.05 2.62 0.07 0.126 NGC6067
16134345-5414592 6728 65 4.17 0.18 0.25 0.05 2.75 0.24 0.126 NGC6067
16134372-5415238 6206 65 4.42 0.18 0.08 0.06 3.17 0.09 0.126 NGC6067
16134396-5412226 6328 65 4.27 0.17 0.18 0.05 2.94 0.08 0.126 NGC6067
16134500-5410043 5871 66 4.61 0.17 -0.10 0.06 2.37 0.10 0.126 NGC6067
16134821-5414199 5808 64 3.89 0.17 -0.22 0.05 2.19 0.08 0.126 NGC6067
16135065-5407225 6261 66 4.28 0.18 0.15 0.05 3.35 0.06 0.126 NGC6067
16135448-5409492 6798 67 4.18 0.17 0.13 0.05 2.72 0.15 0.126 NGC6067
16135558-5409347 6276 64 4.31 0.17 0.24 0.05 3.19 0.07 0.126 NGC6067
16135596-5406405 6547 66 4.05 0.17 0.18 0.06 3.55 0.08 0.126 NGC6067
16135672-5410128 6336 65 4.08 0.17 0.25 0.06 2.04 0.00 0.126 NGC6067
16135708-5407149 6659 67 4.19 0.18 0.05 0.06 3.14 0.08 0.126 NGC6067
16140650-5407250 6595 66 4.15 0.17 0.14 0.05 2.73 0.09 0.126 NGC6067
16140765-5405316 5936 65 4.65 0.17 0.19 0.05 2.43 0.08 0.126 NGC6067
16141072-5406505 6673 66 4.17 0.18 0.17 0.05 3.01 0.08 0.126 NGC6067
16141324-5407521 6003 64 4.13 0.18 0.26 0.06 3.01 0.08 0.126 NGC6067
16141375-5408316 6390 64 4.15 0.18 0.27 0.05 2.65 0.18 0.126 NGC6067
16143106-5405005 6101 66 4.05 0.17 0.27 0.06 2.50 0.14 0.126 NGC6067
16124736-5411005 4685 32 1.59 0.06 0.11 0.05 1.33 0.06 0.126 NGC6067
16133568-5407365 4267 32 1.30 0.07 0.05 0.06 -0.77 0.14 0.126 NGC6067
16135905-5416254 4295 34 1.30 0.07 0.13 0.04 0.92 0.05 0.126 NGC6067
16135998-5402558 4420 30 1.46 0.06 0.10 0.05 0.80 0.05 0.126 NGC6067
16121916-5419598 6606 67 4.21 0.18 0.18 0.05 3.03 0.05 0.126 NGC6067
16122815-5408387 6386 65 4.13 0.17 0.10 0.05 1.70 0.33 0.126 NGC6067
16122893-5420235 6271 67 4.09 0.17 0.34 0.05 1.87 0.21 0.126 NGC6067
16123130-5423060 6806 76 4.15 0.18 0.07 0.09 3.32 0.06 0.126 NGC6067
16123724-5421523 6528 66 4.35 0.17 0.22 0.05 2.03 0.19 0.126 NGC6067
16123969-5422051 6452 66 4.15 0.18 0.10 0.05 2.04 0.00 0.126 NGC6067
16124401-5415267 6731 66 4.30 0.17 0.09 0.05 3.01 0.07 0.126 NGC6067
16124500-5412153 6023 64 4.42 0.17 0.18 0.05 2.79 0.06 0.126 NGC6067
16124638-5409428 5685 64 4.28 0.17 -0.31 0.05 2.16 0.08 0.126 NGC6067
16124815-5410102 5903 78 4.27 0.18 -0.43 0.09 2.41 0.08 0.126 NGC6067
16125235-5413384 6731 67 4.25 0.17 0.09 0.06 3.37 0.06 0.126 NGC6067
16125359-5407329 6319 65 4.26 0.18 0.18 0.05 2.08 0.13 0.126 NGC6067
16125390-5406395 6631 67 4.32 0.17 0.15 0.05 3.11 0.06 0.126 NGC6067
16125497-5423579 6046 66 4.24 0.17 -0.15 0.05 2.68 0.05 0.126 NGC6067
16125598-5422425 6187 65 4.09 0.17 -0.13 0.05 3.05 0.05 0.126 NGC6067
16130191-5409299 6996 107 3.31 0.33 -0.02 0.10 2.72 0.14 0.126 NGC6067
16130499-5420381 6902 85 3.88 0.22 0.27 0.08 2.90 0.11 0.126 NGC6067
16130507-5410027 6759 65 4.23 0.18 0.14 0.05 3.30 0.05 0.126 NGC6067
16130507-5424183 6650 66 4.15 0.17 0.13 0.05 2.48 0.09 0.126 NGC6067
16130558-5407178 6706 66 4.48 0.17 -0.14 0.06 2.43 0.14 0.126 NGC6067
16130907-5424138 6676 66 4.15 0.18 0.05 0.05 3.34 0.06 0.126 NGC6067
16131169-5405537 6733 65 4.20 0.17 0.07 0.05 3.36 0.05 0.126 NGC6067
16131222-5421578 6738 66 4.11 0.17 -0.05 0.05 2.18 0.00 0.126 NGC6067
16131897-5420155 6689 65 4.17 0.18 0.19 0.05 2.28 0.00 0.126 NGC6067
16131929-5410381 6797 64 4.18 0.18 0.11 0.05 3.41 0.05 0.126 NGC6067
16132013-5422108 6347 64 4.17 0.18 0.07 0.05 2.54 0.06 0.126 NGC6067
16132163-5414381 5635 76 4.52 0.18 -0.55 0.09 1.67 0.16 0.126 NGC6067
16132237-5409212 6837 66 4.14 0.18 -0.05 0.05 3.11 0.06 0.126 NGC6067
16132312-5406557 6319 64 4.15 0.17 0.15 0.05 3.07 0.05 0.126 NGC6067
16132325-5424091 6685 66 4.20 0.17 0.18 0.05 2.69 0.08 0.126 NGC6067
16132332-5423255 6122 63 4.54 0.17 0.28 0.05 3.10 0.05 0.126 NGC6067
16132454-5406178 6991 68 4.05 0.18 0.11 0.06 2.60 0.00 0.126 NGC6067
16132567-5422218 6342 65 4.20 0.17 0.00 0.05 2.43 0.06 0.126 NGC6067
16132721-5414032 6797 64 4.07 0.17 0.10 0.06 2.13 0.00 0.126 NGC6067
16132940-5424547 6321 64 4.17 0.18 0.17 0.05 2.85 0.05 0.126 NGC6067
16133086-5408563 6557 65 4.12 0.17 0.20 0.05 2.06 0.15 0.126 NGC6067
16133176-5418236 6714 64 4.20 0.17 0.07 0.05 3.20 0.08 0.126 NGC6067
16133204-5408471 6661 65 4.22 0.18 0.07 0.05 3.11 0.05 0.126 NGC6067
16133209-5414361 5671 64 4.06 0.17 0.01 0.05 1.38 0.30 0.126 NGC6067
16133209-5416266 6311 67 4.15 0.18 0.08 0.05 2.01 0.00 0.126 NGC6067
16133310-5420102 5841 63 4.51 0.18 0.31 0.05 2.09 0.09 0.126 NGC6067
16133323-5406421 6008 65 4.45 0.17 0.23 0.06 2.58 0.06 0.126 NGC6067
16133347-5420522 6619 67 4.18 0.17 -0.02 0.06 2.37 0.09 0.126 NGC6067
16133350-5419141 6847 66 4.16 0.17 0.10 0.05 2.71 0.12 0.126 NGC6067
16133399-5417227 6623 66 4.17 0.17 0.23 0.05 3.21 0.05 0.126 NGC6067
16133608-5418483 6728 67 4.22 0.17 0.09 0.05 2.26 0.18 0.126 NGC6067
16133633-5415583 6978 87 4.13 0.22 0.13 0.08 3.34 0.08 0.126 NGC6067
16133638-5410351 5653 66 4.39 0.18 0.19 0.05 3.26 0.08 0.126 NGC6067
16133670-5419567 5700 63 4.50 0.17 0.26 0.05 1.68 0.00 0.126 NGC6067
16133907-5405050 6217 64 4.09 0.17 0.11 0.05 2.69 0.06 0.126 NGC6067
16134021-5410032 6889 85 3.94 0.21 0.30 0.08 2.50 0.22 0.126 NGC6067
16134199-5408103 5823 76 4.08 0.18 -0.18 0.09 2.28 0.09 0.126 NGC6067
16134222-5417190 5910 64 4.44 0.17 0.10 0.05 2.30 0.06 0.126 NGC6067
16134285-5414175 6122 75 4.38 0.18 0.30 0.09 1.99 0.00 0.126 NGC6067
16134539-5404014 6157 66 4.11 0.17 -0.26 0.06 2.53 0.06 0.126 NGC6067
16134543-5409219 5817 66 4.23 0.17 -0.70 0.05 2.08 0.07 0.126 NGC6067
16134643-5409086 6171 63 4.26 0.18 0.08 0.05 2.76 0.06 0.126 NGC6067
16134705-5420152 6786 66 4.23 0.17 -0.07 0.06 2.90 0.06 0.126 NGC6067
16134812-5418082 6623 66 4.39 0.17 0.38 0.05 1.98 0.00 0.126 NGC6067
16134894-5417246 6322 65 4.22 0.18 0.12 0.05 2.66 0.07 0.126 NGC6067
16135004-5417152 6253 63 4.02 0.17 0.18 0.05 1.69 0.00 0.126 NGC6067
16135241-5410291 5931 65 4.32 0.17 0.03 0.05 2.55 0.07 0.126 NGC6067
16135333-5406283 6184 64 4.07 0.17 0.07 0.05 3.35 0.05 0.126 NGC6067
16135473-5408418 6784 68 4.20 0.17 0.04 0.06 3.26 0.05 0.126 NGC6067
16135875-5412552 6321 66 4.16 0.17 0.05 0.05 2.44 0.05 0.126 NGC6067
16140079-5421485 6703 66 4.32 0.17 0.07 0.05 3.27 0.05 0.126 NGC6067
16140149-5406389 6575 66 4.23 0.18 0.03 0.05 3.17 0.07 0.126 NGC6067
16140310-5412389 6684 66 4.24 0.17 0.05 0.05 3.23 0.06 0.126 NGC6067
16140327-5417405 5839 67 4.48 0.17 0.36 0.05 1.94 0.08 0.126 NGC6067
16140605-5416089 6679 67 4.23 0.17 0.17 0.06 2.00 0.00 0.126 NGC6067
16140885-5406278 6307 66 4.06 0.17 0.25 0.05 1.80 0.32 0.126 NGC6067
16140955-5415437 5705 66 4.32 0.17 -0.91 0.06 1.97 0.11 0.126 NGC6067
16141400-5412432 6826 66 4.24 0.17 -0.10 0.05 2.59 0.09 0.126 NGC6067
16141771-5419591 6019 65 4.24 0.17 0.10 0.06 2.58 0.06 0.126 NGC6067
16141864-5417338 6568 66 4.16 0.18 0.38 0.05 2.38 0.10 0.126 NGC6067
16142357-5419103 6673 67 4.22 0.17 0.11 0.05 2.02 0.32 0.126 NGC6067
16142538-5406109 6223 65 3.98 0.17 -0.21 0.05 2.62 0.06 0.126 NGC6067
16133350-5417314 6693 66 4.06 0.17 0.09 0.05 3.33 0.10 0.126 NGC6067
16135004-5406246 6341 66 4.18 0.18 0.26 0.05 2.43 0.16 0.126 NGC6067
16120780-5420072 5917 67 4.35 0.17 0.43 0.04 1.94 0.30 0.126 NGC6067
16121525-5413338 6612 66 4.16 0.18 0.13 0.05 3.48 0.10 0.126 NGC6067
16122079-5416312 6289 65 4.13 0.17 0.20 0.05 2.08 0.00 0.126 NGC6067
16122428-5419565 6324 66 4.20 0.18 0.34 0.05 2.46 0.12 0.126 NGC6067
16122848-5419495 5871 65 4.39 0.17 0.31 0.05 2.30 0.13 0.126 NGC6067
16123480-5420315 6854 66 4.34 0.18 0.18 0.06 3.27 0.09 0.126 NGC6067
16130100-5408053 6882 67 4.13 0.18 0.20 0.05 3.36 0.13 0.126 NGC6067
16135150-5405416 6214 66 4.12 0.18 0.09 0.05 1.88 0.00 0.126 NGC6067
16113465-5414330 6211 65 4.45 0.17 0.36 0.05 2.25 0.00 0.126 NGC6067
16113628-5415065 6141 67 4.21 0.17 0.15 0.05 2.83 0.12 0.126 NGC6067
16113873-5415002 6047 66 4.41 0.18 0.18 0.06 2.49 0.15 0.126 NGC6067
16114844-5415330 6001 65 4.51 0.18 -0.15 0.05 1.95 0.45 0.126 NGC6067
16114897-5415109 5958 66 4.34 0.17 0.17 0.05 2.77 0.08 0.126 NGC6067
16115731-5417369 5956 66 4.41 0.17 -0.38 0.05 2.64 0.10 0.126 NGC6067
16115760-5415409 5890 66 4.35 0.17 0.43 0.04 2.57 0.12 0.126 NGC6067
16115905-5415596 6752 66 4.15 0.18 0.19 0.05 3.28 0.08 0.126 NGC6067
16115934-5412508 5656 66 4.25 0.18 -0.49 0.06 1.90 0.00 0.126 NGC6067
16120077-5414193 5814 65 3.78 0.17 -0.39 0.05 2.52 0.13 0.126 NGC6067
16120169-5416011 5324 77 4.80 0.18 0.14 0.10 1.45 0.24 0.126 NGC6067
16120331-5413012 5754 63 4.06 0.17 -0.22 0.06 1.90 0.17 0.126 NGC6067
16120432-5412450 6575 66 4.18 0.17 0.20 0.05 2.18 0.33 0.126 NGC6067
16120458-5414345 5161 65 4.67 0.17 0.21 0.05 1.37 0.24 0.126 NGC6067
16120460-5418591 6601 65 4.37 0.17 0.12 0.06 3.18 0.14 0.126 NGC6067
16120649-5415575 5552 64 4.36 0.18 0.10 0.06 1.83 0.16 0.126 NGC6067
16120652-5418277 6064 68 4.38 0.17 0.18 0.06 3.07 0.07 0.126 NGC6067
16120895-5414428 6371 63 4.05 0.17 0.12 0.05 2.00 0.00 0.126 NGC6067
16120918-5417355 6425 81 4.69 0.22 0.25 0.07 3.35 0.08 0.126 NGC6067
16121012-5411364 5829 66 4.57 0.18 0.04 0.05 1.95 0.18 0.126 NGC6067
16121149-5422169 6286 65 4.21 0.18 0.36 0.05 2.01 0.00 0.126 NGC6067
16121178-5413004 6207 66 4.09 0.17 -0.03 0.05 2.07 0.00 0.126 NGC6067
16121255-5418373 6658 66 4.12 0.17 0.08 0.05 2.19 0.00 0.126 NGC6067
16121286-5421225 6918 106 4.25 0.35 -0.10 0.09 2.85 0.00 0.126 NGC6067
16121442-5418055 5939 64 4.38 0.17 -0.25 0.05 2.49 0.08 0.126 NGC6067
16121561-5417318 6406 65 4.23 0.18 0.29 0.06 3.20 0.09 0.126 NGC6067
16121632-5412161 6110 63 4.22 0.18 0.09 0.06 2.05 0.00 0.126 NGC6067
16121669-5412574 6683 66 4.18 0.18 0.07 0.05 3.32 0.08 0.126 NGC6067
16121721-5415094 6672 68 4.30 0.17 0.03 0.05 2.71 0.00 0.126 NGC6067
16121810-5414438 6482 65 4.17 0.17 0.30 0.05 2.29 0.30 0.126 NGC6067
16122142-5415576 6671 67 4.26 0.18 0.16 0.06 2.67 0.10 0.126 NGC6067
16122186-5421339 5887 66 4.24 0.18 0.14 0.05 3.17 0.08 0.126 NGC6067
16122246-5422510 6617 65 4.01 0.17 0.09 0.06 2.18 0.35 0.126 NGC6067
16122279-5415139 5657 64 4.32 0.18 -0.42 0.05 1.52 0.38 0.126 NGC6067
16122306-5412476 5788 64 4.37 0.17 0.23 0.05 1.61 0.34 0.126 NGC6067
16122322-5416086 6122 64 3.96 0.17 0.14 0.06 2.63 0.10 0.126 NGC6067
16122358-5410175 5622 64 4.28 0.17 -0.43 0.06 1.70 0.00 0.126 NGC6067
16122363-5419456 6742 66 4.22 0.18 0.28 0.06 3.49 0.06 0.126 NGC6067
16122510-5422042 5962 64 4.28 0.17 0.32 0.06 2.03 0.13 0.126 NGC6067
16122528-5417332 6618 66 4.13 0.17 0.11 0.05 2.82 0.08 0.126 NGC6067
16122833-5416434 5839 63 4.24 0.17 0.16 0.05 2.34 0.09 0.126 NGC6067
16122889-5417165 6720 64 4.20 0.18 0.06 0.05 2.92 0.09 0.126 NGC6067
16122912-5413089 6440 66 4.10 0.17 0.08 0.05 2.98 0.09 0.126 NGC6067
16122932-5421573 5919 66 4.41 0.17 0.07 0.06 2.27 0.08 0.126 NGC6067
16123108-5418029 5631 73 4.23 0.18 0.27 0.09 1.94 0.19 0.126 NGC6067
16123197-5413064 6301 65 4.02 0.18 0.05 0.05 2.50 0.13 0.126 NGC6067
16123239-5421406 6733 66 4.17 0.17 0.17 0.05 2.73 0.10 0.126 NGC6067
16123355-5415357 5192 63 4.69 0.17 -0.58 0.06 0.93 0.00 0.126 NGC6067
16123362-5413562 6815 66 4.33 0.18 0.31 0.06 3.49 0.07 0.126 NGC6067
16123448-5409558 5868 66 4.24 0.17 -0.11 0.05 2.20 0.12 0.126 NGC6067
16123502-5411026 6624 64 4.13 0.18 0.23 0.05 2.83 0.11 0.126 NGC6067
16123562-5410369 6191 66 4.39 0.17 -0.01 0.05 3.37 0.08 0.126 NGC6067
16123711-5419199 6982 67 4.24 0.17 0.38 0.05 2.68 0.00 0.126 NGC6067
16123866-5413142 6210 64 4.37 0.17 0.16 0.05 3.34 0.07 0.126 NGC6067
16123899-5421554 6318 65 4.13 0.17 -0.07 0.05 2.75 0.07 0.126 NGC6067
16124012-5416267 5932 64 4.52 0.17 0.38 0.05 2.38 0.09 0.126 NGC6067
16124043-5415278 6518 65 4.16 0.18 0.13 0.06 3.38 0.06 0.126 NGC6067
16124129-5417198 6208 64 4.49 0.17 0.22 0.05 2.88 0.06 0.126 NGC6067
16124184-5418227 6110 67 3.92 0.17 -0.16 0.05 2.59 0.08 0.126 NGC6067
16124469-5422554 5670 64 4.12 0.18 -0.70 0.06 2.02 0.09 0.126 NGC6067
16124681-5414220 6161 65 4.23 0.17 -0.07 0.05 2.25 0.14 0.126 NGC6067
16124837-5413288 6272 65 4.27 0.17 0.42 0.05 2.89 0.06 0.126 NGC6067
16125001-5417405 5782 65 4.23 0.17 -0.20 0.06 2.26 0.09 0.126 NGC6067
16125004-5415376 6097 65 4.37 0.17 0.26 0.05 2.74 0.08 0.126 NGC6067
16125029-5419028 6615 62 4.18 0.17 0.09 0.05 2.63 0.16 0.126 NGC6067
16125151-5418516 6130 66 4.33 0.18 0.34 0.05 2.18 0.00 0.126 NGC6067
16125198-5410259 6238 66 4.21 0.18 0.32 0.06 3.33 0.10 0.126 NGC6067
16125224-5413035 6234 65 4.28 0.17 0.30 0.06 2.65 0.08 0.126 NGC6067
16125299-5411586 6034 63 4.26 0.18 0.22 0.05 2.07 0.14 0.126 NGC6067
16125407-5413427 6838 77 4.21 0.18 0.08 0.10 3.39 0.06 0.126 NGC6067
16125613-5415051 6023 65 4.23 0.17 0.19 0.05 1.70 0.00 0.126 NGC6067
16125636-5411244 6129 65 4.19 0.18 0.06 0.05 3.48 0.10 0.126 NGC6067
16125696-5418268 6285 63 4.06 0.17 0.06 0.05 3.27 0.09 0.126 NGC6067
16125763-5415092 6308 65 4.26 0.17 0.17 0.05 3.26 0.07 0.126 NGC6067
16130463-5417103 6734 72 4.46 0.21 0.02 0.05 2.23 0.00 0.126 NGC6067
16130711-5410279 6825 67 4.15 0.18 0.07 0.06 3.09 0.07 0.126 NGC6067
16130773-5415542 5994 67 4.41 0.17 0.09 0.06 3.12 0.08 0.126 NGC6067
16130782-5417430 5961 63 4.41 0.18 0.42 0.05 2.47 0.08 0.126 NGC6067
16130799-5408468 6294 65 4.65 0.17 0.36 0.05 3.02 0.10 0.126 NGC6067
16130853-5416492 5758 64 4.25 0.17 0.28 0.06 1.81 0.00 0.126 NGC6067
16131453-5415058 6315 65 4.18 0.17 0.16 0.05 2.99 0.06 0.126 NGC6067
16131677-5421075 6377 65 4.14 0.18 0.12 0.06 2.41 0.10 0.126 NGC6067
16131812-5416035 6104 66 4.42 0.18 0.25 0.06 2.97 0.07 0.126 NGC6067
16132003-5414227 5501 65 4.34 0.17 0.42 0.05 1.45 0.23 0.126 NGC6067
16121539-5419192 4487 34 1.48 0.06 -0.03 0.05 1.30 0.06 0.126 NGC6067
16122377-5425071 4695 43 1.59 0.06 0.00 0.05 1.40 0.08 0.126 NGC6067
16123981-5417411 4299 31 1.44 0.06 -0.11 0.05 0.38 0.04 0.126 NGC6067
16130403-5412187 4152 32 1.10 0.07 -0.01 0.06 -1.00 0.00 0.126 NGC6067
16120513-5412551 8000 750 3.21 0.45 0.02 0.20 3.59 0.61 0.126 NGC6067
16120837-5412292 6833 65 4.05 0.17 -0.01 0.05 3.18 0.11 0.126 NGC6067
16121640-5412462 7500 750 1.73 1.20 0.25 0.20 3.08 0.00 0.126 NGC6067
16125546-5422313 6983 65 4.21 0.17 -0.41 0.05 3.01 0.13 0.126 NGC6067
16125753-5402498 6900 500 3.75 0.30 -0.45 0.20 2.85 0.39 0.126 NGC6067
16131415-5424081 5965 66 4.43 0.17 -0.11 0.05 2.76 0.08 0.126 NGC6067
16134056-5407194 8000 750 3.21 0.45 -0.30 0.20 3.56 0.59 0.126 NGC6067
16120593-5408277 4186 41 0.95 0.08 0.00 0.05 0.92 0.06 0.126 NGC6067
16132107-5409550 4595 44 1.57 0.07 -0.11 0.04 1.27 0.06 0.126 NGC6067
16132470-5420055 4339 31 1.47 0.06 -0.07 0.05 0.67 0.05 0.126 NGC6067
16134400-5416542 4723 39 1.47 0.07 0.02 0.05 1.11 0.08 0.126 NGC6067
16121049-5414360 6400 500 3.79 0.30 -0.50 0.20 2.54 0.40 0.126 NGC6067
16124667-5415082 7884.8 750 1.54 1.20 0.50 0.20 3.48 0.00 0.126 NGC6067
16125008-5418591 7944.4 750 2.72 1.20 -0.39 0.20 3.38 0.00 0.126 NGC6067
16125702-5422211 6612 78 4.18 0.18 0.11 0.09 3.00 0.14 0.126 NGC6067
16130269-5408556 6750 500 3.26 0.45 -0.25 0.20 2.78 0.00 0.126 NGC6067
16130703-5401019 7250 750 3.24 0.45 0.06 0.20 3.49 0.56 0.126 NGC6067
16135189-5416584 6694.4 500 1.26 1.20 -0.39 0.20 2.28 0.00 0.126 NGC6067
16135388-5421187 6518 108 4.08 0.24 0.15 0.09 2.82 0.23 0.126 NGC6067
16140704-5417512 6888 71 3.86 0.21 -0.09 0.05 3.58 0.15 0.126 NGC6067
16125691-5413134 4260 46 0.86 0.10 0.50 0.07 -1.00 0.00 0.126 NGC6067
16131456-5411208 4565 30 1.78 0.06 -0.06 0.05 0.19 0.05 0.126 NGC6067
16132359-5413426 4309 31 1.42 0.07 -0.09 0.06 -0.08 0.05 0.126 NGC6067
16135757-5413471 4644 31 2.53 0.05 0.04 0.05 -0.25 0.15 0.126 NGC6067
