OBJECT TEFF E_TEFF LOGG E_LOGG FEH E_FEH LI1 E_LI1 "AGE (Gyr)" GES_FLD MEM3D
18043159-2422578 3879.69 72.38 3.01 0.21 0.18 0.16 3.5 0.18 0.002 NGC6530 0.9985
18043952-2427240 4119.08 103.46 2.74 0.27 0.22 0.12 4.14 0.23 0.002 NGC6530 0.9987
18044307-2424087 4069.05 100.43 3.42 0.27 -0.13 0.18 3.45 0.16 0.002 NGC6530 0.9968
18035438-2423545 3811.8 66.21 3.29 0.2 0.13 0.21 3.3 0.26 0.002 NGC6530 0.9984
18043896-2425329 4044.37 95.3 3.22 0.26 -0.06 0.17 3.68 0.16 0.002 NGC6530 0.9975
18044221-2422474 3840.1 69.47 3.07 0.19 0.07 0.18 3.9 0.24 0.002 NGC6530 0.9981
18044243-2421308 4235.03 123.98 3.36 0.33 -0.02 0.15 3.55 0.2 0.002 NGC6530 0.9961
18044445-2427254 3824.06 67.93 3.22 0.2 -0.93 0.45 3.2 0.24 0.002 NGC6530 0.9984
18051849-2418536 3870.68 71.85 3.24 0.21 0.19 0.17 3.52 0.21 0.002 NGC6530 0.9988
18050965-2419297 4231.66 137.44 3.8 0.39 0.06 0.16 3.77 0.25 0.002 NGC6530 0.9913
18045005-2426512 3981.57 86.47 3.28 0.24 0.18 0.15 3.41 0.14 0.002 NGC6530 0.9974
18045153-2424173 4202.61 96.01 3.15 0.35 0 0.11 3.68 0.17 0.002 NGC6530 0.9976
18045277-2424285 3818.98 65.1 3.51 0.18 0.1 0.19 3.62 0.26 0.002 NGC6530 0.9967
18045350-2425578 4431.93 122.86 2.91 0.48 -0.1 0.12 2.89 0.2 0.002 NGC6530 0.9967
18053153-2427171 6232 96 3.62 0.57 0.22 0.18 3.21 0.15 0.002 NGC6530 0.9795
18042033-2424066 4077.81 72.57 4.67 0.1 0.14 0.08 3.41 0.08 0.002 NGC6530 0.9827
18050721-2413598 4461 93 4.64 0.1 0.02 0.07 3.51 0.14 0.002 NGC6530 0.998
18044426-2423572 4444.66 94.44 4.63 0.1 0 0.07 3.25 0.13 0.002 NGC6530 0.9985
18040256-2420109 4337.44 130.03 4.07 0.36 -0.05 0.14 3.3 0.23 0.002 NGC6530 0.9598
18040693-2420251 3931.65 78.28 4.08 0.23 -0.28 0.23 2.78 0.1 0.002 NGC6530 0.9894
18042671-2422418 3921.18 77.03 3.54 0.21 -1.16 0.46 3.36 0.27 0.002 NGC6530 0.9986
18043021-2417475 4018.65 87.04 2.67 0.21 0.33 0.11 3.71 0.11 0.002 NGC6530 0.9937
18043943-2419382 3860.04 68.66 3.74 0.19 -0.2 0.21 3.43 0.11 0.002 NGC6530 0.9987
18040412-2419413 3900.96 73.27 3.32 0.2 0.19 0.14 3.68 0.18 0.002 NGC6530 0.9987
18041139-2423377 3825.75 64.88 3.3 0.17 -0.08 0.2 3.06 0.0 0.002 NGC6530 0.9982
18041409-2426527 4088.51 82.28 3.7 0.3 0.12 0.09 3.77 0.16 0.002 NGC6530 0.9983
18041487-2426378 3934.7 77.52 3 0.2 -0.69 0.29 3.12 0.16 0.002 NGC6530 0.9962
18042816-2426318 3980.06 86.93 4.57 0.23 0.07 0.15 3.43 0.14 0.002 NGC6530 0.9856
18043138-2424046 3867.96 69.3 3.62 0.18 0.15 0.15 3.51 0.2 0.002 NGC6530 0.9955
18044088-2420001 3991 95.84 5.45 0.26 -0.07 0.18 3.26 0.14 0.002 NGC6530 0.9977
18041896-2421317 4064.7 87.1 4.65 0.1 0.13 0.08 3.49 0.09 0.002 NGC6530 0.9882
18042036-2422005 4547.78 83.14 4.61 0.1 -0.03 0.06 3.22 0.13 0.002 NGC6530 0.9816
18043224-2424100 4967 79 3.79 0.19 -0.02 0.05 3.35 0.12 0.002 NGC6530 0.9628
18035164-2428266 5035 81 3.21 0.18 -0.2 0.08 3.14 0.18 0.002 NGC6530 0.9973
18024480-2414318 6867 94 4.23 0.12 -0.03 0.08 2.97 0.13 0.002 NGC6530 0.9976
18033730-2422470 4428.98 107.64 2.32 0.31 -0.4 0.13 2.92 0.2 0.002 NGC6530 0.9983
18034023-2422036 4163.31 110.71 2.27 0.36 -0.65 0.15 3.69 0.98 0.002 NGC6530 0.9977
18034165-2421111 4016.41 79.63 2.92 0.19 -1.75 0.6 2.33 0.16 0.002 NGC6530 0.9982
18034423-2426059 3843.39 69.43 4.57 0.15 0.05 0.17 3.63 0.21 0.002 NGC6530 0.9782
18033992-2423026 4456.75 170.08 1.52 1.02 -1.68 0.44 1.87 0.32 0.002 NGC6530 0.9985
18040222-2417534 3829.87 69 4.04 0.22 -0.03 0.23 3.31 0.21 0.002 NGC6530 0.9981
18040717-2421406 3879.53 75.86 3.28 0.22 0.04 0.2 3.22 0.18 0.002 NGC6530 0.9943
18041230-2420032 4031.19 88.53 3.81 0.24 -0.07 0.15 3.27 0.13 0.002 NGC6530 0.9915
