OBJECT TEFF E_TEFF LOGG E_LOGG FEH E_FEH LI1 E_LI1 "AGE (Gyr)" GES_FLD
17391123-3208236 5207 67 3.14 0.17 -0.03 0.05 1.43 0.34 0.035 NGC6405
17391171-3214142 6004 66 4.49 0.17 0.26 0.06 2.16 0.26 0.035 NGC6405
17391245-3212126 5733 65 4.26 0.18 -0.55 0.05 2.08 0.10 0.035 NGC6405
17391693-3219577 6110 65 4.39 0.17 0.13 0.05 2.89 0.06 0.035 NGC6405
17392038-3221178 5226 64 4.48 0.17 0.08 0.05 2.92 0.09 0.035 NGC6405
17392753-3222040 5862 63 4.42 0.18 0.28 0.05 1.83 0.30 0.035 NGC6405
17392813-3215000 5915 65 4.27 0.17 -0.09 0.05 2.90 0.06 0.035 NGC6405
17392893-3212360 6597 64 3.92 0.18 -0.02 0.06 2.30 0.00 0.035 NGC6405
17393043-3218510 5076 65 4.45 0.17 -0.07 0.05 3.06 0.09 0.035 NGC6405
17393046-3219055 5648 65 4.42 0.17 0.04 0.06 3.28 0.07 0.035 NGC6405
17393179-3210237 5213 64 4.27 0.17 -0.05 0.06 3.09 0.09 0.035 NGC6405
17393526-3217467 6160 64 4.14 0.18 -0.06 0.06 1.91 0.18 0.035 NGC6405
17393547-3212269 5090 77 4.20 0.18 -0.26 0.10 3.09 0.11 0.035 NGC6405
17393793-3219269 5658 64 4.31 0.18 0.43 0.04 1.51 0.17 0.035 NGC6405
17394116-3209188 4477 66 2.29 0.18 0.19 0.05 0.38 0.13 0.035 NGC6405
17394273-3216135 5008 65 4.68 0.18 -0.11 0.06 0.59 0.49 0.035 NGC6405
17394360-3205264 4312 64 1.86 0.17 -0.31 0.05 0.61 0.09 0.035 NGC6405
17394411-3211403 5701 64 4.47 0.17 -0.17 0.05 1.98 0.09 0.035 NGC6405
17394630-3214133 6211 65 4.07 0.18 -0.07 0.06 2.83 0.05 0.035 NGC6405
17394668-3210467 5759 66 4.34 0.18 -0.23 0.05 1.89 0.10 0.035 NGC6405
17394775-3219567 6282 66 4.09 0.17 -0.15 0.05 2.74 0.06 0.035 NGC6405
17395079-3208518 6784 104 4.56 0.33 -0.43 0.09 2.25 0.15 0.035 NGC6405
17395212-3218099 5638 68 4.25 0.18 0.27 0.05 1.67 0.00 0.035 NGC6405
17395360-3214178 5001 62 4.53 0.18 0.07 0.05 1.84 0.09 0.035 NGC6405
17395546-3214374 6390 64 4.06 0.17 -0.14 0.05 2.46 0.06 0.035 NGC6405
17395766-3212094 6519 65 4.10 0.17 0.16 0.05 3.22 0.05 0.035 NGC6405
17400090-3206590 5983 64 4.20 0.17 -0.10 0.05 2.73 0.07 0.035 NGC6405
17400162-3214157 4544 65 4.40 0.17 -0.05 0.06 2.62 0.10 0.035 NGC6405
17400163-3217469 5368 63 4.54 0.17 0.06 0.05 2.72 0.07 0.035 NGC6405
17400189-3221352 6215 65 3.97 0.18 0.15 0.05 3.41 0.07 0.035 NGC6405
17400198-3213182 4688 65 4.65 0.17 0.02 0.05 0.09 0.19 0.035 NGC6405
17400354-3223264 5518 64 4.67 0.17 -0.35 0.06 2.93 0.07 0.035 NGC6405
17400370-3216356 5866 64 4.37 0.17 0.01 0.05 3.22 0.06 0.035 NGC6405
17400463-3206516 6419 64 4.10 0.18 0.06 0.05 3.30 0.05 0.035 NGC6405
17400511-3223367 6073 65 4.23 0.18 -0.14 0.05 3.20 0.05 0.035 NGC6405
17400820-3213090 5022 63 2.65 0.17 -0.98 0.05 0.46 0.31 0.035 NGC6405
17400850-3219124 6805 105 4.62 0.33 -0.47 0.10 2.10 0.22 0.035 NGC6405
17400883-3204588 5936 66 4.41 0.17 0.31 0.05 2.66 0.06 0.035 NGC6405
17401175-3214076 5853 65 4.14 0.17 -0.45 0.05 1.81 0.10 0.035 NGC6405
17401224-3216064 5710 63 4.32 0.17 -0.10 0.05 3.29 0.07 0.035 NGC6405
17401292-3206006 6505 65 4.13 0.17 0.23 0.05 2.18 0.12 0.035 NGC6405
17401545-3217529 6088 65 4.23 0.17 0.04 0.06 2.77 0.06 0.035 NGC6405
17401612-3210486 6763 66 4.22 0.17 0.05 0.06 2.62 0.10 0.035 NGC6405
17401815-3216285 5725 64 4.23 0.17 0.01 0.05 3.10 0.06 0.035 NGC6405
17401819-3218200 4903 64 2.44 0.17 -0.26 0.06 0.82 0.10 0.035 NGC6405
17401936-3207052 5133 74 3.66 0.18 0.02 0.09 0.86 0.12 0.035 NGC6405
17402187-3223284 5100 64 4.55 0.18 0.03 0.05 2.67 0.09 0.035 NGC6405
17402193-3219100 6532 82 3.52 0.22 -1.06 0.08 2.04 0.00 0.035 NGC6405
17402208-3218392 5880 66 4.49 0.17 0.27 0.05 2.10 0.08 0.035 NGC6405
17402546-3218542 4797 65 2.58 0.18 0.09 0.05 1.12 0.09 0.035 NGC6405
17402632-3222293 6315 66 4.04 0.17 0.06 0.06 1.70 0.15 0.035 NGC6405
17402758-3209354 5918 64 4.37 0.18 0.17 0.05 2.01 0.13 0.035 NGC6405
17403085-3220557 5845 63 4.57 0.18 0.19 0.05 1.64 0.23 0.035 NGC6405
17403107-3208304 5117 64 4.61 0.17 0.06 0.05 2.36 0.08 0.035 NGC6405
17403349-3211223 6581 64 4.03 0.17 0.17 0.05 2.12 0.36 0.035 NGC6405
17403400-3211107 4671 75 4.58 0.18 -0.06 0.09 1.42 0.12 0.035 NGC6405
17403553-3218241 4671 79 4.46 0.18 -0.02 0.09 1.26 0.12 0.035 NGC6405
17403708-3215369 6602 67 4.20 0.17 -0.03 0.05 1.84 0.00 0.035 NGC6405
17403755-3219171 4594 79 4.45 0.18 -0.03 0.09 1.41 0.11 0.035 NGC6405
17403918-3216195 5502 65 4.58 0.17 -0.34 0.05 1.43 0.14 0.035 NGC6405
17403923-3217590 4841 74 4.31 0.18 -0.11 0.10 2.10 0.10 0.035 NGC6405
17404122-3206317 6022 65 4.35 0.18 0.19 0.06 2.75 0.06 0.035 NGC6405
17404236-3206272 5959 64 4.41 0.17 0.29 0.06 2.74 0.06 0.035 NGC6405
17404320-3208225 5837 65 4.19 0.17 -0.02 0.05 3.32 0.06 0.035 NGC6405
17404609-3209490 6834 67 4.09 0.17 0.00 0.05 3.05 0.07 0.035 NGC6405
17404644-3209045 5713 65 4.51 0.17 0.19 0.06 1.15 1.24 0.035 NGC6405
17404713-3220090 5946 73 4.38 0.18 0.36 0.08 1.96 0.00 0.035 NGC6405
17404827-3216012 6214 66 4.29 0.16 0.23 0.05 2.91 0.06 0.035 NGC6405
17404968-3212242 5822 66 3.92 0.17 -0.26 0.05 2.47 0.06 0.035 NGC6405
17405270-3216183 5873 64 4.45 0.17 0.25 0.05 2.03 0.10 0.035 NGC6405
17405276-3214134 6252 64 4.22 0.17 0.14 0.05 1.66 0.29 0.035 NGC6405
17405421-3214261 6887 66 4.13 0.18 -0.02 0.05 3.09 0.09 0.035 NGC6405
17405613-3214492 5113 75 4.33 0.17 -0.04 0.09 2.55 0.10 0.035 NGC6405
17394560-3216201 6263 66 4.06 0.17 0.01 0.05 3.29 0.05 0.035 NGC6405
17401037-3216295 4485 65 2.32 0.18 0.06 0.05 0.17 0.13 0.035 NGC6405
17401994-3218461 6064 65 3.50 0.17 0.07 0.05 3.25 0.09 0.035 NGC6405
17402089-3222063 6849 86 4.39 0.22 -1.00 0.08 2.26 0.16 0.035 NGC6405
17402830-3222181 6779 83 4.10 0.22 0.32 0.07 3.44 0.13 0.035 NGC6405
17403142-3220066 6717 65 4.21 0.17 0.03 0.06 2.40 0.11 0.035 NGC6405
17403164-3220500 6757 66 4.09 0.17 0.00 0.05 2.92 0.09 0.035 NGC6405
17403183-3159162 4604 64 2.24 0.17 -0.11 0.06 -0.12 0.62 0.035 NGC6405
17403230-3220119 4791 65 4.49 0.17 0.02 0.06 2.09 0.09 0.035 NGC6405
17403547-3201108 6696 71 4.25 0.21 0.42 0.05 2.56 0.15 0.035 NGC6405
17403953-3203037 6318 63 4.11 0.17 0.05 0.05 1.93 0.13 0.035 NGC6405
17404242-3214021 6182 67 4.13 0.18 -0.04 0.06 3.38 0.06 0.035 NGC6405
17404346-3212521 5340 66 4.40 0.17 0.06 0.05 3.01 0.08 0.035 NGC6405
17404497-3200118 5405 63 4.47 0.17 0.06 0.05 2.97 0.08 0.035 NGC6405
17404701-3221253 6043 64 4.46 0.18 -0.17 0.05 2.34 0.13 0.035 NGC6405
17404725-3209318 5288 67 4.35 0.17 -0.16 0.06 3.18 0.09 0.035 NGC6405
17404800-3212599 4736 62 2.61 0.17 0.14 0.06 -0.47 0.62 0.035 NGC6405
17405032-3206393 5778 63 4.37 0.18 -0.27 0.05 1.49 0.00 0.035 NGC6405
17405223-3216426 6198 67 4.16 0.18 -0.12 0.06 1.75 0.14 0.035 NGC6405
17405357-3213063 3945 76 1.32 0.18 -0.02 0.09 0.06 0.18 0.035 NGC6405
17405483-3158394 6083 68 4.31 0.18 0.26 0.05 2.64 0.07 0.035 NGC6405
17405853-3217489 4710 66 4.71 0.18 0.01 0.05 0.45 0.18 0.035 NGC6405
17410045-3206456 5786 64 4.51 0.17 0.43 0.04 2.00 0.12 0.035 NGC6405
17410122-3210403 4614 68 2.35 0.17 0.05 0.06 0.29 0.23 0.035 NGC6405
17410175-3219009 6407 65 3.94 0.18 -0.03 0.05 2.74 0.07 0.035 NGC6405
17410237-3215101 5929 65 4.35 0.18 0.37 0.05 1.93 0.15 0.035 NGC6405
17410573-3215396 5083 62 3.55 0.17 0.12 0.06 1.24 0.00 0.035 NGC6405
17410649-3200301 4743 66 2.87 0.18 0.35 0.05 1.20 0.00 0.035 NGC6405
17410664-3218147 6189 65 4.25 0.18 -0.05 0.05 3.13 0.06 0.035 NGC6405
17410728-3209064 4815 64 4.51 0.18 0.03 0.05 2.18 0.09 0.035 NGC6405
17410734-3212357 5582 64 3.99 0.17 -0.51 0.06 1.29 0.00 0.035 NGC6405
17410857-3209297 6256 65 4.32 0.18 0.12 0.05 2.70 0.06 0.035 NGC6405
17411024-3211269 4484 79 4.26 0.18 0.05 0.09 1.29 0.12 0.035 NGC6405
17411515-3215340 6613 78 4.14 0.18 -0.02 0.09 2.45 0.17 0.035 NGC6405
17411667-3207594 5452 65 4.08 0.17 -0.17 0.05 1.80 0.09 0.035 NGC6405
17411683-3216214 4903 75 4.66 0.18 -0.07 0.09 2.24 0.11 0.035 NGC6405
17411878-3210042 5864 64 4.40 0.18 0.24 0.05 1.80 0.27 0.035 NGC6405
17411976-3217587 5777 64 4.06 0.18 -0.50 0.06 2.26 0.14 0.035 NGC6405
17412332-3209037 4738 63 2.93 0.17 0.30 0.05 1.02 0.00 0.035 NGC6405
17412896-3216331 5221 64 4.39 0.18 0.12 0.06 2.72 0.09 0.035 NGC6405
17412989-3213190 4828 65 2.63 0.17 0.06 0.05 0.13 0.56 0.035 NGC6405
17413292-3214097 4303 75 1.67 0.18 0.16 0.09 0.54 0.00 0.035 NGC6405
17391497-3211198 6488 71 4.10 0.21 0.15 0.05 3.11 0.15 0.035 NGC6405
17392132-3217292 6374 67 4.11 0.17 0.25 0.06 2.41 0.00 0.035 NGC6405
17392266-3221178 3491 107 4.87 0.23 -0.29 0.09 0.04 0.21 0.035 NGC6405
17392659-3222314 6791 107 4.50 0.34 0.47 0.03 3.50 0.19 0.035 NGC6405
17392668-3218423 6392 65 4.28 0.17 -0.02 0.05 2.98 0.10 0.035 NGC6405
17392876-3209534 4715 83 2.34 0.23 -0.42 0.08 1.49 0.22 0.035 NGC6405
17393111-3211324 3967 76 4.83 0.19 -0.05 0.09 0.51 0.20 0.035 NGC6405
17393239-3212070 6325 84 3.76 0.22 0.06 0.07 3.21 0.20 0.035 NGC6405
17393287-3222259 6400 64 4.05 0.17 0.25 0.05 2.90 0.12 0.035 NGC6405
17393401-3210261 5651 64 4.41 0.17 0.43 0.04 1.53 0.00 0.035 NGC6405
17393439-3219322 6845 109 4.03 0.24 0.00 0.09 2.98 0.10 0.035 NGC6405
17393518-3222260 5873 65 3.83 0.17 0.05 0.05 2.63 0.13 0.035 NGC6405
17393680-3208463 6038 65 4.25 0.17 -0.02 0.05 2.08 0.13 0.035 NGC6405
17393699-3208044 5420 64 4.24 0.18 0.22 0.05 1.48 0.00 0.035 NGC6405
17394469-3209409 5791 63 4.11 0.17 0.00 0.06 1.81 0.41 0.035 NGC6405
17394551-3221581 5959 65 4.44 0.18 0.13 0.05 2.86 0.10 0.035 NGC6405
17394599-3208088 5617 65 4.54 0.17 0.00 0.06 1.43 0.16 0.035 NGC6405
17394719-3211017 4322 77 4.71 0.18 0.07 0.09 -0.52 0.56 0.035 NGC6405
17394892-3211048 4297 75 4.81 0.18 -0.04 0.10 0.10 0.18 0.035 NGC6405
17394893-3207495 5296 64 4.35 0.17 0.13 0.05 1.17 0.00 0.035 NGC6405
17395412-3205134 5321 66 4.63 0.18 -0.05 0.06 1.01 0.27 0.035 NGC6405
17395445-3224427 6144 65 4.48 0.18 0.42 0.05 2.60 0.17 0.035 NGC6405
17395618-3209306 5185 65 4.68 0.18 -0.04 0.05 1.16 0.00 0.035 NGC6405
17395727-3224377 5722 63 4.45 0.17 0.24 0.05 1.56 0.00 0.035 NGC6405
17395819-3204126 6352 65 3.92 0.17 -0.09 0.05 2.52 0.10 0.035 NGC6405
17400217-3222250 6403 64 3.88 0.17 0.12 0.05 2.65 0.21 0.035 NGC6405
17400274-3223110 6528 66 4.15 0.18 -0.02 0.05 3.02 0.09 0.035 NGC6405
17400426-3206380 5193 67 4.17 0.17 0.05 0.05 1.91 0.09 0.035 NGC6405
17400540-3204183 6183 66 4.13 0.18 0.05 0.05 2.06 0.00 0.035 NGC6405
17400555-3207590 4799 64 4.58 0.18 0.23 0.05 0.52 0.17 0.035 NGC6405
17400695-3218516 5087 64 4.44 0.18 0.00 0.05 2.69 0.09 0.035 NGC6405
17400866-3203351 6559 80 3.89 0.22 0.22 0.08 2.58 0.00 0.035 NGC6405
17401121-3224032 5633 66 4.23 0.17 0.15 0.06 1.62 0.00 0.035 NGC6405
17401253-3204075 5714 63 3.94 0.17 0.30 0.06 1.99 0.00 0.035 NGC6405
17401360-3213194 6266 65 4.13 0.17 0.22 0.05 2.00 0.00 0.035 NGC6405
17401376-3221486 6107 64 3.82 0.17 0.25 0.05 2.37 0.26 0.035 NGC6405
17401465-3204464 6228 80 3.79 0.22 0.04 0.08 2.57 0.00 0.035 NGC6405
17401818-3224524 5844 66 4.50 0.17 0.05 0.05 2.38 0.11 0.035 NGC6405
17402022-3207234 6067 65 4.47 0.17 0.14 0.05 2.40 0.19 0.035 NGC6405
17402136-3219211 6557 77 3.85 0.18 0.22 0.09 2.88 0.12 0.035 NGC6405
17402472-3222552 5223 66 3.62 0.18 0.10 0.06 1.87 0.14 0.035 NGC6405
17402508-3224290 6227 65 4.27 0.17 -0.05 0.05 2.10 0.00 0.035 NGC6405
17402581-3204453 5774 66 4.32 0.17 0.06 0.05 1.79 0.12 0.035 NGC6405
17402596-3203349 6275 64 4.14 0.17 0.10 0.06 2.22 0.30 0.035 NGC6405
17402604-3219145 6413 96 3.92 0.26 0.35 0.10 2.69 0.00 0.035 NGC6405
17402712-3208077 5036 64 4.45 0.18 0.21 0.05 0.89 0.22 0.035 NGC6405
17402745-3208308 5771 64 4.21 0.17 -0.13 0.05 2.33 0.14 0.035 NGC6405
17402824-3217465 6323 65 4.16 0.17 0.15 0.06 2.15 0.28 0.035 NGC6405
17402949-3222506 6482 83 4.15 0.22 0.37 0.07 2.86 0.23 0.035 NGC6405
17403053-3203555 5801 65 4.29 0.18 0.35 0.05 1.68 0.17 0.035 NGC6405
17403198-3222460 6209 65 3.77 0.17 -0.39 0.05 2.63 0.15 0.035 NGC6405
17403265-3209472 3906 109 4.81 0.23 -0.11 0.09 0.45 0.19 0.035 NGC6405
17403358-3222507 6014 83 4.12 0.22 -0.23 0.07 2.25 0.00 0.035 NGC6405
17403399-3208522 6643 84 3.89 0.22 0.27 0.08 3.01 0.19 0.035 NGC6405
17403532-3206010 5459 64 4.23 0.17 -0.39 0.05 1.91 0.18 0.035 NGC6405
17403955-3222071 5953 63 4.54 0.18 0.28 0.05 2.21 0.16 0.035 NGC6405
17403982-3209074 6703 66 4.09 0.18 0.37 0.05 3.50 0.10 0.035 NGC6405
17404405-3210250 4501 65 2.27 0.17 0.24 0.05 0.03 0.26 0.035 NGC6405
17404408-3204144 5089 64 4.43 0.17 0.03 0.06 2.59 0.08 0.035 NGC6405
17404548-3207518 6188 67 3.96 0.18 -0.02 0.05 2.23 0.00 0.035 NGC6405
17404873-3212077 4486 64 4.80 0.18 0.27 0.05 -0.02 0.40 0.035 NGC6405
17404896-3210578 5216 65 4.69 0.18 0.18 0.05 1.27 0.00 0.035 NGC6405
17404957-3219389 4397 76 4.41 0.18 0.03 0.09 0.19 0.21 0.035 NGC6405
17405297-3212010 6254 63 4.23 0.17 0.06 0.05 2.48 0.08 0.035 NGC6405
17405435-3216468 4962 65 3.04 0.17 0.32 0.05 0.53 0.62 0.035 NGC6405
17405517-3215073 6543 83 4.24 0.22 0.38 0.07 2.86 0.24 0.035 NGC6405
17405743-3209487 5734 81 3.81 0.22 0.38 0.06 2.21 0.26 0.035 NGC6405
17405788-3214425 5921 65 3.83 0.18 -0.04 0.05 2.70 0.13 0.035 NGC6405
17395573-3213406 5515 33 4.30 0.05 -0.35 0.04 1.08 0.00 0.035 NGC6405
17400003-3213106 5145 31 4.43 0.05 -0.04 0.05 2.62 0.04 0.035 NGC6405
17400381-3214239 5180 56 4.51 0.10 0.04 0.12 2.99 0.07 0.035 NGC6405
17400650-3211374 5319 30 4.50 0.05 0.01 0.05 2.68 0.04 0.035 NGC6405
17400995-3212221 4908 46 4.30 0.07 0.03 0.08 2.05 0.06 0.035 NGC6405
17401391-3213044 5296 31 4.56 0.05 -0.04 0.06 -0.20 0.00 0.035 NGC6405
17391646-3206406 5440 80 3.88 0.22 -0.43 0.08 2.03 0.00 0.035 NGC6405
17392254-3216598 6171 64 4.48 0.18 0.41 0.05 2.38 0.00 0.035 NGC6405
17392406-3205180 6530 63 4.10 0.17 0.14 0.05 2.90 0.20 0.035 NGC6405
17392609-3214362 5232 65 4.33 0.18 -0.20 0.06 0.81 0.92 0.035 NGC6405
17392655-3215479 5748 64 4.01 0.18 -0.33 0.06 1.72 0.00 0.035 NGC6405
17392678-3204594 5270 67 4.61 0.18 0.24 0.05 1.40 0.00 0.035 NGC6405
17392808-3212273 4771 63 4.65 0.17 0.11 0.05 0.42 0.65 0.035 NGC6405
17392956-3216373 3301 108 4.93 0.23 -0.38 0.09 -1.00 0.00 0.035 NGC6405
17393312-3220307 3358 111 4.92 0.23 -0.37 0.09 -0.95 0.37 0.035 NGC6405
17393351-3203462 5989 75 3.77 0.18 0.06 0.09 2.17 0.00 0.035 NGC6405
17393405-3221169 6412 64 4.08 0.17 -0.43 0.05 2.61 0.19 0.035 NGC6405
17393411-3207285 6794 99 4.17 0.25 -0.34 0.15 3.16 0.11 0.035 NGC6405
17393608-3209252 6203 65 4.40 0.17 0.22 0.05 2.93 0.08 0.035 NGC6405
17393763-3222348 6548 65 4.06 0.17 0.08 0.05 2.91 0.14 0.035 NGC6405
17393767-3204165 3308 109 4.88 0.23 -0.38 0.09 -1.00 0.00 0.035 NGC6405
17394072-3212174 4059 75 4.54 0.18 0.04 0.09 0.63 0.10 0.035 NGC6405
17394122-3218518 5511 66 4.04 0.18 0.31 0.05 2.17 0.15 0.035 NGC6405
17394292-3215569 5334 64 3.75 0.17 0.19 0.06 1.83 0.13 0.035 NGC6405
17394298-3202415 5376 65 4.32 0.18 0.11 0.05 1.46 0.00 0.035 NGC6405
17394405-3204312 5789 65 3.71 0.17 -0.27 0.06 1.58 0.29 0.035 NGC6405
17394450-3223162 6241 65 3.87 0.17 0.28 0.06 3.12 0.12 0.035 NGC6405
17394518-3222408 6376 64 4.52 0.17 0.26 0.06 3.09 0.10 0.035 NGC6405
17394620-3224337 6013 65 4.51 0.17 0.08 0.05 3.09 0.09 0.035 NGC6405
17394622-3211330 6266 64 3.98 0.18 -0.10 0.06 2.12 0.00 0.035 NGC6405
17394731-3202450 6076 63 4.31 0.17 0.35 0.05 2.32 0.20 0.035 NGC6405
17394835-3223202 4172 76 4.34 0.18 0.07 0.10 -0.31 0.63 0.035 NGC6405
17394847-3222057 6708 65 4.25 0.18 0.17 0.05 2.95 0.11 0.035 NGC6405
17394867-3213021 5214 65 4.21 0.17 0.19 0.05 1.39 0.00 0.035 NGC6405
17394929-3221079 3495 107 4.88 0.23 -0.32 0.09 -1.00 0.00 0.035 NGC6405
17395054-3215323 5192 63 4.60 0.17 -0.08 0.06 0.67 0.47 0.035 NGC6405
17395133-3212410 5329 64 3.70 0.17 -0.55 0.05 1.62 0.00 0.035 NGC6405
17395190-3203092 6434 64 4.13 0.17 0.21 0.05 3.37 0.07 0.035 NGC6405
17395263-3220429 5781 65 4.34 0.18 0.03 0.06 2.83 0.08 0.035 NGC6405
17395576-3203500 5366 65 4.20 0.18 0.24 0.06 1.82 0.17 0.035 NGC6405
17395914-3203033 6451 78 4.02 0.18 0.13 0.10 2.55 0.14 0.035 NGC6405
17400157-3211374 4915 64 3.10 0.17 0.27 0.05 0.56 0.25 0.035 NGC6405
17400347-3201288 5653 63 4.11 0.17 0.38 0.05 2.62 0.10 0.035 NGC6405
17400595-3218552 6697 106 4.54 0.34 -0.22 0.09 2.79 0.00 0.035 NGC6405
17400630-3216168 5940 82 3.93 0.22 0.15 0.08 2.49 0.22 0.035 NGC6405
17400644-3212254 6248 64 4.30 0.17 -0.02 0.05 2.82 0.09 0.035 NGC6405
17400803-3207027 5848 65 4.13 0.17 0.04 0.05 3.44 0.12 0.035 NGC6405
17400998-3219357 5767 65 4.50 0.17 -0.63 0.05 1.81 0.11 0.035 NGC6405
17401063-3203423 5421 64 4.23 0.17 0.00 0.05 0.88 0.73 0.035 NGC6405
17401102-3224098 5982 65 4.27 0.18 0.03 0.05 2.82 0.08 0.035 NGC6405
17401108-3208116 5806 65 4.14 0.17 -0.03 0.05 2.60 0.06 0.035 NGC6405
17401112-3204113 5328 83 3.45 0.22 0.08 0.08 1.77 0.32 0.035 NGC6405
17401170-3219202 5966 65 4.42 0.18 0.18 0.05 2.15 0.17 0.035 NGC6405
17401382-3223208 6158 64 3.60 0.18 -0.26 0.05 2.50 0.19 0.035 NGC6405
17401420-3220381 6351 66 4.28 0.17 -0.45 0.05 2.01 0.00 0.035 NGC6405
17401596-3224388 5748 67 4.34 0.17 0.22 0.05 1.58 0.00 0.035 NGC6405
17401607-3212421 6114 82 4.57 0.22 0.20 0.07 3.19 0.11 0.035 NGC6405
17401613-3201140 5772 104 4.09 0.33 -0.46 0.10 2.26 0.00 0.035 NGC6405
17402251-3204262 6541 64 4.00 0.17 0.04 0.05 3.22 0.07 0.035 NGC6405
17402406-3217049 5051 65 3.23 0.18 0.34 0.05 1.60 0.00 0.035 NGC6405
17402692-3217056 5942 65 4.57 0.18 0.35 0.05 2.64 0.08 0.035 NGC6405
17402751-3215009 5923 83 3.10 0.22 0.05 0.07 2.24 0.33 0.035 NGC6405
17402816-3211342 4969 64 3.22 0.17 0.28 0.06 1.09 0.16 0.035 NGC6405
17403015-3214324 5910 64 3.91 0.17 -0.29 0.05 2.77 0.09 0.035 NGC6405
17403095-3212382 5672 66 4.31 0.17 0.15 0.05 1.46 0.49 0.035 NGC6405
17403119-3206289 3961 78 4.32 0.18 -0.03 0.09 -1.00 0.00 0.035 NGC6405
17403205-3223503 6010 65 4.48 0.18 0.09 0.05 2.47 0.09 0.035 NGC6405
17403291-3202179 6312 82 3.19 0.23 0.02 0.07 2.54 0.28 0.035 NGC6405
17403427-3204108 5525 66 3.79 0.17 0.25 0.05 2.57 0.10 0.035 NGC6405
17403835-3217106 6390 66 4.23 0.17 0.11 0.05 2.45 0.00 0.035 NGC6405
17403926-3203463 6292 65 4.29 0.18 0.17 0.06 3.13 0.11 0.035 NGC6405
17403969-3205485 6181 65 4.10 0.18 0.32 0.06 2.13 0.00 0.035 NGC6405
17404138-3213581 5762 63 4.13 0.17 -0.01 0.06 2.07 0.00 0.035 NGC6405
17404276-3210177 6728 64 4.28 0.18 0.17 0.05 2.86 0.12 0.035 NGC6405
17404827-3218023 5688 65 4.53 0.17 0.06 0.06 1.89 0.14 0.035 NGC6405
17405055-3212460 5872 70 4.24 0.21 -0.27 0.05 2.61 0.14 0.035 NGC6405
17405056-3217399 4413 75 4.38 0.18 0.03 0.09 1.52 0.10 0.035 NGC6405
17405579-3211459 3306 107 4.88 0.23 -0.38 0.09 -1.00 0.00 0.035 NGC6405
17405702-3216364 5920 104 3.33 0.34 0.04 0.09 2.62 0.22 0.035 NGC6405
17405871-3216298 6928 75 4.26 0.22 0.24 0.05 2.47 0.33 0.035 NGC6405
17393006-3212190 5470 65 4.73 0.17 0.38 0.05 1.45 0.19 0.035 NGC6405
17393014-3212026 5893 67 4.48 0.17 0.10 0.05 2.16 0.12 0.035 NGC6405
17393338-3213465 4807 64 2.75 0.17 0.09 0.05 0.93 0.19 0.035 NGC6405
17393465-3218508 6831 108 4.13 0.24 -0.03 0.09 3.32 0.11 0.035 NGC6405
17393648-3205200 6133 65 4.22 0.17 0.34 0.05 1.82 0.24 0.035 NGC6405
17393750-3205036 6447 66 4.13 0.17 0.32 0.05 2.60 0.00 0.035 NGC6405
17393799-3204134 4596 81 3.44 0.22 -0.03 0.07 1.09 0.23 0.035 NGC6405
17394285-3215266 5045 63 4.64 0.17 0.08 0.05 0.88 0.19 0.035 NGC6405
17394451-3220043 6466 65 4.29 0.17 0.47 0.02 2.43 0.31 0.035 NGC6405
17394520-3218395 5753 66 4.14 0.18 0.38 0.05 1.89 0.32 0.035 NGC6405
17394634-3215185 5653 64 4.29 0.18 -0.26 0.05 2.06 0.08 0.035 NGC6405
17394659-3209459 6779 77 3.98 0.18 -0.02 0.09 3.38 0.08 0.035 NGC6405
17394685-3222517 6987 106 5.00 0.29 -0.46 0.09 2.84 0.13 0.035 NGC6405
17394924-3214505 5585 64 4.11 0.17 -0.17 0.05 1.80 0.20 0.035 NGC6405
17394935-3206171 6677 65 4.27 0.17 0.24 0.05 3.40 0.09 0.035 NGC6405
17394944-3218064 4892 63 3.02 0.17 -0.01 0.06 0.53 0.48 0.035 NGC6405
17395334-3204598 6692 82 4.17 0.21 0.37 0.07 3.09 0.18 0.035 NGC6405
17395382-3215573 5857 64 3.85 0.17 0.06 0.06 2.46 0.14 0.035 NGC6405
17395419-3209417 6479 64 4.12 0.17 0.01 0.05 3.34 0.12 0.035 NGC6405
17395632-3212384 4584 75 4.48 0.18 0.00 0.09 1.58 0.11 0.035 NGC6405
17395680-3221113 5659 65 3.98 0.17 -0.35 0.05 2.09 0.14 0.035 NGC6405
17395879-3209262 6535 64 4.41 0.17 0.20 0.06 3.14 0.09 0.035 NGC6405
17400014-3208219 6200 64 4.19 0.17 0.27 0.05 2.61 0.10 0.035 NGC6405
17400176-3216198 5270 82 3.16 0.22 -0.03 0.08 2.03 0.20 0.035 NGC6405
17400204-3223449 6194 65 4.03 0.18 0.23 0.06 2.40 0.17 0.035 NGC6405
17400460-3219086 6501 65 4.05 0.17 0.24 0.05 2.85 0.18 0.035 NGC6405
17400654-3224136 6318 63 4.04 0.18 0.33 0.05 2.40 0.00 0.035 NGC6405
17400819-3221055 4987 82 3.63 0.22 0.22 0.07 1.71 0.20 0.035 NGC6405
17400824-3212082 3885 97 4.83 0.26 -0.12 0.15 0.74 0.22 0.035 NGC6405
17400825-3223301 6703 82 4.07 0.22 0.12 0.08 3.39 0.11 0.035 NGC6405
17400866-3207070 5262 78 3.88 0.22 0.46 0.03 1.69 0.00 0.035 NGC6405
17400919-3221481 5790 65 4.39 0.17 0.03 0.05 2.34 0.08 0.035 NGC6405
17400921-3223252 4765 65 2.75 0.18 0.03 0.06 0.61 0.97 0.035 NGC6405
17400936-3208183 5750 63 3.87 0.17 0.32 0.05 2.89 0.11 0.035 NGC6405
17400971-3214420 5738 65 4.62 0.18 0.06 0.05 2.01 0.16 0.035 NGC6405
17400973-3214075 3550 107 4.86 0.23 -0.27 0.09 -0.28 0.53 0.035 NGC6405
17401057-3214198 5886 65 3.94 0.18 0.02 0.05 2.05 0.26 0.035 NGC6405
17401113-3210060 6839 66 4.08 0.18 0.16 0.05 2.24 0.00 0.035 NGC6405
17401447-3212065 6117 82 4.46 0.22 0.47 0.03 2.96 0.16 0.035 NGC6405
17401458-3217243 6084 63 4.31 0.17 0.17 0.05 2.73 0.08 0.035 NGC6405
17401524-3213174 6946 70 4.01 0.21 0.22 0.05 3.09 0.09 0.035 NGC6405
17401693-3214457 6282 66 4.07 0.17 0.18 0.06 2.58 0.11 0.035 NGC6405
17401742-3209296 5661 81 3.09 0.23 -0.27 0.08 2.44 0.23 0.035 NGC6405
17401876-3212545 6698 95 3.87 0.26 0.44 0.05 3.08 0.18 0.035 NGC6405
17401988-3218141 6105 65 4.30 0.17 0.25 0.06 2.89 0.08 0.035 NGC6405
17402246-3219488 4933 65 4.39 0.17 -0.20 0.06 1.34 0.11 0.035 NGC6405
17402368-3214381 6312 65 4.17 0.18 0.14 0.05 3.56 0.09 0.035 NGC6405
17402507-3212137 4277 97 2.47 0.26 0.41 0.08 0.66 0.00 0.035 NGC6405
17402525-3215084 4681 67 2.86 0.17 0.00 0.05 0.78 0.22 0.035 NGC6405
17402670-3214426 6290 83 4.25 0.22 0.08 0.08 2.23 0.00 0.035 NGC6405
17403463-3219175 6181 63 4.01 0.17 0.12 0.06 1.89 0.52 0.035 NGC6405
17403855-3215474 5478 65 4.38 0.17 0.02 0.05 1.45 0.00 0.035 NGC6405
17403885-3220133 5186 64 4.48 0.17 -0.32 0.05 0.72 0.41 0.035 NGC6405
17403955-3220455 3985 78 4.90 0.18 0.01 0.10 0.44 0.22 0.035 NGC6405
17403974-3212050 5810 65 4.41 0.17 -0.21 0.05 2.38 0.07 0.035 NGC6405
17404670-3215496 5811 66 3.99 0.18 0.32 0.05 1.99 0.32 0.035 NGC6405
17404697-3217268 6395 66 4.16 0.18 0.00 0.06 1.84 0.00 0.035 NGC6405
17404759-3219175 5690 64 4.42 0.18 0.35 0.05 2.05 0.25 0.035 NGC6405
17405238-3219459 5370 68 4.34 0.20 0.45 0.04 1.50 0.46 0.035 NGC6405
17410160-3214189 5692 65 3.83 0.17 0.34 0.05 2.03 0.26 0.035 NGC6405
17392981-3210534 5198 65 3.78 0.18 -0.44 0.05 1.16 0.17 0.035 NGC6405
17392997-3219248 6360 65 3.91 0.17 0.13 0.05 3.06 0.10 0.035 NGC6405
17393266-3217092 4147 79 4.74 0.18 0.01 0.10 -0.30 0.55 0.035 NGC6405
17393413-3220264 6790 75 4.20 0.18 0.04 0.09 2.77 0.19 0.035 NGC6405
17393793-3206316 6588 66 4.00 0.18 0.00 0.05 2.41 0.00 0.035 NGC6405
17393818-3217468 5764 66 3.99 0.18 -0.34 0.05 2.58 0.17 0.035 NGC6405
17394451-3224563 4136 76 4.68 0.18 0.02 0.10 0.43 0.19 0.035 NGC6405
17394499-3219441 6217 65 3.82 0.17 0.03 0.05 2.61 0.19 0.035 NGC6405
17394722-3205521 6901 82 3.86 0.22 0.18 0.08 3.36 0.10 0.035 NGC6405
17394905-3214387 5258 64 4.48 0.17 -0.28 0.05 1.87 0.18 0.035 NGC6405
17394931-3213362 4520 76 4.40 0.18 0.00 0.10 0.65 0.12 0.035 NGC6405
17395113-3225171 6532 65 4.16 0.18 0.13 0.05 2.35 0.23 0.035 NGC6405
17395378-3213456 5101 65 3.30 0.17 0.20 0.05 0.42 0.56 0.035 NGC6405
17395962-3219262 5631 67 3.72 0.17 -0.07 0.05 2.47 0.14 0.035 NGC6405
17395997-3221581 5705 65 4.54 0.17 0.33 0.05 1.63 0.37 0.035 NGC6405
17400533-3226584 6419 66 4.07 0.17 0.16 0.05 2.50 0.00 0.035 NGC6405
17400703-3221538 6540 67 4.01 0.17 0.04 0.05 3.28 0.12 0.035 NGC6405
17400730-3203576 3963 76 4.53 0.17 0.06 0.09 0.12 0.25 0.035 NGC6405
17400757-3216331 6132 66 4.24 0.17 0.24 0.05 2.97 0.09 0.035 NGC6405
17400783-3223424 4374 76 4.54 0.18 0.02 0.09 0.02 0.00 0.035 NGC6405
17400828-3217402 5680 65 4.62 0.18 0.22 0.06 2.60 0.11 0.035 NGC6405
17401132-3223584 3399 106 4.88 0.23 -0.33 0.09 -0.72 0.00 0.035 NGC6405
17401213-3215516 4697 66 2.74 0.17 0.33 0.05 -0.04 0.71 0.035 NGC6405
17401488-3213059 6560 100 3.98 0.26 0.23 0.14 2.97 0.00 0.035 NGC6405
17401602-3226001 5562 66 4.04 0.18 0.19 0.05 2.02 0.08 0.035 NGC6405
17401696-3225284 6347 65 4.33 0.17 0.32 0.05 2.20 0.00 0.035 NGC6405
17401785-3218589 5944 65 4.50 0.18 0.42 0.04 2.75 0.11 0.035 NGC6405
17402110-3225581 6390 83 3.75 0.21 -0.02 0.07 3.27 0.21 0.035 NGC6405
17402116-3212131 5828 64 4.40 0.17 0.30 0.05 2.05 0.20 0.035 NGC6405
17402159-3208305 5260 65 4.61 0.17 0.10 0.05 0.90 0.34 0.035 NGC6405
17402496-3215411 4743 65 4.83 0.17 0.40 0.05 0.51 0.92 0.035 NGC6405
17402516-3220055 5614 76 4.08 0.18 0.22 0.09 1.99 0.00 0.035 NGC6405
17402525-3213083 3235 103 4.99 0.23 -0.37 0.08 -1.00 0.00 0.035 NGC6405
17402533-3218403 5914 81 3.83 0.22 0.11 0.08 2.83 0.16 0.035 NGC6405
17402779-3226112 6304 65 4.07 0.17 0.35 0.05 2.49 0.00 0.035 NGC6405
17402790-3204513 5418 63 4.41 0.17 0.18 0.05 1.23 0.24 0.035 NGC6405
17402898-3219340 6037 69 4.36 0.21 0.33 0.06 2.76 0.12 0.035 NGC6405
17402984-3208126 5063 63 4.03 0.18 0.02 0.06 0.86 0.34 0.035 NGC6405
17403035-3213320 5555 65 4.48 0.18 0.09 0.06 1.61 0.09 0.035 NGC6405
17403655-3210076 5367 83 4.13 0.22 -0.05 0.08 1.87 0.00 0.035 NGC6405
17403746-3212047 5628 67 4.35 0.17 0.23 0.06 1.28 0.26 0.035 NGC6405
17403976-3223103 6267 65 3.96 0.18 0.11 0.06 3.43 0.10 0.035 NGC6405
17404026-3203332 6168 81 3.50 0.22 0.05 0.07 2.78 0.23 0.035 NGC6405
17404204-3205514 6906 97 4.31 0.26 -1.69 0.16 2.51 0.00 0.035 NGC6405
17404457-3218388 4236 76 4.70 0.18 0.07 0.09 0.64 0.15 0.035 NGC6405
17404637-3209220 6248 66 3.78 0.17 -0.08 0.05 2.08 0.33 0.035 NGC6405
17404855-3212027 5055 65 3.87 0.17 0.20 0.05 1.16 0.40 0.035 NGC6405
17404884-3219423 6121 75 4.40 0.18 -0.15 0.09 2.88 0.17 0.035 NGC6405
17405372-3212069 5834 80 4.86 0.22 0.37 0.07 2.20 0.00 0.035 NGC6405
17405799-3213104 4613 63 2.47 0.17 0.08 0.05 0.37 0.16 0.035 NGC6405
17410077-3216384 6808 107 3.26 0.34 -0.62 0.09 2.84 0.00 0.035 NGC6405
17410108-3207396 6657 66 4.24 0.17 0.11 0.06 3.40 0.11 0.035 NGC6405
17410110-3212044 6692 95 4.27 0.26 0.45 0.05 3.04 0.21 0.035 NGC6405
17410143-3215116 4481 81 2.56 0.22 0.45 0.04 0.80 0.00 0.035 NGC6405
17410470-3212035 5810 82 3.87 0.22 0.05 0.08 2.56 0.23 0.035 NGC6405
17411034-3209182 5272 105 4.20 0.34 0.11 0.10 1.55 0.00 0.035 NGC6405
17411542-3217108 3560 107 4.84 0.23 -0.27 0.09 -0.46 0.64 0.035 NGC6405
17411584-3219122 5706 66 4.18 0.18 0.12 0.05 1.91 0.12 0.035 NGC6405
17411828-3215261 5844 71 4.33 0.21 -0.17 0.05 2.54 0.13 0.035 NGC6405
17400948-3212234 5399 33 4.48 0.05 -0.07 0.04 2.83 0.04 0.035 NGC6405
17401432-3221402 5639 34 4.30 0.05 -0.05 0.06 2.97 0.04 0.035 NGC6405
17402453-3208448 5059 30 3.50 0.05 -0.18 0.05 1.06 0.05 0.035 NGC6405
17403252-3220084 4969 46 4.38 0.07 -0.06 0.11 1.36 0.07 0.035 NGC6405
17403642-3212521 5297 31 4.38 0.05 -0.01 0.06 2.76 0.04 0.035 NGC6405
17394875-3221004 6396 84 4.52 0.22 0.39 0.06 2.92 0.00 0.035 NGC6405
17395571-3218146 6502 104 4.39 0.33 0.39 0.07 3.16 0.17 0.035 NGC6405
17395955-3226575 4896 81 1.74 0.22 0.29 0.07 1.34 0.38 0.035 NGC6405
17395985-3224558 5074 63 3.59 0.17 -0.10 0.05 1.08 0.00 0.035 NGC6405
17400818-3222354 4671 64 2.83 0.17 0.22 0.06 1.02 0.00 0.035 NGC6405
17401192-3222448 4872 65 3.08 0.17 0.01 0.05 0.93 0.00 0.035 NGC6405
17401193-3214389 6291 66 4.10 0.18 0.05 0.06 2.57 0.14 0.035 NGC6405
17401239-3226262 5754 64 4.45 0.18 0.14 0.06 2.13 0.00 0.035 NGC6405
17401493-3216392 5137 66 4.62 0.17 -0.02 0.05 1.01 0.31 0.035 NGC6405
17402512-3225092 5704 64 4.19 0.18 0.05 0.05 2.39 0.12 0.035 NGC6405
17404107-3222524 6582 84 3.40 0.22 0.13 0.08 3.51 0.19 0.035 NGC6405
17405662-3219443 5864 65 4.26 0.17 0.03 0.06 2.45 0.11 0.035 NGC6405
17410072-3220273 6703 67 4.17 0.18 0.08 0.05 2.78 0.18 0.035 NGC6405
17410092-3218256 5721 64 3.85 0.17 -0.08 0.06 1.83 0.21 0.035 NGC6405
17410364-3220055 5499 66 4.34 0.17 0.12 0.06 1.74 0.18 0.035 NGC6405
17410805-3218591 6442 65 3.95 0.17 0.17 0.05 2.38 0.18 0.035 NGC6405
17410951-3218001 5764 82 4.71 0.21 0.46 0.03 2.46 0.22 0.035 NGC6405
17411502-3213463 4113 77 4.84 0.18 -0.08 0.10 -1.00 0.00 0.035 NGC6405
