OBJECT TEFF E_TEFF LOGG E_LOGG FEH E_FEH LI1 E_LI1 "AGE (Gyr)" GES_FLD MEM3D
18264783+0633089 4463 76 4.65 0.18 0.02 0.1 -0.07 0.25 0.692 NGC6633 0.9992
18283294+0649160 6630 66 4.16 0.17 -0.01 0.05 1.6 0.0 0.692 NGC6633 0.9991
18262577+0630370 4012 77 4.76 0.18 -0.01 0.09 0.41 0.17 0.692 NGC6633 0.9985
18271164+0631060 4561 62 4.64 0.18 0.04 0.06 -0.13 0.22 0.692 NGC6633 0.9978
18281516+0638470 6570 66 4.04 0.18 -0.07 0.05 2.91 0.05 0.692 NGC6633 0.9799
18260963+0620448 4049 76 4.74 0.18 -0.04 0.1 0.66 0.14 0.692 NGC6633 0.9993
18264760+0626343 4043 77 4.81 0.19 -0.06 0.09 0.25 0.18 0.692 NGC6633 0.9993
18273422+0634253 4488 64 2.34 0.17 0.27 0.05 -1 0.0 0.692 NGC6633 0.9585
18263401+0628302 3433 107 4.86 0.24 -0.33 0.09 -1 0.0 0.692 NGC6633 0.9581
18265547+0630427 4946 65 4.64 0.17 -0.01 0.05 0.67 0.0 0.692 NGC6633 0.9994
18274167+0626184 3514 109 4.87 0.24 -0.3 0.09 0.11 0.18 0.692 NGC6633 0.9988
18271112+0637427 6367 65 4.09 0.18 -0.09 0.06 2.83 0.05 0.692 NGC6633 0.9991
18272640+0634181 6256 67 4.13 0.17 -0.18 0.05 2.61 0.05 0.692 NGC6633 0.9804
18271548+0640513 4366 75 4.67 0.18 0.06 0.09 0 0.0 0.692 NGC6633 0.9995
18270527+0627554 4647 65 4.62 0.17 -0.03 0.05 0.19 0.17 0.692 NGC6633 0.9986
18283246+0644404 6063 33 4.41 0.05 0.01 0.05 2.77 0.03 0.692 NGC6633 0.9994
