OBJECT TEFF E_TEFF LOGG E_LOGG FEH E_FEH LI1 E_LI1 "AGE (Gyr)" GES_FLD MEM3D
17000634-4441493 8000 750 1.21 1.2 -0.3 0.2 3.54 0.0 0.269 NGC6259 0.9979
17001161-4438477 4624 64 2.27 0.17 0.04 0.05 1.31 0.1 0.269 NGC6259 0.9988
17002705-4443092 4518 64 2.08 0.17 0.07 0.05 1.35 0.1 0.269 NGC6259 0.9981
17003494-4446090 4265 66 1.63 0.17 0.1 0.05 0.59 0.1 0.269 NGC6259 0.9989
17002992-4441428 4484 40 1.89 0.07 0.09 0.05 1.11 0.07 0.269 NGC6259 0.9982
17003606-4437251 4593 31 2.03 0.05 0.16 0.05 1.34 0.05 0.269 NGC6259 0.9989
17004644-4440415 4495 31 2.04 0.05 0.21 0.05 1.02 0.05 0.269 NGC6259 0.9992
17004667-4438225 4636 30 2.16 0.05 0.15 0.05 1.43 0.05 0.269 NGC6259 0.9992
17005145-4441297 4677 31 2.41 0.05 0.17 0.05 1.25 0.05 0.269 NGC6259 0.9971
17011371-4437075 4478 31 2.25 0.05 0.24 0.05 1.15 0.05 0.269 NGC6259 0.9965
17002437-4442244 6395 62 4.25 0.18 0.2 0.06 2.9 0.08 0.269 NGC6259 0.9938
17002924-4440455 5729 68 4.29 0.17 0.02 0.06 2.71 0.11 0.269 NGC6259 0.9927
17003277-4436211 6421 66 4.4 0.17 0.36 0.05 3.17 0.11 0.269 NGC6259 0.9986
17003526-4439043 6982 72 3.67 0.21 -0.06 0.05 3.06 0.08 0.269 NGC6259 0.9985
17005568-4440186 6872 72 4.23 0.21 0.13 0.05 2.88 0.11 0.269 NGC6259 0.9986
17010923-4438430 6837 66 4.51 0.17 0.16 0.05 3.3 0.08 0.269 NGC6259 0.9987
17011373-4446027 6000 64 4.08 0.17 0.29 0.05 3.32 0.13 0.269 NGC6259 0.9979
17002424-4441472 4651 30 2.31 0.05 0.21 0.05 0.31 0.07 0.269 NGC6259 0.998
17002825-4438536 4614 31 2.17 0.05 0.25 0.05 1.43 0.05 0.269 NGC6259 0.9986
17002841-4437203 4651 30 2.33 0.05 0.1 0.05 0.53 0.06 0.269 NGC6259 0.9946
17003856-4441332 4521 31 2.18 0.05 0.16 0.05 1.11 0.04 0.269 NGC6259 0.9993
17005389-4443372 4619 31 2.36 0.05 0.09 0.05 1.17 0.05 0.269 NGC6259 0.9992
17005833-4440542 4703 30 2.46 0.05 0.26 0.05 1.47 0.05 0.269 NGC6259 0.9992
17002769-4444161 6399 64 4.24 0.18 0.25 0.05 2.63 0.14 0.269 NGC6259 0.999
17003927-4444213 6817 65 4.29 0.17 0.22 0.05 2.81 0.13 0.269 NGC6259 0.9961
17011428-4436415 6525 79 4.09 0.17 0.12 0.1 2.77 0.17 0.269 NGC6259 0.9953
17002583-4438277 5827 66 4.3 0.18 0.29 0.05 2.98 0.07 0.269 NGC6259 0.9988
17002837-4439088 6362 66 4.17 0.17 0.17 0.05 3.23 0.08 0.269 NGC6259 0.9988
17003453-4436325 6493 75 4.04 0.18 0.03 0.1 3.24 0.07 0.269 NGC6259 0.9992
17004380-4437147 6405 63 4.24 0.17 0.25 0.05 3.49 0.06 0.269 NGC6259 0.9979
17005572-4439228 6110 64 4.26 0.18 0.18 0.05 3.09 0.07 0.269 NGC6259 0.9911
17005929-4433403 6774 78 4.15 0.18 0.02 0.1 2.29 0.0 0.269 NGC6259 0.9972
17011909-4440365 6336 66 4.17 0.17 0.21 0.05 2.96 0.1 0.269 NGC6259 0.9932
