OBJECT TEFF E_TEFF LOGG E_LOGG FEH E_FEH LI1 E_LI1 "AGE (Gyr)" GES_FLD MEM3D
16584259-5240288 6087 64 4.28 0.18 0.29 0.06 1.81 0.14 3.246 NGC6253 1
16585259-5243430 6006 64 4.27 0.17 0.36 0.05 1.19 0.51 3.246 NGC6253 0.9999
16590043-5245078 5883 65 4.27 0.17 0.31 0.05 1.42 0.22 3.246 NGC6253 0.9603
16590208-5244559 5943 66 4.17 0.17 0.23 0.05 1.1 1.21 3.246 NGC6253 0.9891
16590706-5241479 5884 63 4.04 0.15 0.36 0.07 1.43 0.3 3.246 NGC6253 0.9999
16591496-5241342 5798 64 3.89 0.14 0.32 0.07 1.75 0.0 3.246 NGC6253 0.9947
16583737-5245390 5946 65 4.38 0.17 0.37 0.05 1.97 0.0 3.246 NGC6253 0.9999
16585072-5240196 6020 66 4.35 0.17 0.31 0.05 1.71 0.16 3.246 NGC6253 0.9994
16585720-5243079 5841 65 4.12 0.14 0.33 0.07 2.14 0.08 3.246 NGC6253 0.9988
16590197-5243203 5894 64 4.16 0.17 0.25 0.05 1.28 0.23 3.246 NGC6253 0.9896
16591160-5243282 5880 65 4.34 0.18 0.3 0.06 1.87 0.1 3.246 NGC6253 0.9998
16591187-5242379 5914 64 4.23 0.18 0.3 0.05 1.76 0.12 3.246 NGC6253 0.9999
16584823-5241339 6004 34 4.23 0.05 0.36 0.06 2.72 0.03 3.246 NGC6253 0.9999
16590013-5242327 5893 35 4.17 0.05 0.28 0.05 2.61 0.04 3.246 NGC6253 0.9999
16585331-5241536 4483 31 2.46 0.05 0.24 0.17 -0.36 0.0 3.246 NGC6253 0.9999
16592249-5239092 4513 22 2.49 0.03 0.24 0.05 -0.1 0.08 3.246 NGC6253 0.9999
16584804-5244199 5547 67 4.53 0.18 0.24 0.05 1.12 0.61 3.246 NGC6253 0.9999
16584864-5240234 5293 69 4.65 0.2 0.26 0.06 1.11 0.29 3.246 NGC6253 0.9998
16585177-5243282 5629 64 4.39 0.18 0.3 0.05 1.71 0.13 3.246 NGC6253 0.9999
16585297-5238437 5499 66 4.12 0.18 0.28 0.05 1.61 0.0 3.246 NGC6253 0.9999
16585380-5244189 5262 63 4.54 0.18 0.26 0.06 0.99 0.37 3.246 NGC6253 1
16585401-5243387 5552 63 4.43 0.17 0.25 0.05 1.54 0.15 3.246 NGC6253 0.9977
16585617-5239492 5196 70 4.65 0.21 0.16 0.05 1.33 0.14 3.246 NGC6253 0.9999
16585622-5241584 5721 64 4.47 0.17 0.34 0.05 1.84 0.0 3.246 NGC6253 0.9998
16585625-5245036 5411 63 4.39 0.18 0.28 0.05 1.34 0.0 3.246 NGC6253 0.9999
16585651-5240280 5468 64 4.55 0.18 0.2 0.05 1.39 0.17 3.246 NGC6253 0.9997
16585702-5242295 5545 64 4.35 0.18 0.29 0.05 1.71 0.0 3.246 NGC6253 0.9998
16585721-5238374 5669 65 4.39 0.17 0.34 0.05 1.49 0.17 3.246 NGC6253 0.9999
16585858-5241286 5814 66 4.31 0.17 0.32 0.05 1.32 0.31 3.246 NGC6253 0.9999
16590085-5242490 5378 66 4.38 0.17 0.32 0.05 1.58 0.0 3.246 NGC6253 0.9999
16590156-5239391 5625 64 4.43 0.17 0.32 0.06 1.3 0.23 3.246 NGC6253 0.9999
16590223-5242311 5276 64 4.52 0.17 0.26 0.06 1.15 0.19 3.246 NGC6253 0.9998
16590270-5239498 5464 66 4.67 0.17 0.33 0.05 1.21 0.26 3.246 NGC6253 1
16590334-5243499 5753 64 4.27 0.17 0.32 0.05 1.72 0.0 3.246 NGC6253 0.9999
16590358-5237524 5711 66 4.46 0.17 0.3 0.05 1.18 0.44 3.246 NGC6253 0.9999
16590793-5238146 5229 64 4.35 0.18 0.23 0.05 1.04 0.25 3.246 NGC6253 0.9901
16590820-5244035 5393 66 4.46 0.17 0.28 0.05 1.45 0.14 3.246 NGC6253 0.9999
16590835-5246171 5684 65 4.4 0.14 0.37 0.06 1.43 0.19 3.246 NGC6253 1
16590938-5244165 5621 70 4.41 0.21 0.18 0.05 1.67 0.12 3.246 NGC6253 0.9957
16590939-5243291 5412 67 4.55 0.17 0.22 0.05 1.13 0.25 3.246 NGC6253 0.9999
16590989-5245420 5368 64 4.63 0.17 0.31 0.05 1.1 0.25 3.246 NGC6253 0.9997
16591053-5239209 5856 65 4.68 0.17 0.32 0.06 1.86 0.0 3.246 NGC6253 0.9998
16591174-5238065 5593 64 4.25 0.18 0.32 0.05 1.61 0.12 3.246 NGC6253 0.9999
16591192-5246292 5655 64 4.45 0.18 0.3 0.05 1.73 0.0 3.246 NGC6253 0.9999
16591252-5240576 5538 66 4.3 0.17 0.24 0.06 1.09 0.33 3.246 NGC6253 0.9998
16591312-5241508 5480 63 4.61 0.18 0.3 0.05 1.54 0.0 3.246 NGC6253 0.9991
16591321-5241216 5295 64 3.76 0.17 0.35 0.05 0.27 0.82 3.246 NGC6253 0.9992
16591940-5239071 5492 66 4.51 0.17 0.35 0.05 1.61 0.11 3.246 NGC6253 0.9999
16591958-5241154 5287 65 4.57 0.17 0.27 0.05 1.49 0.0 3.246 NGC6253 0.9997
16592370-5245184 5304 65 4.51 0.18 0.29 0.05 1.1 0.21 3.246 NGC6253 1
16592506-5243115 5435 65 4.21 0.17 0.23 0.06 1.41 0.25 3.246 NGC6253 0.9992
16585109-5240459 4989 67 3.15 0.17 0.29 0.05 0.47 0.27 3.246 NGC6253 0.9981
16585229-5241405 6136 64 4.32 0.17 0.3 0.05 1.54 0.21 3.246 NGC6253 0.9999
16585568-5238402 5889 66 4.46 0.17 0.33 0.06 1.35 0.4 3.246 NGC6253 0.9999
16585692-5245055 4824 65 3.39 0.14 0.27 0.07 -0.58 0.57 3.246 NGC6253 0.9999
16585726-5241458 4866 64 3.51 0.14 0.3 0.07 0.73 0.12 3.246 NGC6253 0.9999
16585790-5244214 5285 64 3.65 0.18 0.35 0.05 1.59 0.0 3.246 NGC6253 1
16590073-5240075 4807 63 3.37 0.14 0.28 0.07 0.68 0.1 3.246 NGC6253 0.9999
16590162-5237547 5931 63 4.36 0.18 0.32 0.05 1.91 0.0 3.246 NGC6253 0.9981
16590198-5242432 5167 66 3.72 0.14 0.29 0.07 1.41 0.0 3.246 NGC6253 0.9909
16590255-5244200 6000 500 4.44 0.2 0.35 0.2 1.65 0.0 3.246 NGC6253 0.9993
16590361-5243496 5260 62 3.65 0.17 0.27 0.05 0.79 0.25 3.246 NGC6253 0.9999
16590420-5243026 5852 64 3.77 0.14 0.4 0.06 1.92 0.0 3.246 NGC6253 0.9999
16590452-5245086 5911 64 3.77 0.14 0.32 0.07 1.51 0.17 3.246 NGC6253 0.9999
16590689-5242252 6101 64 4.32 0.17 0.08 0.05 1.88 0.1 3.246 NGC6253 0.9996
16590692-5237295 5959 64 4.38 0.17 0.33 0.05 2.42 0.07 3.246 NGC6253 0.9999
16590705-5242451 5998 63 4.41 0.18 0.34 0.05 2.55 0.06 3.246 NGC6253 0.9999
16590726-5246053 5928 65 4.3 0.17 0.31 0.05 2.03 0.09 3.246 NGC6253 0.9999
16590879-5240105 5550 64 3.67 0.15 0.32 0.07 1.72 0.0 3.246 NGC6253 0.9997
16590960-5243388 5900 64 4.35 0.17 0.32 0.05 2.03 0.08 3.246 NGC6253 0.9999
16591368-5242500 5048 64 3.14 0.18 0.25 0.05 0.43 0.35 3.246 NGC6253 0.9989
16591899-5243216 5602 64 3.88 0.17 0.34 0.05 1.64 0.0 3.246 NGC6253 0.9977
16591926-5244569 5203 64 3.68 0.15 0.35 0.07 1.44 0.0 3.246 NGC6253 0.9999
16591998-5238293 4812 65 2.77 0.17 0.37 0.05 1.25 0.0 3.246 NGC6253 0.9999
16592489-5241493 5762 62 3.72 0.14 0.38 0.06 1.77 0.0 3.246 NGC6253 0.9999
16584993-5242583 4558 31 2.69 0.05 0.31 0.05 -0.17 0.0 3.246 NGC6253 0.9999
16585587-5242213 4284 31 2.08 0.05 0.09 0.05 -0.76 0.11 3.246 NGC6253 0.9997
16593786-5238252 4548 30 2.68 0.05 0.22 0.05 -0.14 0.08 3.246 NGC6253 0.9999
16583745-5242481 4528 31 2.52 0.05 0.23 0.05 -0.02 0.08 3.246 NGC6253 0.9999
16584156-5243311 4493 31 2.43 0.05 0.26 0.05 -0.33 0.0 3.246 NGC6253 0.9999
16591660-5242423 4494 31 2.66 0.05 0.23 0.05 -0.27 0.0 3.246 NGC6253 1
16593278-5244054 4523 31 2.55 0.05 0.29 0.05 -0.24 0.13 3.246 NGC6253 0.9999
