OBJECT TEFF E_TEFF LOGG E_LOGG FEH E_FEH LI1 E_LI1 "AGE (Gyr)" GES_FLD MEM3D
15550433-5719198 5290 81 3.27 0.22 0.23 0.07 1.54 0.0 1.259 NGC6005 0.9994
15551835-5729352 5228 81 3.84 0.22 -0.14 0.08 1.57 0.0 1.259 NGC6005 0.9994
15552787-5722119 5720 103 4.24 0.33 0.13 0.09 2.2 0.0 1.259 NGC6005 0.9992
15553407-5726090 6327 67 4.22 0.17 0.25 0.05 2.01 0.42 1.259 NGC6005 0.9998
15553623-5725505 5811 82 4.24 0.22 0.27 0.08 2.23 0.0 1.259 NGC6005 0.9996
15553839-5727322 6618 67 4.1 0.17 0.16 0.05 2.29 0.0 1.259 NGC6005 0.9997
15553888-5728572 6044 66 4.17 0.18 -0.05 0.05 2.59 0.15 1.259 NGC6005 0.9997
15554026-5725499 6329 65 4.32 0.18 0.15 0.05 2.27 0.26 1.259 NGC6005 0.9997
15554082-5729498 5922 63 4.13 0.17 0.22 0.05 2.88 0.11 1.259 NGC6005 0.9998
15555013-5727480 6345 65 4.34 0.17 0.2 0.05 2.43 0.0 1.259 NGC6005 0.9993
15555143-5729027 6430 64 3.98 0.17 0.03 0.06 2.47 0.22 1.259 NGC6005 0.9998
15555175-5725248 6118 63 4.56 0.18 0.33 0.05 2.82 0.07 1.259 NGC6005 0.9993
15555551-5725518 6129 65 4.34 0.18 0.02 0.05 2.72 0.1 1.259 NGC6005 0.9986
15555645-5725340 6526 65 4.31 0.17 0.1 0.06 2.4 0.0 1.259 NGC6005 0.9974
15555654-5725195 4984 65 4.41 0.17 0.06 0.05 1.06 0.0 1.259 NGC6005 0.9992
15560068-5726126 5726 64 4.5 0.18 0.21 0.06 2.59 0.12 1.259 NGC6005 0.9986
15560143-5724278 6651 66 4.15 0.17 0.14 0.05 3.28 0.06 1.259 NGC6005 0.9994
15560174-5726418 5827 66 4.52 0.18 0.09 0.06 3.03 0.1 1.259 NGC6005 0.9989
15553687-5729569 4834 30 2.87 0.05 0.23 0.05 1.14 0.05 1.259 NGC6005 0.9999
15554609-5723481 4766 30 2.73 0.05 0.28 0.05 0.64 0.05 1.259 NGC6005 0.9625
15551969-5727071 5726 106 4.16 0.24 0.12 0.09 1.91 0.31 1.259 NGC6005 0.9981
15554127-5726574 4816 30 2.75 0.05 0.19 0.05 0.8 0.05 1.259 NGC6005 0.9992
15554167-5725533 4760 31 2.67 0.05 0.23 0.05 0.08 0.0 1.259 NGC6005 0.9998
15555069-5726255 4718 32 2.67 0.05 0.16 0.05 0.23 0.08 1.259 NGC6005 0.9978
15555612-5726539 4813 33 2.79 0.05 0.19 0.04 0.62 0.05 1.259 NGC6005 0.9999
15552549-5729511 5626 104 4.79 0.32 0.11 0.1 2.06 0.0 1.259 NGC6005 0.9928
15553906-5728096 4904 64 3.5 0.17 -0.38 0.05 1.08 0.0 1.259 NGC6005 0.997
15554754-5725467 5779 81 4.41 0.22 0.45 0.04 2.22 0.0 1.259 NGC6005 0.9939
15554917-5727071 5852 65 4.19 0.18 0.15 0.05 2.01 0.36 1.259 NGC6005 0.9978
15555013-5722582 6156 66 4.39 0.18 0.03 0.05 2.87 0.09 1.259 NGC6005 0.9995
15560777-5729292 5511 64 4.3 0.18 0.36 0.05 1.53 0.0 1.259 NGC6005 0.9997
15561405-5726001 5984 81 4.78 0.23 -0.24 0.08 1.95 0.0 1.259 NGC6005 0.9949
15554015-5726002 4741 31 2.65 0.05 0.2 0.05 0.13 0.11 1.259 NGC6005 0.9997
15555162-5724181 4785 30 2.76 0.05 0.29 0.05 0.12 0.12 1.259 NGC6005 0.9998
15560208-5727418 4791 31 2.83 0.05 0.22 0.05 0.95 0.04 1.259 NGC6005 0.9998
15560582-5726193 4817 30 2.78 0.05 0.17 0.05 0.88 0.04 1.259 NGC6005 0.9998
15551250-5722519 5327 82 4.04 0.22 -0.21 0.08 1.83 0.0 1.259 NGC6005 0.9988
15553173-5725454 5116 65 4.23 0.18 0.01 0.06 1.55 0.0 1.259 NGC6005 0.9981
15553457-5726124 5433 64 3.81 0.17 -0.17 0.06 1.8 0.21 1.259 NGC6005 0.9994
15554035-5727065 5390 75 4.41 0.18 -0.14 0.09 1.82 0.25 1.259 NGC6005 0.993
15554573-5727458 6108 79 4.53 0.18 0.17 0.1 2.83 0.1 1.259 NGC6005 0.9997
15554778-5725353 5301 66 3.48 0.18 -0.15 0.05 1.54 0.34 1.259 NGC6005 0.9954
15554844-5728074 5669 66 4.6 0.17 0.17 0.06 2.01 0.27 1.259 NGC6005 0.9982
15555135-5726020 5536 63 4.19 0.17 0.34 0.05 1.54 1.16 1.259 NGC6005 0.9996
15555178-5722295 5679 66 4.03 0.17 -0.1 0.05 2.67 0.1 1.259 NGC6005 0.9956
15555449-5727021 6005 64 4.44 0.17 0.29 0.05 2.28 0.0 1.259 NGC6005 0.9891
15560495-5725476 5297 80 4 0.22 0.1 0.08 1.73 0.0 1.259 NGC6005 0.9989
