OBJECT TEFF E_TEFF LOGG E_LOGG FEH E_FEH LI1 E_LI1 "AGE (Gyr)" GES_FLD MEM3D
18503432-0619130 5821 65 4.26 0.18 0.34 0.05 2.77 0.1 0.309 NGC6705 0.9998
18504122-0609271 6272 64 4.46 0.18 0.18 0.05 2.87 0.1 0.309 NGC6705 0.9999
18505019-0621276 4546 84 3.91 0.21 -0.16 0.08 1.05 0.25 0.309 NGC6705 0.9998
18505027-0615531 4812 95 3.98 0.26 -0.21 0.15 1.39 0.23 0.309 NGC6705 0.9997
18505445-0616368 5395 63 4.38 0.17 0 0.05 2.17 0.12 0.309 NGC6705 0.9999
18505881-0620296 6421 66 4.53 0.18 0.2 0.05 2.34 0.0 0.309 NGC6705 0.9811
18510005-0610534 6314 67 4.53 0.17 -0.03 0.05 1.88 0.0 0.309 NGC6705 0.9999
18510153-0617283 6134 62 4.56 0.17 0.2 0.05 3.07 0.09 0.309 NGC6705 0.9999
18510164-0614156 5615 75 4.65 0.18 0.04 0.1 2.76 0.12 0.309 NGC6705 0.9999
18510706-0609582 6435 66 4.27 0.18 0.11 0.05 3.01 0.06 0.309 NGC6705 0.9939
18510747-0615353 5779 70 4.54 0.21 0.14 0.05 3.01 0.1 0.309 NGC6705 0.9946
18510883-0608436 6969 67 4.16 0.18 0.02 0.06 3.23 0.05 0.309 NGC6705 0.9999
18511084-0613266 6392 75 4.4 0.18 0.12 0.09 2.6 0.17 0.309 NGC6705 0.9998
18511152-0614157 6011 81 3.7 0.22 0.21 0.08 3.18 0.16 0.309 NGC6705 0.9998
18511272-0615413 6034 83 4.98 0.21 0.44 0.05 2.65 0.18 0.309 NGC6705 0.9993
18511607-0620524 6199 66 4.69 0.17 0.18 0.05 3.14 0.09 0.309 NGC6705 0.9998
18513015-0617465 5507 82 4.62 0.23 -0.09 0.08 2.48 0.19 0.309 NGC6705 0.9996
18502541-0617094 6349 65 4.29 0.17 0.06 0.05 2.83 0.12 0.309 NGC6705 0.9999
18502655-0615001 6518 66 4.17 0.17 -0.03 0.06 3.01 0.07 0.309 NGC6705 0.9999
18502781-0611432 5700 65 4.26 0.17 -0.25 0.05 2.54 0.09 0.309 NGC6705 0.9999
18503218-0616449 6730 68 4.35 0.17 0.05 0.05 2.91 0.16 0.309 NGC6705 0.9994
18503507-0616527 6315 66 4.21 0.17 0.1 0.05 3.23 0.07 0.309 NGC6705 0.9997
18503539-0619590 6509 64 4.06 0.18 0.15 0.06 3.27 0.06 0.309 NGC6705 0.998
18505352-0616599 5713 64 4.36 0.17 0.06 0.06 3.13 0.1 0.309 NGC6705 0.9998
18510162-0619168 5879 64 4.57 0.17 0.16 0.05 2.95 0.1 0.309 NGC6705 0.9999
18510208-0615133 5830 71 4.36 0.21 0.13 0.05 2.96 0.11 0.309 NGC6705 0.9995
18510687-0613424 5905 81 4.73 0.22 0.47 0.03 3.06 0.14 0.309 NGC6705 0.9995
18510799-0612152 5637 64 4.05 0.17 0.06 0.05 2.71 0.11 0.309 NGC6705 0.9976
18511102-0617320 5594 76 4.31 0.18 0.18 0.09 2.81 0.12 0.309 NGC6705 0.9906
18511148-0614238 5885 64 4.7 0.18 0.24 0.05 3.12 0.11 0.309 NGC6705 0.9986
18511356-0615363 6248 66 4.41 0.17 0.22 0.06 2.85 0.11 0.309 NGC6705 0.9999
18511404-0610577 6125 64 4.49 0.18 -0.01 0.05 3.05 0.07 0.309 NGC6705 0.9999
18511478-0616356 5585 65 4.53 0.17 0.19 0.05 2.81 0.13 0.309 NGC6705 0.9998
18511828-0615038 6927 68 3.96 0.17 -0.01 0.05 3.03 0.08 0.309 NGC6705 0.9998
18514208-0618480 6632 66 4.35 0.17 0.12 0.05 2.69 0.16 0.309 NGC6705 0.9997
18503594-0616379 6899 67 4.12 0.17 0.13 0.05 3.03 0.09 0.309 NGC6705 0.9992
18505503-0617434 6069 65 4.49 0.17 0.17 0.05 3.07 0.09 0.309 NGC6705 0.9999
18511284-0615337 6018 66 4.65 0.18 0.12 0.05 2.8 0.08 0.309 NGC6705 0.9999
18511718-0616252 5605 65 4.2 0.17 0.11 0.05 3.06 0.14 0.309 NGC6705 0.9991
18511967-0608115 6760 65 4.37 0.17 0.12 0.05 3.11 0.09 0.309 NGC6705 0.9999
18512604-0610504 6724 66 4.08 0.17 0.08 0.05 3.19 0.07 0.309 NGC6705 0.9993
18504288-0619126 6740 65 4.24 0.17 -0.13 0.16 2.78 0.21 0.309 NGC6705 0.9999
18504637-0617528 6213 76 4.4 0.21 0.15 0.15 2.43 0.21 0.309 NGC6705 0.9997
18504884-0622571 6587 78 3.94 0.2 0.04 0.16 2.97 0.11 0.309 NGC6705 0.9995
18504954-0614585 6567 55 3.77 0.16 -0.89 0.06 2.56 0.16 0.309 NGC6705 0.9999
18505238-0616072 6550 55 4.72 0.16 -0.18 0.1 3.12 0.09 0.309 NGC6705 0.9998
18505760-0618351 5944 64 4.75 0.15 0.03 0.07 3.08 0.08 0.309 NGC6705 0.9999
18510015-0618579 6337 77 3.82 0.2 0.12 0.15 3.17 0.09 0.309 NGC6705 0.9992
18510229-0613161 6566 56 4.75 0.16 -0.14 0.11 2.82 0.1 0.309 NGC6705 0.9999
18510517-0614197 6570 79 4.31 0.21 -0.03 0.15 3.07 0.1 0.309 NGC6705 0.9983
18510636-0611016 6278 65 4.06 0.15 0.36 0.06 3.36 0.08 0.309 NGC6705 0.9886
18511836-0619458 6245 77 4.37 0.2 -0.07 0.16 2.97 0.09 0.309 NGC6705 0.9999
18511921-0616562 6310 79 4.37 0.21 0.18 0.14 2.3 0.25 0.309 NGC6705 0.9999
18513159-0620582 6718 63 3.58 0.16 0.18 0.15 3.32 0.11 0.309 NGC6705 0.9998
18513636-0616190 6017 171 4.51 0.26 -0.12 0.15 2.69 0.17 0.309 NGC6705 0.9916
18504737-0617184 4335 32 1.67 0.05 0.02 0.17 0.77 0.05 0.309 NGC6705 0.9997
18505581-0618148 4396 31 1.93 0.05 0.1 0.17 1.1 0.05 0.309 NGC6705 0.9999
18505755-0613461 4798 33 2.51 0.05 0.2 0.17 1.43 0.04 0.309 NGC6705 0.9997
18510786-0617119 4640 32 2.27 0.05 0 0.17 1.25 0.05 0.309 NGC6705 0.9999
18511534-0618359 4634 33 2.27 0.05 0.04 0.17 1.31 0.05 0.309 NGC6705 0.9999
18511571-0618146 4617 33 2.27 0.05 0 0.17 1.29 0.05 0.309 NGC6705 0.9999
18512662-0614537 4424 34 1.9 0.05 0.05 0.17 1.4 0.06 0.309 NGC6705 0.9999
18510632-0618158 6554 66 4.18 0.17 -0.03 0.05 3.4 0.11 0.309 NGC6705 0.9998
18505062-0619132 5892 64 4.39 0.18 0 0.05 2.92 0.07 0.309 NGC6705 0.9997
18505088-0620418 7000 74 4.1 0.21 -0.25 0.05 2.59 0.0 0.309 NGC6705 0.9999
18505187-0618147 6771 65 4.25 0.18 -0.01 0.05 3.35 0.07 0.309 NGC6705 0.9999
18505375-0615439 6500 64 4.16 0.18 0.04 0.05 1.98 0.0 0.309 NGC6705 0.9997
18505806-0617433 6915 69 4.13 0.2 0.08 0.05 3.16 0.08 0.309 NGC6705 0.9987
18510164-0620098 6673 67 4.28 0.18 0 0.06 3.37 0.06 0.309 NGC6705 0.9999
18510202-0614371 6365 67 4.26 0.18 0.09 0.05 2.62 0.12 0.309 NGC6705 0.9999
18510391-0619588 6460 66 4.18 0.17 -0.01 0.05 2.77 0.13 0.309 NGC6705 0.9999
18510465-0617295 6538 64 4.27 0.17 0.05 0.05 2.16 0.0 0.309 NGC6705 0.9994
18511164-0614425 6689 66 4.19 0.17 -0.02 0.05 3.27 0.08 0.309 NGC6705 0.9999
18511194-0617294 6411 65 4.23 0.18 0.11 0.05 2.62 0.12 0.309 NGC6705 0.9983
18512242-0616061 6485 66 4.11 0.17 0.08 0.06 2.48 0.16 0.309 NGC6705 0.9981
18512477-0616482 6751 64 4.36 0.17 0.17 0.05 2.92 0.11 0.309 NGC6705 0.9971
18512556-0618415 6445 64 4.26 0.17 0.07 0.05 2.56 0.14 0.309 NGC6705 0.9999
18502831-0615122 4551 32 2.06 0.05 -0.09 0.17 1.18 0.05 0.309 NGC6705 0.9999
18504563-0612038 4638 31 2.36 0.05 0.02 0.17 1.4 0.05 0.309 NGC6705 0.9999
18510399-0620414 4589 40 2.17 0.06 -0.04 0.17 1.14 0.06 0.309 NGC6705 0.9999
18510662-0612442 4680 33 2.33 0.05 0.03 0.17 1.39 0.06 0.309 NGC6705 0.9998
18511116-0614340 4298 34 1.64 0.05 0.01 0.17 1.28 0.06 0.309 NGC6705 0.9999
18514034-0617128 4717 32 2.45 0.05 -0.13 0.17 1.45 0.05 0.309 NGC6705 0.9998
18504534-0616164 6333 67 4.43 0.17 0.11 0.05 2.31 0.0 0.309 NGC6705 0.9979
18504857-0619229 6440 65 4.24 0.17 0.06 0.05 2.35 0.19 0.309 NGC6705 0.9999
18505292-0617209 6412 63 4.44 0.17 0.07 0.05 2.68 0.14 0.309 NGC6705 0.9999
18510650-0610467 6177 79 4.5 0.18 0.11 0.1 2.79 0.11 0.309 NGC6705 0.9998
18510680-0617043 6490 76 4.17 0.18 0 0.09 2.96 0.09 0.309 NGC6705 0.9996
18510729-0613388 6779 66 4.17 0.17 0.08 0.06 3.36 0.06 0.309 NGC6705 0.9997
18510848-0618256 6426 65 4.18 0.18 0.13 0.06 3.19 0.08 0.309 NGC6705 0.9987
18510953-0617014 6372 64 4.31 0.17 0.02 0.06 2.56 0.13 0.309 NGC6705 0.9991
18511002-0616414 6377 65 4.22 0.17 0.07 0.05 2.78 0.1 0.309 NGC6705 0.9976
18511320-0620387 6613 65 4.26 0.18 0.11 0.05 2.96 0.1 0.309 NGC6705 0.9994
18511428-0615151 6294 65 4.39 0.17 0.12 0.05 2.76 0.1 0.309 NGC6705 0.9999
18511445-0619430 6699 66 4.2 0.17 0.03 0.05 2.64 0.16 0.309 NGC6705 0.9996
18511883-0615030 6984 67 4.12 0.17 0.09 0.05 3.31 0.06 0.309 NGC6705 0.9995
18512082-0620040 6404 65 4.55 0.18 0.37 0.05 2.14 0.0 0.309 NGC6705 0.9997
18512440-0615017 6137 65 4.44 0.17 0.16 0.06 3.03 0.07 0.309 NGC6705 0.9986
18513237-0613175 6927 69 4.2 0.2 0.03 0.06 3.29 0.07 0.309 NGC6705 0.9999
18503724-0614364 4712 31 2.4 0.05 0.06 0.05 1.29 0.06 0.309 NGC6705 0.9999
18510032-0617183 4715 31 2.36 0.05 0.05 0.05 1.27 0.05 0.309 NGC6705 0.9999
18510289-0615301 4639 31 2.4 0.05 0.03 0.05 1.25 0.05 0.309 NGC6705 0.9999
18511013-0615486 4508 30 2.14 0.05 0.14 0.05 -0.27 0.0 0.309 NGC6705 0.9998
18502655-0613260 6546 66 4.08 0.17 0.08 0.05 2.1 0.0 0.309 NGC6705 0.9999
18503978-0615502 6255 65 4.15 0.18 0 0.06 2.84 0.1 0.309 NGC6705 0.9999
18504489-0616552 6383 65 4.31 0.17 0.02 0.05 2.89 0.12 0.309 NGC6705 0.9999
18504647-0612289 6702 65 4.16 0.17 -0.01 0.06 2.65 0.21 0.309 NGC6705 0.9997
18505244-0625355 6837 108 4.12 0.24 -0.08 0.09 3.05 0.12 0.309 NGC6705 0.9897
18505594-0619386 6808 68 4.34 0.17 0.12 0.05 2.58 0.23 0.309 NGC6705 0.9999
18505635-0618459 6340 66 4.18 0.17 -0.24 0.05 2.65 0.1 0.309 NGC6705 0.9999
18510069-0626218 5943 65 4.31 0.18 0.08 0.06 3.06 0.08 0.309 NGC6705 0.9999
18510306-0616282 6439 64 4.2 0.17 0.03 0.06 3.04 0.07 0.309 NGC6705 0.9996
18510539-0621392 6857 78 4.07 0.18 0.04 0.1 2.66 0.25 0.309 NGC6705 0.9999
18510801-0615160 6324 66 4.25 0.18 0.14 0.06 3.08 0.09 0.309 NGC6705 0.9999
18511272-0625467 6234 65 3.97 0.17 0.06 0.06 3.01 0.1 0.309 NGC6705 0.9998
18511331-0614374 6848 108 4.16 0.24 0.04 0.09 3.35 0.12 0.309 NGC6705 0.9991
18511355-0612375 6419 65 4.11 0.18 0.16 0.06 3 0.15 0.309 NGC6705 0.9999
18511623-0617415 6815 65 4.05 0.17 0.06 0.05 3 0.09 0.309 NGC6705 0.9999
18512281-0615282 6469 66 4.13 0.17 0.14 0.05 2.68 0.13 0.309 NGC6705 0.999
18505494-0616182 4613 31 2.28 0.05 0 0.17 1.04 0.04 0.309 NGC6705 0.9999
18510023-0616594 4341 31 1.85 0.05 0.05 0.17 1.22 0.05 0.309 NGC6705 0.9996
18510200-0617265 4339 34 1.81 0.07 0.01 0.17 -0.12 0.08 0.309 NGC6705 0.9999
18511452-0616551 4679 34 2.32 0.05 0.03 0.17 1.33 0.06 0.309 NGC6705 0.9998
18514130-0620125 4613 31 2.26 0.05 -0.02 0.17 0.86 0.05 0.309 NGC6705 0.9999
18503383-0618439 6098 65 4.48 0.18 0.11 0.05 3.28 0.07 0.309 NGC6705 0.9997
18505252-0617468 6644 66 4.19 0.17 0.04 0.05 2.99 0.09 0.309 NGC6705 0.9918
18505280-0622538 6694 67 4.39 0.17 -0.07 0.05 3.33 0.07 0.309 NGC6705 0.9999
18505547-0610542 6394 66 4.39 0.17 0.12 0.05 3.19 0.09 0.309 NGC6705 0.9999
18510033-0610285 6079 64 4.17 0.17 0.2 0.05 2.01 0.15 0.309 NGC6705 0.9658
18510427-0612144 6869 78 4.27 0.18 -0.07 0.1 3.35 0.08 0.309 NGC6705 0.9999
18510673-0610010 6346 64 4.29 0.17 0.05 0.05 2.04 0.0 0.309 NGC6705 0.9999
18510905-0608527 6637 66 4.32 0.17 0.08 0.05 2.5 0.0 0.309 NGC6705 0.9997
18511681-0615094 6494 66 4.18 0.17 0.04 0.05 3.13 0.13 0.309 NGC6705 0.9906
18511980-0617373 6518 67 4.18 0.17 0.14 0.05 2.36 0.24 0.309 NGC6705 0.9999
18512127-0612152 6332 65 4.05 0.18 0.09 0.06 3.02 0.08 0.309 NGC6705 0.9999
18505944-0612435 4702 30 2.38 0.05 0.04 0.05 1.21 0.05 0.309 NGC6705 0.9999
18510093-0614564 4645 31 2.22 0.05 -0.01 0.05 0.52 0.05 0.309 NGC6705 0.9978
18510341-0616202 4683 31 2.27 0.05 0.02 0.05 1.32 0.05 0.309 NGC6705 0.9999
18510833-0616532 4641 31 2.27 0.05 0.12 0.05 0.98 0.05 0.309 NGC6705 0.9995
18511048-0615470 4625 31 2.25 0.05 0.07 0.05 1.26 0.05 0.309 NGC6705 0.9999
18510358-0616112 4739 31 2.41 0.05 0.14 0.05 1.32 0.05 0.309 NGC6705 0.9998
