OBJECT TEFF E_TEFF LOGG E_LOGG FEH E_FEH LI1 E_LI1 "AGE (Gyr)" GES_FLD
17033976-3802255 5883 76 4.14 0.18 0.24 0.09 2.49 0.14 0.513 NGC6281
17033984-3802364 5841 64 4.45 0.17 -0.07 0.05 2.46 0.13 0.513 NGC6281
17034466-3803299 6284 66 4.13 0.17 -0.25 0.05 2.06 0.23 0.513 NGC6281
17034519-3801561 5667 65 4.15 0.17 -0.41 0.05 2.16 0.07 0.513 NGC6281
17034697-3759229 6104 66 4.31 0.17 -0.14 0.05 2.56 0.06 0.513 NGC6281
17034698-3800141 5157 64 3.03 0.18 0.38 0.05 1.68 0.11 0.513 NGC6281
17034713-3801060 4523 62 4.83 0.17 0.05 0.05 0.39 0.00 0.513 NGC6281
17034757-3805404 5768 65 4.18 0.18 0.24 0.05 1.58 0.00 0.513 NGC6281
17034794-3757036 6006 65 4.22 0.17 0.01 0.05 2.57 0.08 0.513 NGC6281
17034933-3755331 6013 66 4.32 0.18 0.23 0.05 2.72 0.06 0.513 NGC6281
17035104-3804253 5228 65 3.83 0.17 0.00 0.06 0.90 1.12 0.513 NGC6281
17035115-3806580 6272 98 4.72 0.26 0.42 0.07 2.39 0.00 0.513 NGC6281
17035353-3809436 6164 67 4.09 0.17 -0.29 0.05 2.88 0.06 0.513 NGC6281
17035361-3755364 5498 65 4.73 0.17 0.27 0.05 1.36 0.21 0.513 NGC6281
17035389-3808349 5733 66 4.21 0.18 0.05 0.05 2.41 0.08 0.513 NGC6281
17035396-3803017 6569 68 4.17 0.17 -0.02 0.06 2.03 0.30 0.513 NGC6281
17035416-3758336 5433 64 4.65 0.17 0.21 0.06 1.27 0.30 0.513 NGC6281
17035473-3755084 5941 65 4.48 0.17 0.30 0.05 2.22 0.07 0.513 NGC6281
17035621-3809277 6370 65 4.51 0.18 0.29 0.06 3.01 0.07 0.513 NGC6281
17035655-3805318 5837 64 4.38 0.17 -0.01 0.06 1.99 0.07 0.513 NGC6281
17035803-3801388 5795 65 4.68 0.17 0.36 0.05 1.90 0.15 0.513 NGC6281
17040081-3806040 6168 84 4.82 0.22 0.48 0.02 3.96 0.21 0.513 NGC6281
17040110-3756569 5492 66 4.61 0.17 0.21 0.06 1.43 0.00 0.513 NGC6281
17040146-3811264 6067 65 4.36 0.18 0.37 0.05 2.64 0.06 0.513 NGC6281
17040154-3805162 5178 67 4.73 0.18 0.34 0.06 1.09 0.16 0.513 NGC6281
17040165-3811473 6053 75 4.42 0.18 0.28 0.09 3.19 0.08 0.513 NGC6281
17040313-3752506 5765 65 4.56 0.17 0.42 0.05 1.72 0.28 0.513 NGC6281
17040361-3755422 5471 65 4.48 0.17 0.34 0.06 1.73 0.00 0.513 NGC6281
17040795-3754574 4985 65 4.60 0.17 -0.10 0.05 0.89 0.00 0.513 NGC6281
17040994-3808238 4097 75 4.73 0.19 0.02 0.10 0.31 0.17 0.513 NGC6281
17041019-3754445 5956 64 4.26 0.18 0.07 0.06 2.12 0.09 0.513 NGC6281
17041036-3754145 5194 64 3.45 0.17 0.30 0.05 1.23 0.16 0.513 NGC6281
17041235-3805412 4754 64 4.85 0.17 0.21 0.05 0.25 0.25 0.513 NGC6281
17041346-3807028 5832 66 4.50 0.17 0.30 0.06 1.71 0.12 0.513 NGC6281
17041412-3810198 6104 66 4.46 0.17 0.26 0.06 2.39 0.09 0.513 NGC6281
17041565-3753442 5884 65 4.38 0.18 0.33 0.06 2.43 0.06 0.513 NGC6281
17041683-3756050 4899 63 4.83 0.17 0.27 0.05 1.23 0.08 0.513 NGC6281
17041763-3802199 5859 65 4.08 0.17 0.34 0.05 1.75 0.00 0.513 NGC6281
17041929-3809143 6168 65 4.29 0.17 0.33 0.05 3.45 0.07 0.513 NGC6281
17042141-3813137 5804 63 4.21 0.18 0.10 0.05 2.56 0.07 0.513 NGC6281
17042161-3802252 5937 64 4.40 0.17 0.23 0.05 2.45 0.06 0.513 NGC6281
17042481-3754347 5401 65 4.32 0.17 -0.05 0.05 1.25 0.00 0.513 NGC6281
17042484-3805187 5768 64 4.28 0.17 0.46 0.03 2.20 0.07 0.513 NGC6281
17042493-3810098 5866 65 4.54 0.18 0.29 0.06 1.91 0.12 0.513 NGC6281
17042581-3812079 6460 65 4.22 0.17 -0.02 0.05 1.97 0.10 0.513 NGC6281
17042797-3753089 4537 63 4.48 0.17 0.11 0.05 1.00 0.09 0.513 NGC6281
17042834-3811505 5532 66 4.34 0.17 0.26 0.05 1.37 0.17 0.513 NGC6281
17043149-3807305 5820 65 4.39 0.17 -0.10 0.06 3.03 0.06 0.513 NGC6281
17043159-3809057 5663 65 4.72 0.17 0.36 0.05 1.81 0.00 0.513 NGC6281
17043229-3811535 5982 66 4.44 0.17 0.22 0.05 2.46 0.07 0.513 NGC6281
17043390-3755079 5742 66 4.31 0.18 -0.31 0.05 2.12 0.10 0.513 NGC6281
17043525-3807514 6047 64 4.18 0.18 0.09 0.05 2.95 0.07 0.513 NGC6281
17043838-3756066 5312 65 4.44 0.17 0.12 0.05 2.23 0.07 0.513 NGC6281
17043931-3752327 6126 65 4.14 0.17 0.17 0.05 2.88 0.05 0.513 NGC6281
17044050-3813350 4340 66 4.74 0.17 0.36 0.05 -1.00 0.00 0.513 NGC6281
17044126-3756166 5972 66 4.36 0.17 0.06 0.06 2.13 0.14 0.513 NGC6281
17044129-3813271 5893 64 4.48 0.17 0.32 0.05 1.69 0.22 0.513 NGC6281
17044160-3811534 5085 65 4.59 0.17 0.22 0.06 1.98 0.08 0.513 NGC6281
17044292-3755426 4751 65 4.67 0.17 0.21 0.05 0.37 0.15 0.513 NGC6281
17044301-3813356 5828 65 4.18 0.17 0.15 0.05 2.55 0.11 0.513 NGC6281
17044323-3751196 5670 63 4.23 0.17 0.15 0.05 1.42 0.00 0.513 NGC6281
17044354-3812541 4120 78 4.70 0.18 -0.02 0.09 0.32 0.19 0.513 NGC6281
17044626-3755529 5723 65 4.32 0.17 -0.32 0.05 2.01 0.09 0.513 NGC6281
17044644-3756480 6685 66 3.92 0.18 -0.01 0.05 3.11 0.11 0.513 NGC6281
17044667-3808398 6252 67 4.38 0.18 0.39 0.05 2.41 0.15 0.513 NGC6281
17044882-3800303 4808 64 4.64 0.17 0.25 0.05 1.26 0.07 0.513 NGC6281
17044978-3800233 6196 63 4.27 0.17 0.02 0.05 1.61 0.20 0.513 NGC6281
17044993-3809513 5732 64 4.10 0.17 0.35 0.05 1.55 0.28 0.513 NGC6281
17045013-3809267 6680 65 4.03 0.17 0.19 0.05 3.28 0.06 0.513 NGC6281
17045203-3753452 5596 65 3.92 0.18 -0.55 0.06 1.79 0.14 0.513 NGC6281
17045220-3805283 5297 64 4.25 0.17 -0.47 0.05 1.23 0.16 0.513 NGC6281
17045319-3751232 3580 106 4.84 0.24 -0.29 0.09 -0.26 0.47 0.513 NGC6281
17045352-3755126 5955 64 4.39 0.17 0.23 0.05 2.33 0.09 0.513 NGC6281
17045431-3802264 5269 64 4.46 0.17 0.06 0.05 1.36 0.00 0.513 NGC6281
17045487-3812101 5717 64 4.38 0.18 0.18 0.05 1.61 0.24 0.513 NGC6281
17045847-3755558 4586 65 4.80 0.18 0.18 0.05 0.45 0.00 0.513 NGC6281
17045848-3757415 5632 67 3.90 0.18 -0.70 0.06 2.24 0.08 0.513 NGC6281
17050156-3753253 6058 77 4.35 0.18 -0.25 0.09 1.43 0.00 0.513 NGC6281
17050231-3807120 6125 67 4.02 0.18 -0.09 0.05 2.69 0.07 0.513 NGC6281
17050398-3758464 6365 77 3.98 0.18 0.27 0.09 2.73 0.19 0.513 NGC6281
17050484-3803069 5489 64 4.28 0.17 -0.55 0.05 1.64 0.08 0.513 NGC6281
17050609-3759510 5879 64 4.29 0.18 0.29 0.05 2.44 0.07 0.513 NGC6281
17050819-3804482 5781 63 4.22 0.17 -0.01 0.05 2.47 0.06 0.513 NGC6281
17050873-3754480 5893 65 4.43 0.17 0.36 0.05 2.30 0.09 0.513 NGC6281
17050910-3755142 5398 65 4.64 0.18 0.45 0.03 2.01 0.19 0.513 NGC6281
17050918-3758167 5752 65 4.60 0.18 0.25 0.05 1.94 0.08 0.513 NGC6281
17050942-3802181 5006 65 4.57 0.18 0.16 0.05 0.67 0.52 0.513 NGC6281
17051222-3755101 6027 66 4.25 0.17 0.19 0.05 2.64 0.06 0.513 NGC6281
17051356-3757331 6871 76 4.05 0.18 -0.06 0.10 2.40 0.12 0.513 NGC6281
17051509-3801118 5398 67 4.31 0.17 -0.04 0.06 2.11 0.08 0.513 NGC6281
17051654-3801506 3790 76 4.76 0.18 -0.18 0.09 0.31 0.20 0.513 NGC6281
17051764-3759233 5446 66 4.16 0.17 -0.06 0.06 1.21 0.00 0.513 NGC6281
17051843-3759326 5406 66 4.50 0.18 0.19 0.05 2.17 0.08 0.513 NGC6281
17051844-3804260 5857 64 4.51 0.17 0.29 0.06 2.72 0.06 0.513 NGC6281
17052022-3805156 5924 66 4.31 0.17 0.32 0.05 1.70 0.19 0.513 NGC6281
17052090-3805577 4984 66 4.85 0.17 -0.58 0.05 1.09 0.11 0.513 NGC6281
17052159-3757408 4046 78 4.68 0.18 0.00 0.09 -0.09 0.27 0.513 NGC6281
17052399-3804404 6287 66 4.47 0.17 0.03 0.06 3.16 0.07 0.513 NGC6281
17052552-3802178 5754 65 4.15 0.17 -0.15 0.06 1.25 0.21 0.513 NGC6281
17035403-3801525 5833 46 4.17 0.06 0.32 0.05 2.01 0.06 0.513 NGC6281
17040312-3806283 6089 33 3.99 0.06 -0.01 0.04 2.45 0.06 0.513 NGC6281
17043925-3803396 6619 60 3.88 0.10 0.06 0.08 3.19 0.05 0.513 NGC6281
17044626-3759120 4420 57 4.65 0.10 -0.30 0.11 0.94 0.12 0.513 NGC6281
17044961-3806072 6597 45 3.94 0.07 0.05 0.08 3.24 0.03 0.513 NGC6281
17032982-3802328 6014 64 4.28 0.18 0.01 0.05 2.71 0.06 0.513 NGC6281
17033010-3800521 5653 63 4.18 0.18 0.34 0.05 2.74 0.07 0.513 NGC6281
17033446-3757517 4078 96 3.41 0.26 -0.50 0.15 -0.13 0.00 0.513 NGC6281
17033697-3802159 5304 65 4.48 0.17 -0.02 0.05 0.72 0.00 0.513 NGC6281
17033965-3759013 5517 63 4.24 0.18 0.22 0.05 2.09 0.07 0.513 NGC6281
17033967-3757373 5103 66 3.97 0.18 -0.16 0.05 1.21 0.14 0.513 NGC6281
17034064-3759464 5904 61 4.12 0.18 0.45 0.04 2.95 0.07 0.513 NGC6281
17034158-3754484 6013 64 4.39 0.17 -0.04 0.06 2.58 0.06 0.513 NGC6281
17034385-3754587 5523 65 4.78 0.17 0.36 0.05 1.71 0.00 0.513 NGC6281
17034399-3806234 5805 67 4.08 0.18 -0.01 0.05 2.43 0.09 0.513 NGC6281
17034503-3757179 5292 66 4.37 0.18 0.12 0.05 0.94 0.46 0.513 NGC6281
17034505-3801106 5776 65 3.78 0.17 -0.07 0.05 2.48 0.11 0.513 NGC6281
17034601-3756219 6383 65 4.06 0.17 -0.06 0.05 3.00 0.06 0.513 NGC6281
17035153-3752182 4705 65 4.61 0.17 0.22 0.06 0.17 0.62 0.513 NGC6281
17035491-3805531 4768 66 4.61 0.17 0.13 0.06 0.80 0.22 0.513 NGC6281
17035570-3752216 4865 65 3.07 0.17 0.30 0.05 1.09 0.00 0.513 NGC6281
17035587-3755363 5381 95 2.76 0.26 -0.47 0.15 2.48 0.16 0.513 NGC6281
17035614-3759561 6224 64 4.15 0.18 0.21 0.05 2.08 0.31 0.513 NGC6281
17035758-3806108 6111 67 4.42 0.18 0.28 0.05 1.90 0.26 0.513 NGC6281
17040130-3803112 5029 65 4.59 0.17 0.30 0.05 2.07 0.08 0.513 NGC6281
17040156-3753203 5132 61 3.66 0.17 0.33 0.06 1.42 0.21 0.513 NGC6281
17040218-3801070 4880 65 4.71 0.17 0.00 0.05 0.70 0.00 0.513 NGC6281
17040303-3801382 5844 65 4.50 0.17 0.31 0.05 1.81 0.15 0.513 NGC6281
17040530-3803464 5723 65 4.09 0.17 -0.32 0.05 2.30 0.07 0.513 NGC6281
17040592-3805092 6449 66 4.32 0.18 0.21 0.06 3.31 0.07 0.513 NGC6281
17040699-3804198 5719 65 4.15 0.18 0.41 0.05 1.88 0.00 0.513 NGC6281
17040712-3802331 5894 64 4.61 0.17 0.46 0.03 2.36 0.13 0.513 NGC6281
17040836-3802412 6231 67 4.39 0.17 0.25 0.05 3.01 0.06 0.513 NGC6281
17041034-3752515 4866 82 3.25 0.22 0.23 0.08 1.20 0.37 0.513 NGC6281
17041229-3806310 5372 65 4.73 0.18 0.10 0.05 0.88 0.00 0.513 NGC6281
17041291-3754214 6348 66 4.34 0.17 0.25 0.05 3.15 0.07 0.513 NGC6281
17041382-3750524 5410 82 3.67 0.22 0.09 0.08 1.90 0.19 0.513 NGC6281
17041383-3757006 5461 70 4.22 0.21 0.22 0.06 1.27 0.61 0.513 NGC6281
17041383-3801423 4583 64 4.72 0.17 0.33 0.05 0.62 0.00 0.513 NGC6281
17041397-3756366 5851 85 3.59 0.22 -0.05 0.08 2.86 0.11 0.513 NGC6281
17041483-3759446 4224 74 4.87 0.19 -0.03 0.09 0.31 0.19 0.513 NGC6281
17041538-3750500 5742 66 4.33 0.18 0.24 0.05 2.11 0.14 0.513 NGC6281
17041545-3755307 6092 64 4.28 0.18 0.24 0.05 1.48 0.31 0.513 NGC6281
17041641-3808225 6091 66 4.52 0.17 0.35 0.05 2.88 0.08 0.513 NGC6281
17041655-3803378 3268 106 4.86 0.24 -0.46 0.09 -1.00 0.00 0.513 NGC6281
17041694-3807385 5673 76 4.15 0.18 0.18 0.10 1.60 0.00 0.513 NGC6281
17041818-3801590 5202 65 4.25 0.18 -0.02 0.05 1.46 0.20 0.513 NGC6281
17041887-3751547 5968 65 3.98 0.17 -0.18 0.06 1.51 0.23 0.513 NGC6281
17041914-3802102 4372 63 4.86 0.18 0.07 0.05 0.04 0.21 0.513 NGC6281
17041977-3805233 5667 62 4.46 0.18 0.20 0.06 1.56 0.00 0.513 NGC6281
17042246-3750066 5890 66 4.53 0.17 -0.25 0.06 1.87 0.00 0.513 NGC6281
17042323-3752368 5169 67 4.69 0.18 0.23 0.05 2.44 0.08 0.513 NGC6281
17042464-3811430 5121 70 4.79 0.20 0.23 0.05 1.32 0.00 0.513 NGC6281
17042480-3749568 6382 63 3.95 0.17 0.10 0.05 1.95 0.00 0.513 NGC6281
17042551-3804005 6050 66 4.26 0.17 -0.19 0.05 2.62 0.06 0.513 NGC6281
17042566-3801598 5632 64 4.35 0.17 -0.23 0.05 1.58 0.11 0.513 NGC6281
17042675-3803542 5952 66 4.32 0.17 0.39 0.05 2.02 0.11 0.513 NGC6281
17042937-3808346 4871 66 4.59 0.17 0.31 0.05 0.99 0.00 0.513 NGC6281
17042954-3759238 5801 65 4.01 0.18 0.15 0.05 1.79 0.15 0.513 NGC6281
17042966-3806178 6065 65 4.34 0.18 0.41 0.05 2.93 0.06 0.513 NGC6281
17042978-3803350 4124 107 4.78 0.24 0.04 0.09 -0.19 0.54 0.513 NGC6281
17043187-3751228 4575 78 4.90 0.18 -0.19 0.10 0.37 0.30 0.513 NGC6281
17043299-3810250 5627 65 4.57 0.17 0.41 0.05 1.78 0.00 0.513 NGC6281
17043404-3756545 3728 76 4.75 0.18 -0.21 0.10 -0.29 0.53 0.513 NGC6281
17043410-3758380 5584 65 4.41 0.17 0.31 0.05 1.55 0.47 0.513 NGC6281
17043558-3749524 5973 94 3.73 0.25 0.17 0.15 3.30 0.20 0.513 NGC6281
17043613-3813400 6567 96 3.97 0.26 0.44 0.06 2.35 0.00 0.513 NGC6281
17043634-3810536 5667 64 4.37 0.18 0.06 0.06 1.43 0.00 0.513 NGC6281
17043724-3809222 6331 66 4.24 0.17 -0.02 0.06 3.10 0.06 0.513 NGC6281
17043941-3811411 6017 65 4.26 0.17 0.11 0.06 2.59 0.07 0.513 NGC6281
17044013-3800545 5446 63 4.46 0.17 0.06 0.06 3.14 0.08 0.513 NGC6281
17044075-3807294 6491 67 4.25 0.18 0.05 0.05 2.34 0.00 0.513 NGC6281
17044089-3803112 4790 62 4.79 0.18 0.10 0.05 0.69 0.00 0.513 NGC6281
17044116-3801089 5845 67 4.44 0.17 0.22 0.05 2.02 0.09 0.513 NGC6281
17044207-3751300 4013 78 4.74 0.18 -0.02 0.09 -0.03 0.34 0.513 NGC6281
17044232-3800129 6131 64 4.06 0.18 -0.39 0.05 2.79 0.06 0.513 NGC6281
17044252-3759022 5708 66 4.20 0.18 -0.12 0.05 1.30 0.18 0.513 NGC6281
17044350-3753463 6478 84 4.19 0.22 0.18 0.08 3.12 0.17 0.513 NGC6281
17044357-3759424 5195 64 4.58 0.18 0.03 0.05 1.77 0.09 0.513 NGC6281
17044534-3754433 6069 83 4.30 0.21 0.04 0.08 2.15 0.00 0.513 NGC6281
17044990-3808348 5757 65 3.95 0.18 -0.19 0.05 1.56 0.19 0.513 NGC6281
17045136-3752051 4470 63 4.52 0.18 0.21 0.06 0.07 0.40 0.513 NGC6281
17045193-3802509 6463 66 4.16 0.17 0.22 0.05 2.04 0.00 0.513 NGC6281
17045268-3759562 6850 67 4.15 0.17 -0.04 0.06 2.07 0.21 0.513 NGC6281
17045348-3809293 6846 65 4.13 0.18 0.08 0.05 3.03 0.06 0.513 NGC6281
17045363-3806415 5917 64 4.31 0.18 -0.26 0.05 2.11 0.07 0.513 NGC6281
17045580-3810096 4591 66 4.62 0.18 0.17 0.05 0.24 0.00 0.513 NGC6281
17045754-3806500 5791 66 4.24 0.18 -0.22 0.06 2.58 0.06 0.513 NGC6281
17045842-3753316 5813 65 4.52 0.17 0.09 0.05 2.31 0.21 0.513 NGC6281
17045864-3802292 4759 66 4.63 0.18 0.11 0.06 0.77 0.00 0.513 NGC6281
17045933-3806403 5339 67 3.56 0.17 -0.28 0.05 1.57 0.00 0.513 NGC6281
17050148-3752232 6107 66 4.38 0.18 -0.12 0.05 2.59 0.09 0.513 NGC6281
17050170-3807119 6484 64 4.28 0.17 0.13 0.05 2.58 0.16 0.513 NGC6281
17050208-3805558 4702 65 4.60 0.17 0.30 0.05 0.81 0.13 0.513 NGC6281
17050331-3811129 6895 97 3.70 0.25 0.27 0.13 2.21 0.00 0.513 NGC6281
17050610-3806040 5390 66 3.86 0.18 -0.04 0.05 1.22 0.00 0.513 NGC6281
17050947-3804060 5112 65 4.74 0.17 0.26 0.05 1.29 0.21 0.513 NGC6281
17050997-3755511 6017 64 4.26 0.18 0.08 0.05 2.70 0.09 0.513 NGC6281
17051132-3807559 5840 65 4.10 0.18 -0.29 0.05 2.71 0.07 0.513 NGC6281
17051412-3801158 5814 74 4.41 0.18 -0.29 0.10 2.08 0.10 0.513 NGC6281
17051587-3757549 6505 66 3.93 0.18 0.10 0.05 2.10 0.26 0.513 NGC6281
17051687-3808466 4870 65 4.30 0.18 0.04 0.05 1.05 0.00 0.513 NGC6281
17051795-3802117 4627 64 4.98 0.17 0.35 0.06 0.66 0.00 0.513 NGC6281
17035191-3800539 6320 66 3.97 0.18 -0.23 0.06 3.04 0.05 0.513 NGC6281
17035985-3802323 5948 67 4.42 0.17 0.36 0.05 1.88 0.10 0.513 NGC6281
17041059-3752224 5902 65 4.33 0.17 0.29 0.05 2.26 0.07 0.513 NGC6281
17041286-3758022 5154 75 4.41 0.18 -0.03 0.10 2.28 0.09 0.513 NGC6281
17041993-3754146 5730 65 4.04 0.17 0.32 0.05 2.29 0.07 0.513 NGC6281
17043658-3800133 5102 74 3.94 0.18 0.10 0.09 0.96 0.17 0.513 NGC6281
17043904-3759075 5105 65 4.55 0.18 0.05 0.05 1.49 0.08 0.513 NGC6281
17043597-3759311 4943 31 2.43 0.05 -0.01 0.05 -0.42 0.00 0.513 NGC6281
17044753-3753147 4900 31 2.42 0.05 -0.08 0.05 0.95 0.05 0.513 NGC6281
