OBJECT TEFF E_TEFF LOGG E_LOGG FEH E_FEH LI1 E_LI1 "AGE (Gyr)" GES_FLD MEM3D
19304849+2018587 6378 65 4.19 0.17 -0.06 0.06 2.46 0.0 0.661 NGC6802 0.9992
19304862+2016316 6291 70 3.45 0.21 -0.18 0.06 2.6 0.0 0.661 NGC6802 0.9938
19305047+2014362 6146 71 3.98 0.21 -0.1 0.06 2.8 0.1 0.661 NGC6802 0.9678
19303058+2013163 4997 33 2.73 0.05 0.18 0.04 1.13 0.06 0.661 NGC6802 0.9982
19303085+2016274 4920 33 2.59 0.05 0.12 0.04 0.74 0.07 0.661 NGC6802 0.9989
19303274+2014498 4892 33 2.59 0.05 0.05 0.04 0.79 0.06 0.661 NGC6802 0.9994
19303773+2016196 4961 33 2.85 0.05 0.09 0.04 1.46 0.05 0.661 NGC6802 0.9984
19303943+2015237 4865 33 2.65 0.05 0.15 0.04 0.98 0.05 0.661 NGC6802 0.9994
19303415+2017082 6582 106 4.33 0.34 0.46 0.03 3.31 0.21 0.661 NGC6802 0.9961
19303184+2014459 4981 33 2.81 0.05 0.17 0.04 1.34 0.06 0.661 NGC6802 0.9998
19303309+2015442 4705 33 2.5 0.05 0.14 0.04 0.55 0.07 0.661 NGC6802 0.9997
19303611+2016329 4890 34 2.62 0.05 0.14 0.04 0.83 0.05 0.661 NGC6802 0.9997
19303884+2014005 4989 32 2.81 0.05 0.16 0.04 1.01 0.05 0.661 NGC6802 0.9996
19304170+2015224 5074 33 2.89 0.05 0.16 0.04 1.33 0.04 0.661 NGC6802 0.9994
19304152+2012503 6970 66 4.33 0.18 0.16 0.06 3.05 0.14 0.661 NGC6802 0.9989
19304209+2015581 6846 73 3.91 0.21 0.13 0.05 3.03 0.09 0.661 NGC6802 0.9992
19302019+2016175 6383 64 4.41 0.17 0.27 0.05 2.36 0.0 0.661 NGC6802 0.9989
19302237+2013203 6065 66 4.51 0.18 -0.14 0.05 2.8 0.13 0.661 NGC6802 0.9982
19302283+2013079 6891 109 4.19 0.24 -0.05 0.09 2.98 0.12 0.661 NGC6802 0.9997
19302531+2018425 5768 63 4.34 0.17 -0.23 0.06 2.7 0.11 0.661 NGC6802 0.9989
19302662+2018112 6097 81 4.45 0.22 -0.23 0.07 2.8 0.13 0.661 NGC6802 0.9993
19302781+2014295 6244 69 4.36 0.21 0.11 0.05 3.15 0.09 0.661 NGC6802 0.9869
19303118+2018297 6404 66 4.12 0.17 -0.05 0.05 2.36 0.24 0.661 NGC6802 0.9995
19303161+2015557 6594 66 3.88 0.17 0 0.05 2.26 0.0 0.661 NGC6802 0.9996
19303217+2014363 6148 65 4.17 0.17 -0.14 0.06 2.77 0.11 0.661 NGC6802 0.9977
19303260+2018533 6790 72 4.25 0.21 0.23 0.05 3.01 0.14 0.661 NGC6802 0.9996
19303306+2019494 6625 82 4.24 0.21 0.26 0.08 3.17 0.13 0.661 NGC6802 0.9933
19303324+2012072 6565 65 4.34 0.18 0.1 0.05 2.61 0.16 0.661 NGC6802 0.9563
19303379+2016311 6919 65 4.13 0.17 -0.21 0.06 3.34 0.11 0.661 NGC6802 0.9996
19303409+2019228 6576 66 4.47 0.17 0.03 0.05 2.42 0.0 0.661 NGC6802 0.9996
19303655+2011575 6712 65 4.47 0.17 0 0.05 2.52 0.0 0.661 NGC6802 0.989
19303801+2015401 6828 65 4.36 0.18 0.14 0.05 3.14 0.08 0.661 NGC6802 0.9995
19303882+2016556 6477 66 4.21 0.18 -0.02 0.05 2.56 0.14 0.661 NGC6802 0.9964
19303884+2018153 6652 65 4.28 0.18 0.08 0.05 2.25 0.0 0.661 NGC6802 0.9987
19303999+2013253 6786 67 4.1 0.18 0.03 0.05 2.3 0.0 0.661 NGC6802 0.9944
19304135+2018523 6320 65 4.25 0.17 0.05 0.06 2.63 0.16 0.661 NGC6802 0.9995
19304207+2019498 6341 66 4.26 0.18 0.02 0.05 3 0.13 0.661 NGC6802 0.9964
19304370+2013100 6914 79 4.25 0.19 0.01 0.09 3.2 0.08 0.661 NGC6802 0.9531
