OBJECT TEFF E_TEFF LOGG E_LOGG FEH E_FEH LI1 E_LI1 "AGE (Gyr)" GES_FLD
18505284+1020021 6563 66 3.84 0.17 -0.17 0.06 2.78 0.06 0.191 NGC6709
18505731+1018278 6475 68 3.98 0.17 -0.03 0.05 2.66 0.06 0.191 NGC6709
18510760+1011402 6914 77 3.96 0.18 -0.04 0.09 2.39 0.00 0.191 NGC6709
18511316+1017416 6229 64 4.20 0.18 -0.09 0.06 2.67 0.06 0.191 NGC6709
18511489+1016491 6363 66 4.14 0.18 -0.16 0.06 2.58 0.07 0.191 NGC6709
18513000+1012442 7410.5 750 3.23 0.45 0.08 0.20 3.30 0.49 0.191 NGC6709
18514441+1024001 6845 79 3.99 0.19 -0.14 0.09 3.01 0.07 0.191 NGC6709
18511060+1018056 4743 34 2.00 0.05 -0.05 0.04 1.09 0.05 0.191 NGC6709
18513180+1018498 4435 34 1.71 0.05 -0.07 0.04 0.99 0.06 0.191 NGC6709
18505087+1009245 6503 65 3.91 0.17 0.29 0.05 3.19 0.08 0.191 NGC6709
18510579+1029363 6071 63 4.17 0.18 -0.09 0.05 2.62 0.05 0.191 NGC6709
18510663+1017496 6835 66 4.16 0.17 -0.13 0.05 2.83 0.07 0.191 NGC6709
18510705+1014070 5978 65 4.37 0.18 -0.16 0.05 2.45 0.06 0.191 NGC6709
18510910+1012373 5504 65 4.29 0.17 -1.00 0.05 0.96 0.00 0.191 NGC6709
18511083+1025441 6222 66 4.04 0.17 -0.13 0.05 3.21 0.06 0.191 NGC6709
18511480+1027498 6781 66 4.25 0.18 -0.22 0.05 2.51 0.13 0.191 NGC6709
18511505+1020236 6355 64 3.91 0.17 -0.09 0.06 3.08 0.05 0.191 NGC6709
18511551+1027176 6531 65 4.19 0.17 -0.20 0.05 1.67 0.39 0.191 NGC6709
18511567+1014286 6628 66 4.02 0.17 0.01 0.05 3.32 0.05 0.191 NGC6709
18511722+1020444 6686 66 4.18 0.17 0.07 0.06 2.09 0.22 0.191 NGC6709
18511844+1013028 6221 64 4.07 0.17 -0.19 0.06 2.03 0.09 0.191 NGC6709
18512220+1023034 6304 67 4.01 0.18 -0.14 0.06 3.25 0.05 0.191 NGC6709
18512386+1017352 6711 66 4.02 0.17 -0.03 0.05 2.17 0.16 0.191 NGC6709
18512615+1023483 6263 66 3.97 0.17 -0.37 0.06 1.70 0.19 0.191 NGC6709
18513553+1022527 6315 65 4.18 0.18 -0.09 0.05 2.01 0.13 0.191 NGC6709
18514091+1017112 6363 63 4.12 0.17 -0.04 0.05 3.12 0.05 0.191 NGC6709
18514176+1016272 6354 65 3.93 0.17 -0.12 0.05 3.20 0.05 0.191 NGC6709
18514825+1016453 6488 64 4.25 0.18 0.00 0.06 3.06 0.06 0.191 NGC6709
18515038+1014512 6275 64 4.09 0.17 0.20 0.05 1.60 0.29 0.191 NGC6709
18515725+1019385 6347 65 4.16 0.17 -0.19 0.05 3.10 0.05 0.191 NGC6709
18520494+1019259 6559 65 3.97 0.18 -0.11 0.05 1.85 0.00 0.191 NGC6709
18505222+1024579 5973 64 4.28 0.17 -0.09 0.06 1.63 0.36 0.191 NGC6709
18505242+1022416 6082 65 4.17 0.17 0.06 0.05 2.09 0.15 0.191 NGC6709
18505353+1020206 6057 65 4.36 0.17 0.06 0.05 1.64 0.22 0.191 NGC6709
18505354+1015259 6034 65 3.98 0.17 0.12 0.05 1.80 0.00 0.191 NGC6709
18505474+1016490 5730 64 4.39 0.18 -0.01 0.05 2.24 0.07 0.191 NGC6709
18505497+1021092 5757 65 4.36 0.17 -0.13 0.05 2.93 0.07 0.191 NGC6709
18505524+1019098 6022 64 4.05 0.18 0.13 0.05 1.65 0.00 0.191 NGC6709
18505611+1018518 5372 65 3.97 0.17 0.39 0.05 1.22 0.12 0.191 NGC6709
18505743+1017529 5038 64 3.49 0.17 -0.29 0.05 1.19 0.12 0.191 NGC6709
18505793+1017370 5438 65 4.29 0.17 -0.02 0.05 2.66 0.08 0.191 NGC6709
18505858+1023149 5729 66 4.03 0.17 0.12 0.05 1.94 0.11 0.191 NGC6709
18505890+1015163 5911 64 3.95 0.17 -0.40 0.06 1.72 0.16 0.191 NGC6709
18505920+1021527 6372 66 3.99 0.18 -0.01 0.05 2.11 0.16 0.191 NGC6709
18505968+1019109 5873 65 4.44 0.17 0.26 0.05 1.42 0.30 0.191 NGC6709
18510004+1022073 5810 67 4.36 0.17 0.30 0.05 2.15 0.08 0.191 NGC6709
18510022+1015087 5498 66 4.20 0.17 -0.32 0.05 1.08 0.23 0.191 NGC6709
18510173+1014120 6328 66 4.06 0.18 -0.25 0.06 1.76 0.00 0.191 NGC6709
18510262+1012229 5716 65 4.35 0.18 0.13 0.06 1.94 0.10 0.191 NGC6709
18510318+1016128 5558 66 4.60 0.18 0.09 0.05 1.52 0.10 0.191 NGC6709
18510431+1023197 5339 64 4.42 0.18 -0.13 0.05 1.63 0.09 0.191 NGC6709
18510438+1023024 5009 64 4.61 0.17 0.06 0.05 1.27 0.10 0.191 NGC6709
18510551+1014495 5364 65 4.60 0.17 0.17 0.05 1.42 0.00 0.191 NGC6709
18510628+1015313 6227 66 4.19 0.18 -0.15 0.05 2.88 0.06 0.191 NGC6709
18510633+1020036 5313 63 4.24 0.18 -0.05 0.06 2.60 0.07 0.191 NGC6709
18510646+1014497 5712 66 4.22 0.17 -0.34 0.06 2.12 0.08 0.191 NGC6709
18510672+1018038 5719 65 4.35 0.17 -0.07 0.05 2.81 0.07 0.191 NGC6709
18510854+1019503 5611 64 3.93 0.18 -0.51 0.05 1.40 0.15 0.191 NGC6709
18510873+1024588 5148 75 4.12 0.18 -0.12 0.09 2.98 0.12 0.191 NGC6709
18510882+1022199 5039 63 4.49 0.18 0.14 0.05 1.14 0.00 0.191 NGC6709
18510926+1023117 5947 64 4.28 0.17 -0.12 0.06 2.61 0.06 0.191 NGC6709
18511076+1013011 5461 63 4.13 0.18 -0.71 0.05 1.42 0.13 0.191 NGC6709
18511088+1014561 5244 65 4.53 0.18 0.13 0.05 0.48 0.90 0.191 NGC6709
18511213+1018245 6673 65 4.21 0.17 0.07 0.05 3.30 0.05 0.191 NGC6709
18511310+1013564 5961 64 4.42 0.18 0.09 0.06 2.55 0.07 0.191 NGC6709
18511476+1026599 6229 67 4.09 0.17 -0.08 0.06 2.20 0.07 0.191 NGC6709
18511549+1019425 5898 67 4.28 0.18 -0.12 0.05 2.98 0.06 0.191 NGC6709
18511568+1025119 5856 64 4.33 0.17 0.24 0.05 1.92 0.09 0.191 NGC6709
18511603+1023593 5491 64 4.43 0.17 -0.09 0.05 2.72 0.07 0.191 NGC6709
18511628+1021587 6002 65 4.35 0.18 0.06 0.05 2.50 0.06 0.191 NGC6709
18511647+1019404 6045 64 4.09 0.17 -0.38 0.05 2.40 0.06 0.191 NGC6709
18511793+1016298 6169 66 3.93 0.17 -0.26 0.06 2.79 0.06 0.191 NGC6709
18511896+1020524 6224 68 4.04 0.17 0.27 0.05 1.57 0.00 0.191 NGC6709
18511911+1023211 6362 65 3.95 0.17 0.10 0.06 2.31 0.10 0.191 NGC6709
18511937+1015348 5923 66 4.15 0.17 -0.02 0.05 2.41 0.06 0.191 NGC6709
18512007+1022490 6478 65 3.97 0.18 -0.04 0.05 1.84 0.00 0.191 NGC6709
18512072+1015052 5337 67 4.37 0.18 0.19 0.05 1.36 0.00 0.191 NGC6709
18512108+1019190 6248 65 4.06 0.17 -0.05 0.06 1.90 0.13 0.191 NGC6709
18512168+1026521 5132 64 4.52 0.18 -0.08 0.06 1.40 0.12 0.191 NGC6709
18512169+1018474 5386 64 4.34 0.18 -0.01 0.05 2.62 0.07 0.191 NGC6709
18512281+1014580 5929 62 4.26 0.17 -0.13 0.05 3.08 0.06 0.191 NGC6709
18512298+1012290 5803 68 4.11 0.18 -0.28 0.05 2.31 0.06 0.191 NGC6709
18512310+1021192 5986 63 4.33 0.17 0.27 0.05 2.19 0.09 0.191 NGC6709
18512362+1026283 5574 65 4.17 0.17 -0.15 0.05 1.83 0.07 0.191 NGC6709
18512486+1021010 5486 68 4.10 0.18 -0.18 0.05 2.99 0.08 0.191 NGC6709
18512536+1017388 5799 64 4.22 0.17 -0.14 0.06 1.49 0.00 0.191 NGC6709
18512647+1016272 6307 63 3.97 0.17 -0.24 0.05 1.54 0.64 0.191 NGC6709
18512651+1018563 6086 64 4.08 0.18 -0.23 0.05 2.90 0.05 0.191 NGC6709
18512657+1017170 5863 63 4.26 0.18 -0.03 0.06 2.00 0.08 0.191 NGC6709
18512727+1016418 6224 65 4.13 0.17 -0.04 0.05 1.65 0.30 0.191 NGC6709
18512757+1014143 5878 66 4.05 0.17 0.04 0.06 1.60 0.35 0.191 NGC6709
18512795+1020128 5892 67 4.32 0.18 -0.12 0.05 2.91 0.06 0.191 NGC6709
18512886+1015060 6128 67 4.17 0.17 0.17 0.06 2.76 0.07 0.191 NGC6709
18513127+1011312 6641 67 4.14 0.17 0.07 0.05 2.66 0.07 0.191 NGC6709
18513174+1021071 6185 64 4.28 0.17 -0.04 0.06 2.03 0.09 0.191 NGC6709
18513244+1023213 5572 65 4.00 0.17 0.24 0.06 2.67 0.06 0.191 NGC6709
18513251+1021402 6243 64 4.25 0.18 0.03 0.05 2.24 0.09 0.191 NGC6709
18513272+1016566 5644 65 4.27 0.18 0.25 0.06 0.90 0.62 0.191 NGC6709
18513309+1017470 5955 66 3.82 0.17 -0.51 0.06 2.45 0.07 0.191 NGC6709
18513368+1012163 5740 66 4.21 0.17 -0.24 0.05 1.35 0.22 0.191 NGC6709
18513390+1025174 5722 64 4.28 0.17 -0.04 0.05 1.47 0.00 0.191 NGC6709
18513425+1012312 6367 65 4.21 0.18 0.12 0.05 2.30 0.13 0.191 NGC6709
18513494+1016192 5757 64 4.07 0.18 -0.29 0.06 2.09 0.07 0.191 NGC6709
18513501+1021169 5615 63 4.14 0.18 0.40 0.05 1.81 0.00 0.191 NGC6709
18513564+1012564 5345 66 4.43 0.18 -0.07 0.05 1.32 0.12 0.191 NGC6709
18513631+1017084 6308 66 4.05 0.18 0.20 0.05 1.90 0.00 0.191 NGC6709
18513678+1017535 5216 65 4.42 0.18 -0.11 0.05 2.17 0.08 0.191 NGC6709
18513710+1022131 5465 65 4.61 0.17 -0.10 0.06 1.35 0.19 0.191 NGC6709
18513901+1019268 5908 63 4.40 0.17 -0.09 0.06 2.95 0.06 0.191 NGC6709
18513923+1020533 6069 65 4.26 0.18 -0.08 0.06 2.55 0.06 0.191 NGC6709
18514278+1021082 5789 63 4.00 0.17 0.09 0.05 1.91 0.14 0.191 NGC6709
18514402+1018021 6339 64 4.00 0.17 -0.20 0.06 2.13 0.15 0.191 NGC6709
18514403+1023271 5743 64 4.40 0.18 0.44 0.04 1.93 0.10 0.191 NGC6709
18514426+1020356 6179 66 3.93 0.17 -0.07 0.05 1.79 0.00 0.191 NGC6709
18510638+1021539 5601 59 4.41 0.10 -0.03 0.12 3.17 0.07 0.191 NGC6709
18510831+1019141 5743 34 4.41 0.05 -0.02 0.04 2.82 0.04 0.191 NGC6709
18511186+1017059 5742 34 4.33 0.05 0.04 0.04 1.16 0.00 0.191 NGC6709
18512040+1023500 5859 34 4.32 0.05 0.11 0.04 2.01 0.07 0.191 NGC6709
18512051+1022038 6380 35 4.02 0.05 -0.11 0.05 2.75 0.05 0.191 NGC6709
18512351+1017187 6089 34 4.23 0.05 0.02 0.04 2.72 0.04 0.191 NGC6709
18512444+1018330 5609 34 4.33 0.05 0.00 0.04 1.30 0.11 0.191 NGC6709
18510360+1017259 4997 63 3.14 0.18 0.03 0.05 1.60 0.15 0.191 NGC6709
18510564+1021442 5179 64 3.87 0.17 0.11 0.05 1.16 0.29 0.191 NGC6709
18510754+1015323 5763 66 4.47 0.18 0.06 0.05 1.70 0.28 0.191 NGC6709
18510794+1017438 5347 66 4.53 0.17 0.04 0.05 1.49 0.00 0.191 NGC6709
18510836+1022333 4513 65 2.40 0.17 -0.04 0.05 0.82 0.20 0.191 NGC6709
18511031+1022330 4631 64 3.21 0.17 -1.05 0.05 1.12 0.15 0.191 NGC6709
18511048+1019363 5056 63 3.45 0.17 0.24 0.05 1.29 0.00 0.191 NGC6709
18511214+1014197 4619 83 2.51 0.22 -0.38 0.07 0.84 0.00 0.191 NGC6709
18511289+1023339 4458 75 4.43 0.18 -0.14 0.09 0.20 0.00 0.191 NGC6709
18511299+1015287 5518 64 3.87 0.18 0.17 0.05 1.64 0.27 0.191 NGC6709
18511330+1017347 5647 65 4.06 0.18 -0.33 0.05 1.43 0.00 0.191 NGC6709
18511346+1015145 5383 65 3.70 0.17 0.17 0.05 1.42 0.19 0.191 NGC6709
18511346+1021462 4560 65 2.55 0.17 -0.01 0.05 0.84 0.00 0.191 NGC6709
18511351+1018477 5220 64 3.56 0.18 0.20 0.05 1.84 0.10 0.191 NGC6709
18511406+1018336 4843 63 2.40 0.17 -0.13 0.05 0.60 0.97 0.191 NGC6709
18511481+1015120 5208 67 3.01 0.17 -0.42 0.05 1.31 0.32 0.191 NGC6709
18511535+1013001 5742 64 4.19 0.17 -0.40 0.05 1.92 0.16 0.191 NGC6709
18511575+1016162 4891 65 2.67 0.17 -0.26 0.06 0.82 0.00 0.191 NGC6709
18511594+1022260 5505 64 4.60 0.18 -0.11 0.05 1.69 0.18 0.191 NGC6709
18511603+1015073 4939 66 2.61 0.17 -0.18 0.05 1.16 0.00 0.191 NGC6709
18511629+1014252 4818 66 2.81 0.18 0.06 0.05 0.85 0.34 0.191 NGC6709
18511629+1014436 4883 80 2.15 0.22 -1.26 0.08 1.19 0.22 0.191 NGC6709
18511630+1020219 5868 66 4.19 0.17 0.25 0.05 2.19 0.14 0.191 NGC6709
18511685+1023259 4921 65 3.15 0.18 -0.20 0.06 1.30 0.00 0.191 NGC6709
18511705+1016530 5594 66 4.37 0.17 -1.05 0.06 1.44 0.12 0.191 NGC6709
18511731+1018277 5929 66 4.54 0.18 0.13 0.05 2.73 0.07 0.191 NGC6709
18511787+1014286 4756 84 4.27 0.22 0.32 0.07 0.79 1.07 0.191 NGC6709
18511819+1019527 5231 71 4.65 0.21 0.04 0.05 1.59 0.14 0.191 NGC6709
18511868+1016284 6117 65 4.08 0.17 0.20 0.05 1.84 0.21 0.191 NGC6709
18511971+1013447 5406 71 4.10 0.20 0.24 0.05 1.43 0.31 0.191 NGC6709
18512032+1021529 5443 66 4.04 0.18 -0.12 0.05 2.66 0.08 0.191 NGC6709
18512075+1022564 4982 66 3.95 0.17 0.20 0.05 1.13 0.00 0.191 NGC6709
18512088+1010363 6056 66 4.22 0.17 -0.08 0.05 2.50 0.09 0.191 NGC6709
18512138+1020205 5646 65 4.02 0.17 -0.12 0.05 1.36 0.00 0.191 NGC6709
18512198+1024529 5699 65 3.92 0.17 0.20 0.05 1.74 0.00 0.191 NGC6709
18512265+1015217 4670 65 4.47 0.17 0.08 0.05 0.98 0.20 0.191 NGC6709
18512295+1014157 4937 63 2.97 0.17 -0.02 0.06 1.62 0.17 0.191 NGC6709
18512351+1013406 5314 64 4.28 0.17 0.24 0.05 1.55 0.00 0.191 NGC6709
18512396+1016300 5119 65 3.26 0.17 -0.17 0.05 0.98 0.00 0.191 NGC6709
18512427+1012390 5090 65 3.18 0.18 -0.38 0.06 1.20 0.34 0.191 NGC6709
18512447+1019151 5591 64 4.09 0.17 0.24 0.06 1.65 0.00 0.191 NGC6709
18512469+1016054 4494 64 2.57 0.17 -0.09 0.06 0.49 0.31 0.191 NGC6709
18512476+1012205 6234 64 4.16 0.17 -0.12 0.05 3.21 0.05 0.191 NGC6709
18512484+1016454 5690 64 4.09 0.18 0.01 0.05 1.69 0.22 0.191 NGC6709
18512488+1014446 5685 64 4.22 0.17 -0.25 0.05 1.54 0.14 0.191 NGC6709
18512563+1017023 5315 64 4.57 0.17 0.13 0.05 1.30 0.45 0.191 NGC6709
18512570+1014399 5662 66 4.69 0.17 0.20 0.06 1.53 0.19 0.191 NGC6709
18512581+1013589 5981 64 4.09 0.18 0.15 0.05 1.96 0.12 0.191 NGC6709
18512583+1024077 5972 65 4.58 0.18 -0.07 0.06 2.64 0.07 0.191 NGC6709
18512639+1019106 5769 65 4.41 0.18 0.27 0.06 2.08 0.00 0.191 NGC6709
18512668+1021276 5220 65 4.91 0.17 0.10 0.06 1.85 0.14 0.191 NGC6709
18512703+1019414 5809 66 4.41 0.17 0.40 0.05 2.11 0.13 0.191 NGC6709
18512789+1015535 5724 66 4.12 0.18 -0.01 0.05 2.07 0.16 0.191 NGC6709
18512802+1012140 6125 66 4.48 0.17 0.14 0.06 2.81 0.09 0.191 NGC6709
18512845+1023415 4731 66 3.02 0.17 0.21 0.06 0.81 0.29 0.191 NGC6709
18512847+1021395 5587 65 4.04 0.18 0.39 0.05 2.01 0.18 0.191 NGC6709
18512899+1019106 6067 66 4.60 0.18 0.07 0.05 2.89 0.07 0.191 NGC6709
18512907+1017295 5179 65 3.26 0.17 -0.15 0.06 1.69 0.16 0.191 NGC6709
18512942+1012373 4850 69 4.61 0.21 -0.39 0.05 0.65 0.00 0.191 NGC6709
18512986+1018425 5862 65 4.04 0.18 -0.03 0.05 2.76 0.07 0.191 NGC6709
18513001+1019545 6457 65 4.12 0.17 -0.07 0.05 1.95 0.37 0.191 NGC6709
18513090+1015106 4862 81 2.46 0.21 -0.93 0.08 0.93 0.00 0.191 NGC6709
18513109+1014069 5767 65 4.31 0.17 -0.12 0.06 1.77 0.00 0.191 NGC6709
18513114+1018368 5329 62 4.45 0.17 0.06 0.05 1.68 0.18 0.191 NGC6709
18513128+1012272 5103 65 3.01 0.17 -0.25 0.06 0.95 0.00 0.191 NGC6709
18513151+1020553 5211 63 3.49 0.17 -0.15 0.05 1.51 0.21 0.191 NGC6709
18513174+1021401 5772 66 3.95 0.18 0.14 0.05 2.36 0.17 0.191 NGC6709
18513175+1018134 4451 77 4.44 0.18 -0.12 0.10 1.27 0.14 0.191 NGC6709
18513189+1025461 6100 64 4.21 0.17 0.23 0.05 1.52 0.57 0.191 NGC6709
18513209+1018019 4951 65 4.13 0.18 -0.34 0.06 1.37 0.16 0.191 NGC6709
18513223+1017130 5056 66 4.15 0.17 0.20 0.06 0.79 1.05 0.191 NGC6709
18513239+1012537 5358 66 4.22 0.17 -0.03 0.05 2.38 0.08 0.191 NGC6709
18513251+1022306 4642 64 2.50 0.17 -0.23 0.06 0.49 0.46 0.191 NGC6709
18513313+1022015 5720 64 4.57 0.17 0.31 0.06 2.00 0.22 0.191 NGC6709
18513313+1024329 5338 65 4.54 0.17 0.10 0.06 1.46 0.35 0.191 NGC6709
18513330+1014371 5465 65 4.27 0.17 0.28 0.05 2.01 0.15 0.191 NGC6709
18513530+1020379 4149 96 3.93 0.26 -0.11 0.15 -0.59 0.00 0.191 NGC6709
18513572+1013304 4931 75 4.39 0.18 -0.14 0.09 3.20 0.13 0.191 NGC6709
18513662+1020453 4831 80 1.75 0.23 -0.89 0.08 1.27 0.00 0.191 NGC6709
18513665+1015344 4924 66 3.10 0.17 0.14 0.06 1.19 0.00 0.191 NGC6709
18513670+1021207 5039 64 3.33 0.18 -0.10 0.06 1.49 0.22 0.191 NGC6709
18513682+1013460 5031 64 3.68 0.18 -0.22 0.05 1.38 0.14 0.191 NGC6709
18513685+1017582 5923 65 4.32 0.18 -0.17 0.06 3.13 0.07 0.191 NGC6709
18513695+1016556 5096 65 4.73 0.18 -0.27 0.06 1.07 0.00 0.191 NGC6709
18513735+1017369 5940 66 4.42 0.17 0.12 0.05 2.44 0.08 0.191 NGC6709
18513824+1021079 5038 65 3.52 0.17 -0.20 0.06 1.15 0.38 0.191 NGC6709
18514009+1019138 6131 63 4.32 0.17 0.35 0.05 1.72 0.95 0.191 NGC6709
18514044+1014288 5578 64 4.14 0.17 0.34 0.06 1.90 0.00 0.191 NGC6709
18514096+1018404 6039 65 4.50 0.18 -0.05 0.05 2.72 0.10 0.191 NGC6709
18514112+1016261 4792 81 2.72 0.23 -0.45 0.08 1.09 0.00 0.191 NGC6709
18514120+1015190 5713 66 3.97 0.18 0.11 0.06 1.98 0.09 0.191 NGC6709
18514158+1020158 5382 65 4.16 0.17 0.04 0.05 1.50 0.00 0.191 NGC6709
18514229+1020543 5647 64 4.15 0.18 -0.17 0.05 1.90 0.17 0.191 NGC6709
18514276+1014163 5441 65 3.90 0.17 0.24 0.06 1.84 0.18 0.191 NGC6709
18514283+1020099 5062 82 2.92 0.21 -0.55 0.08 1.15 0.00 0.191 NGC6709
18514305+1015077 6053 66 4.32 0.17 0.23 0.05 2.81 0.09 0.191 NGC6709
18514306+1018328 4560 83 2.62 0.22 -0.53 0.08 0.52 0.00 0.191 NGC6709
18514332+1017349 5256 64 4.52 0.17 0.18 0.05 1.41 0.00 0.191 NGC6709
18514467+1016360 5292 65 3.54 0.17 -0.02 0.05 1.61 0.23 0.191 NGC6709
18514678+1014111 5096 64 3.77 0.17 -0.37 0.05 1.07 0.00 0.191 NGC6709
18514772+1017353 5973 65 4.61 0.17 0.33 0.05 2.69 0.08 0.191 NGC6709
18514793+1019585 5265 65 4.66 0.18 0.11 0.05 1.01 0.00 0.191 NGC6709
18514799+1018247 4888 82 4.40 0.22 0.01 0.08 1.13 0.00 0.191 NGC6709
18515048+1012068 6122 66 4.37 0.17 0.06 0.05 2.80 0.08 0.191 NGC6709
18515498+1013478 6403 66 4.04 0.17 0.18 0.06 1.73 0.82 0.191 NGC6709
18515766+1013305 5748 66 3.82 0.18 -0.79 0.05 2.34 0.09 0.191 NGC6709
18505023+1014191 4765 64 2.72 0.17 -0.01 0.05 0.65 0.00 0.191 NGC6709
18505075+1015364 4868 81 3.66 0.22 -0.30 0.08 1.24 0.00 0.191 NGC6709
18505117+1016159 4503 76 4.82 0.18 0.04 0.09 0.58 0.28 0.191 NGC6709
18505240+1014344 4593 66 4.91 0.18 0.06 0.06 0.60 0.21 0.191 NGC6709
18505432+1014552 5227 66 4.40 0.17 0.23 0.05 1.02 0.42 0.191 NGC6709
18505587+1015010 4643 63 2.62 0.17 0.11 0.06 1.01 0.00 0.191 NGC6709
18505651+1015435 4652 65 4.57 0.17 0.01 0.06 1.02 0.19 0.191 NGC6709
18505740+1013423 5682 63 4.35 0.17 0.34 0.05 1.39 0.00 0.191 NGC6709
18505869+1013204 4785 65 2.67 0.17 -0.19 0.05 0.39 0.00 0.191 NGC6709
18505966+1010091 5876 65 4.33 0.17 -0.19 0.05 3.11 0.06 0.191 NGC6709
18510205+1016145 5549 63 4.12 0.18 0.31 0.06 1.74 0.16 0.191 NGC6709
18510300+1022004 4801 67 2.92 0.17 -0.45 0.05 0.95 0.00 0.191 NGC6709
18510327+1014047 5028 64 3.42 0.17 -0.39 0.05 1.29 0.13 0.191 NGC6709
18510369+1014508 5380 65 4.32 0.17 0.26 0.05 1.32 0.00 0.191 NGC6709
18510425+1011076 5725 64 4.15 0.16 0.13 0.06 1.92 0.11 0.191 NGC6709
18510444+1021555 5029 67 3.57 0.18 -0.13 0.05 1.27 0.25 0.191 NGC6709
18510467+1017460 5039 66 3.50 0.18 0.15 0.05 1.33 0.00 0.191 NGC6709
18510600+1011532 5594 69 4.19 0.21 0.39 0.05 1.85 0.00 0.191 NGC6709
18510607+1024032 5015 74 4.68 0.18 -0.15 0.09 2.56 0.12 0.191 NGC6709
18510691+1013531 5918 65 4.40 0.17 0.19 0.06 1.98 0.09 0.191 NGC6709
18510720+1021104 6709 65 3.99 0.18 -0.15 0.06 2.18 0.00 0.191 NGC6709
18510766+1022099 5534 66 4.25 0.17 0.39 0.05 1.74 0.00 0.191 NGC6709
18510823+1016529 5598 65 4.18 0.17 0.30 0.05 1.45 0.16 0.191 NGC6709
18510851+1025097 5969 64 4.35 0.17 -0.11 0.05 2.63 0.06 0.191 NGC6709
18511011+1018573 4904 82 3.15 0.22 -0.05 0.08 0.94 0.54 0.191 NGC6709
18511029+1017121 4933 65 2.77 0.17 0.07 0.06 1.15 0.00 0.191 NGC6709
18511063+1014315 4717 67 2.53 0.18 -0.90 0.06 1.13 0.14 0.191 NGC6709
18511133+1020034 4770 64 3.12 0.17 -0.04 0.05 1.01 0.00 0.191 NGC6709
18511233+1013550 5238 66 3.57 0.17 0.22 0.06 1.39 0.21 0.191 NGC6709
18511260+1018502 4937 78 2.80 0.18 -0.39 0.09 0.79 0.30 0.191 NGC6709
18511341+1023030 5478 66 4.11 0.18 0.23 0.06 1.22 0.43 0.191 NGC6709
18511365+1011430 5796 64 4.31 0.17 0.09 0.05 1.51 0.22 0.191 NGC6709
18511402+1020531 4658 62 2.60 0.17 0.13 0.05 0.68 0.21 0.191 NGC6709
18511410+1014172 5062 66 3.31 0.18 -0.02 0.06 0.93 0.49 0.191 NGC6709
18511487+1023396 5363 66 4.34 0.17 -0.04 0.05 1.15 0.23 0.191 NGC6709
18511575+1019329 4966 66 4.54 0.18 -0.02 0.05 1.96 0.09 0.191 NGC6709
18511575+1020153 4831 65 4.35 0.17 -0.01 0.05 1.54 0.11 0.191 NGC6709
18511656+1023063 4793 64 2.76 0.17 -0.40 0.05 0.43 0.00 0.191 NGC6709
18511695+1014246 5459 63 4.05 0.17 -0.35 0.05 2.73 0.07 0.191 NGC6709
18511768+1021508 4974 66 3.61 0.17 -0.34 0.05 1.38 0.16 0.191 NGC6709
18511777+1014577 5297 64 3.73 0.17 -0.02 0.05 1.42 0.00 0.191 NGC6709
18511886+1013478 5293 64 4.37 0.18 -0.07 0.05 2.92 0.08 0.191 NGC6709
18511903+1024587 4573 63 4.30 0.18 0.32 0.05 0.62 0.27 0.191 NGC6709
18511903+1025208 4882 65 3.15 0.17 0.03 0.05 0.80 0.60 0.191 NGC6709
18511940+1018017 4990 64 2.80 0.18 -0.23 0.05 1.15 0.00 0.191 NGC6709
18511979+1024269 4583 62 2.69 0.17 0.42 0.05 0.82 0.00 0.191 NGC6709
18512117+1016103 5747 64 4.47 0.18 0.21 0.05 1.37 0.47 0.191 NGC6709
18512259+1018514 5773 64 4.17 0.17 -0.22 0.06 2.68 0.07 0.191 NGC6709
18512270+1013200 5514 64 4.09 0.17 0.06 0.05 1.49 0.21 0.191 NGC6709
18512326+1011453 5642 65 4.47 0.17 0.31 0.05 2.12 0.13 0.191 NGC6709
18512413+1025280 5325 66 4.23 0.18 -0.08 0.05 1.19 0.00 0.191 NGC6709
18512503+1011383 5972 64 4.18 0.18 0.05 0.06 2.27 0.13 0.191 NGC6709
18512511+1017527 5762 67 4.17 0.17 0.15 0.05 2.51 0.10 0.191 NGC6709
18512602+1024127 5163 63 3.62 0.17 0.24 0.05 1.81 0.15 0.191 NGC6709
18512618+1015221 4939 65 3.23 0.18 -0.15 0.06 0.99 0.00 0.191 NGC6709
18512717+1019251 5624 66 4.12 0.18 0.40 0.05 2.35 0.14 0.191 NGC6709
18512740+1019025 5338 65 3.55 0.17 -0.99 0.05 1.92 0.13 0.191 NGC6709
18512781+1023594 4945 65 2.98 0.17 -0.73 0.05 1.20 0.14 0.191 NGC6709
18512785+1020478 5905 64 4.19 0.17 -0.04 0.05 2.36 0.09 0.191 NGC6709
18512798+1021184 5923 67 4.06 0.17 -0.02 0.06 2.23 0.09 0.191 NGC6709
18512864+1019174 4738 64 2.86 0.18 -0.37 0.06 1.14 0.16 0.191 NGC6709
18512915+1015404 5502 65 4.05 0.17 0.16 0.06 1.30 0.44 0.191 NGC6709
18512964+1021082 5129 64 3.49 0.18 0.20 0.05 1.25 0.16 0.191 NGC6709
18512983+1016503 5871 63 4.43 0.18 0.27 0.06 1.95 0.08 0.191 NGC6709
18513059+1015311 4564 64 4.35 0.17 0.14 0.05 0.58 0.30 0.191 NGC6709
18513147+1015046 4907 63 4.74 0.17 0.01 0.05 1.07 0.27 0.191 NGC6709
18513221+1014531 4626 65 4.34 0.17 0.04 0.05 0.74 0.00 0.191 NGC6709
18513261+1017481 4722 66 4.49 0.18 0.30 0.05 0.81 0.00 0.191 NGC6709
18513309+1021130 6064 65 4.67 0.18 0.18 0.06 2.27 0.16 0.191 NGC6709
18513320+1014036 5099 69 4.71 0.21 0.05 0.05 1.20 0.21 0.191 NGC6709
18513333+1013387 5540 64 4.01 0.17 0.43 0.04 2.14 0.09 0.191 NGC6709
18513361+1019408 5585 65 3.93 0.17 0.40 0.05 1.45 0.40 0.191 NGC6709
18513440+1022124 4745 83 2.97 0.22 0.10 0.08 1.27 0.00 0.191 NGC6709
18513529+1020416 4687 67 4.56 0.17 0.19 0.05 0.37 0.51 0.191 NGC6709
18513530+1016501 4676 104 4.54 0.33 0.32 0.09 1.05 0.29 0.191 NGC6709
18513532+1017404 5666 82 4.32 0.22 0.39 0.06 2.01 0.31 0.191 NGC6709
18513534+1018511 5130 64 3.33 0.17 0.35 0.05 1.50 0.00 0.191 NGC6709
18513594+1016140 5959 65 4.68 0.17 0.33 0.06 1.73 0.00 0.191 NGC6709
18513642+1017395 4871 70 4.66 0.22 -0.04 0.05 0.82 0.37 0.191 NGC6709
18513748+1016077 5059 64 3.29 0.17 -0.11 0.05 1.04 0.57 0.191 NGC6709
18513824+1020363 5846 66 4.39 0.17 0.27 0.05 2.52 0.12 0.191 NGC6709
18513850+1015085 5502 65 3.98 0.18 0.39 0.05 1.80 0.00 0.191 NGC6709
18513942+1015506 4747 64 2.47 0.17 -0.12 0.06 0.55 0.59 0.191 NGC6709
18513957+1023348 5107 66 3.25 0.18 0.14 0.05 1.70 0.15 0.191 NGC6709
18513997+1020127 5747 66 4.24 0.17 0.30 0.05 1.83 0.16 0.191 NGC6709
18513998+1021362 5448 64 3.51 0.17 0.18 0.06 2.03 0.12 0.191 NGC6709
18514170+1019546 5252 83 3.56 0.21 0.23 0.08 1.39 0.00 0.191 NGC6709
18514287+1014108 5054 63 3.56 0.17 -0.32 0.05 1.05 0.00 0.191 NGC6709
18505547+1017136 6076 65 4.11 0.17 0.37 0.05 2.18 0.15 0.191 NGC6709
18510101+1017376 4819 66 2.78 0.17 0.08 0.05 0.80 0.29 0.191 NGC6709
18510370+1026083 5365 65 3.74 0.17 0.38 0.05 1.63 0.32 0.191 NGC6709
18510438+1018306 4821 63 2.77 0.17 -0.49 0.06 0.90 0.20 0.191 NGC6709
18510438+1020465 4369 77 4.73 0.19 0.03 0.09 0.22 0.44 0.191 NGC6709
18510540+1016509 5687 65 4.32 0.18 0.00 0.05 2.23 0.11 0.191 NGC6709
18510608+1025286 5335 65 4.26 0.18 0.29 0.06 1.42 0.25 0.191 NGC6709
18510719+1025064 5380 64 4.52 0.18 0.05 0.06 1.00 0.00 0.191 NGC6709
18510855+1016007 4982 66 3.19 0.17 -0.03 0.05 1.31 0.16 0.191 NGC6709
18510880+1019038 5787 64 4.22 0.18 0.31 0.06 1.63 0.25 0.191 NGC6709
18510881+1017516 4915 64 2.80 0.18 -0.51 0.06 0.66 0.48 0.191 NGC6709
18510928+1013398 4921 64 4.22 0.17 0.05 0.05 0.76 0.63 0.191 NGC6709
18510930+1026293 4884 67 2.74 0.17 -0.31 0.06 0.63 0.44 0.191 NGC6709
18511042+1016365 3865 107 4.84 0.23 -0.07 0.09 0.53 0.23 0.191 NGC6709
18511056+1015598 4757 66 3.51 0.17 0.08 0.05 1.00 0.00 0.191 NGC6709
18511084+1014448 5688 66 4.20 0.18 0.35 0.05 2.10 0.12 0.191 NGC6709
18511170+1024366 4654 65 2.70 0.18 0.00 0.05 0.93 0.21 0.191 NGC6709
18511290+1027092 5965 66 4.35 0.18 -0.13 0.05 2.47 0.08 0.191 NGC6709
18511682+1016332 4705 66 4.60 0.17 0.09 0.05 0.45 0.61 0.191 NGC6709
18511799+1026405 5786 65 4.24 0.18 0.21 0.05 1.33 0.86 0.191 NGC6709
18511804+1025431 4883 63 3.47 0.18 -0.72 0.06 1.00 0.17 0.191 NGC6709
18511823+1011578 5695 66 4.23 0.17 -0.21 0.05 1.56 0.00 0.191 NGC6709
18511916+1013353 5790 64 4.24 0.18 -0.04 0.06 2.02 0.10 0.191 NGC6709
18511945+1013574 4781 66 4.58 0.18 -0.05 0.05 0.69 0.00 0.191 NGC6709
18511968+1020517 5299 65 3.77 0.18 -0.03 0.05 1.38 0.23 0.191 NGC6709
18512001+1018240 5798 65 4.39 0.18 -0.05 0.06 2.15 0.12 0.191 NGC6709
18512028+1023076 3922 77 4.57 0.18 -0.12 0.10 -0.11 0.00 0.191 NGC6709
18512055+1018584 5113 82 4.03 0.23 -0.48 0.08 1.24 0.00 0.191 NGC6709
18512056+1016400 4548 65 2.49 0.17 -0.17 0.05 0.64 0.22 0.191 NGC6709
18512068+1019418 5940 63 4.19 0.17 0.12 0.05 2.62 0.08 0.191 NGC6709
18512179+1025150 4350 97 4.41 0.26 -0.04 0.15 0.19 0.00 0.191 NGC6709
18512236+1018107 4200 98 4.16 0.26 -0.11 0.15 0.12 0.49 0.191 NGC6709
18512254+1015254 5081 66 3.55 0.18 -0.44 0.05 0.88 0.00 0.191 NGC6709
18512301+1026055 4538 65 4.69 0.17 0.04 0.05 0.55 0.27 0.191 NGC6709
18512435+1017482 4860 65 4.60 0.17 0.03 0.05 1.92 0.09 0.191 NGC6709
18512456+1014266 6115 64 4.04 0.17 -0.22 0.05 3.15 0.06 0.191 NGC6709
18512465+1025230 4708 65 4.23 0.17 0.33 0.05 0.80 0.40 0.191 NGC6709
18512508+1019342 5784 65 4.37 0.17 0.33 0.05 2.36 0.08 0.191 NGC6709
18512523+1011213 5267 65 4.85 0.17 -0.15 0.06 1.49 0.20 0.191 NGC6709
18512525+1019192 5371 67 3.61 0.18 -0.23 0.05 1.91 0.14 0.191 NGC6709
18512599+1014559 5418 65 4.43 0.17 0.17 0.05 1.52 0.00 0.191 NGC6709
18512608+1021198 5162 66 4.23 0.18 -0.15 0.05 1.51 0.19 0.191 NGC6709
18512631+1020466 4915 64 3.06 0.18 0.03 0.05 0.96 0.00 0.191 NGC6709
18512679+1013371 5296 66 3.64 0.17 0.31 0.06 1.87 0.14 0.191 NGC6709
18512732+1022111 4925 68 2.86 0.17 -0.21 0.05 0.73 0.00 0.191 NGC6709
18512781+1022574 5931 65 4.39 0.17 0.35 0.05 2.37 0.10 0.191 NGC6709
18512796+1015056 5731 64 4.17 0.17 0.35 0.05 1.50 0.00 0.191 NGC6709
18512851+1025047 5147 66 4.51 0.18 0.24 0.06 1.30 0.00 0.191 NGC6709
18512892+1018073 5947 65 4.24 0.17 0.23 0.06 2.39 0.10 0.191 NGC6709
18512916+1023132 6328 64 4.04 0.18 0.04 0.05 2.12 0.18 0.191 NGC6709
18512924+1024546 4926 83 2.32 0.22 -0.30 0.08 1.45 0.24 0.191 NGC6709
18512944+1024390 5640 64 3.92 0.18 0.39 0.05 1.85 0.31 0.191 NGC6709
18512994+1027332 4397 81 3.86 0.22 0.33 0.07 0.10 0.00 0.191 NGC6709
18513080+1014337 5108 63 4.26 0.18 0.00 0.05 1.01 0.00 0.191 NGC6709
18513178+1022348 5731 64 4.20 0.18 0.36 0.05 2.04 0.14 0.191 NGC6709
18513366+1013231 5011 63 3.09 0.17 -0.17 0.05 1.05 0.23 0.191 NGC6709
18513446+1016429 6167 64 4.26 0.17 -0.03 0.05 2.69 0.06 0.191 NGC6709
18513446+1021400 5879 64 4.12 0.17 0.06 0.05 2.74 0.07 0.191 NGC6709
18513587+1022570 5215 80 3.44 0.22 0.33 0.07 1.70 0.32 0.191 NGC6709
18513603+1022203 4782 82 2.38 0.22 -0.31 0.07 1.17 0.27 0.191 NGC6709
18513613+1015085 6050 67 4.01 0.17 -0.09 0.06 2.44 0.06 0.191 NGC6709
18513619+1027552 5276 82 3.72 0.22 0.46 0.04 1.45 0.00 0.191 NGC6709
18513620+1026133 6094 66 4.25 0.17 0.12 0.05 2.64 0.10 0.191 NGC6709
18513827+1021329 4616 81 2.94 0.22 -0.43 0.07 0.97 0.00 0.191 NGC6709
18513959+1017470 4615 65 4.41 0.18 0.24 0.05 0.71 0.24 0.191 NGC6709
18514159+1022381 5192 65 3.65 0.17 -0.05 0.06 1.43 0.18 0.191 NGC6709
18514187+1023404 4801 80 2.24 0.22 -0.35 0.08 1.06 0.28 0.191 NGC6709
18514207+1020416 5692 65 4.14 0.18 -0.12 0.05 1.25 0.00 0.191 NGC6709
18505566+1015525 4565 63 2.42 0.18 -0.09 0.05 0.88 0.21 0.191 NGC6709
18505858+1019093 4812 84 2.37 0.23 0.15 0.08 0.96 1.16 0.191 NGC6709
18510082+1015409 5040 75 4.19 0.18 -0.12 0.10 3.05 0.18 0.191 NGC6709
18510205+1018585 5233 107 4.13 0.32 0.28 0.09 1.53 0.00 0.191 NGC6709
18510487+1018537 4636 69 4.89 0.21 0.14 0.06 0.50 0.00 0.191 NGC6709
18510499+1021090 4837 65 2.87 0.17 -0.21 0.05 0.90 0.00 0.191 NGC6709
18510573+1024334 5020 63 2.69 0.18 -0.72 0.05 1.26 0.00 0.191 NGC6709
18510679+1018128 4334 76 4.82 0.18 0.01 0.09 0.25 0.00 0.191 NGC6709
18510715+1016255 4682 82 4.08 0.21 -0.01 0.08 0.65 0.00 0.191 NGC6709
18510803+1025514 6120 64 4.08 0.18 -0.03 0.05 1.61 0.00 0.191 NGC6709
18510861+1017497 5636 64 4.23 0.18 -0.11 0.05 1.44 0.00 0.191 NGC6709
18510958+1011046 5158 65 3.29 0.18 -0.19 0.05 1.57 0.19 0.191 NGC6709
18510970+1014049 4883 84 2.87 0.22 -0.56 0.08 0.86 0.00 0.191 NGC6709
18510996+1021335 5885 65 4.00 0.17 0.15 0.06 2.58 0.13 0.191 NGC6709
18511044+1014481 5249 65 3.24 0.17 -0.32 0.06 1.54 0.26 0.191 NGC6709
18511063+1013166 3979 95 3.66 0.25 -0.14 0.15 -1.00 0.00 0.191 NGC6709
18511069+1018456 5007 82 3.06 0.21 0.15 0.08 1.02 0.00 0.191 NGC6709
18511158+1018324 5212 64 3.80 0.17 -0.37 0.05 1.13 0.00 0.191 NGC6709
18511211+1011032 5855 65 4.00 0.18 -0.11 0.05 2.14 0.20 0.191 NGC6709
18511217+1020490 5437 66 3.58 0.18 0.27 0.06 1.45 0.21 0.191 NGC6709
18511333+1012350 5426 66 4.56 0.17 0.13 0.05 1.80 0.18 0.191 NGC6709
18511334+1023585 5065 65 2.89 0.17 -0.23 0.05 1.33 0.23 0.191 NGC6709
18511342+1021141 5902 64 4.47 0.17 0.07 0.05 2.01 0.17 0.191 NGC6709
18511355+1022555 4732 81 2.93 0.22 -0.44 0.08 0.97 0.35 0.191 NGC6709
18511654+1016215 4665 82 4.41 0.22 0.36 0.07 0.71 0.00 0.191 NGC6709
18511739+1011291 6282 64 4.30 0.18 0.18 0.05 2.13 0.00 0.191 NGC6709
18511811+1010368 4792 64 4.57 0.17 0.10 0.05 0.81 0.32 0.191 NGC6709
18511861+1020466 5099 81 2.54 0.22 -0.19 0.08 1.82 0.22 0.191 NGC6709
18511890+1010579 5701 71 4.32 0.21 0.23 0.05 2.41 0.14 0.191 NGC6709
18511900+1013042 6019 64 3.98 0.17 -0.17 0.05 2.32 0.12 0.191 NGC6709
18511932+1024304 4559 83 2.64 0.22 -0.86 0.08 0.72 0.00 0.191 NGC6709
18512020+1012013 5321 65 3.80 0.17 -0.17 0.06 2.11 0.16 0.191 NGC6709
18512057+1012297 5841 65 3.98 0.17 0.00 0.05 2.55 0.09 0.191 NGC6709
18512286+1016264 4599 64 4.41 0.18 0.17 0.05 0.76 0.00 0.191 NGC6709
18512297+1012054 5088 81 2.81 0.22 -0.08 0.08 1.76 0.21 0.191 NGC6709
18512317+1011069 5244 83 3.62 0.22 0.02 0.08 1.82 0.00 0.191 NGC6709
18512359+1016426 6369 64 4.17 0.18 0.15 0.05 2.16 0.30 0.191 NGC6709
18512410+1013081 6263 64 4.16 0.18 -0.02 0.05 2.90 0.06 0.191 NGC6709
18512496+1011436 4769 81 3.44 0.21 0.06 0.08 0.73 0.00 0.191 NGC6709
18512513+1025381 5457 65 4.54 0.17 0.12 0.05 1.58 0.00 0.191 NGC6709
18512624+1010046 5905 63 4.33 0.18 -0.15 0.06 2.24 0.10 0.191 NGC6709
18512651+1012446 5897 65 4.06 0.17 0.29 0.05 2.54 0.12 0.191 NGC6709
18512656+1012597 5670 65 3.97 0.17 -0.21 0.05 1.94 0.00 0.191 NGC6709
18512785+1020163 5756 66 4.12 0.17 -0.12 0.05 2.91 0.07 0.191 NGC6709
18512859+1014213 5666 65 4.05 0.17 0.21 0.06 1.66 0.00 0.191 NGC6709
18512903+1020089 5206 62 4.32 0.17 -0.03 0.05 2.57 0.09 0.191 NGC6709
18512923+1016355 5487 69 4.44 0.21 -0.01 0.05 1.67 0.27 0.191 NGC6709
18512968+1014303 5980 66 4.16 0.17 0.01 0.05 2.57 0.09 0.191 NGC6709
18513066+1013582 5299 83 4.48 0.22 -0.27 0.08 1.61 0.00 0.191 NGC6709
18513227+1020024 5470 66 4.76 0.17 0.37 0.05 1.59 0.23 0.191 NGC6709
18513256+1022195 5418 82 3.65 0.22 -0.61 0.08 1.94 0.17 0.191 NGC6709
18513258+1025524 5677 72 4.35 0.21 0.19 0.05 1.86 0.28 0.191 NGC6709
18513415+1020590 4923 79 3.31 0.22 0.01 0.08 1.19 0.00 0.191 NGC6709
18513424+1019133 5253 65 3.36 0.17 0.24 0.05 1.68 0.00 0.191 NGC6709
18513573+1017244 4759 74 4.14 0.18 -0.11 0.09 2.04 0.12 0.191 NGC6709
18513637+1016072 5416 82 4.49 0.22 0.45 0.04 2.15 0.00 0.191 NGC6709
18513704+1016498 5656 80 3.50 0.22 0.31 0.07 2.41 0.20 0.191 NGC6709
18513769+1016410 5908 66 4.53 0.17 0.27 0.05 2.06 0.00 0.191 NGC6709
18513813+1021045 4659 82 3.11 0.22 -0.58 0.08 1.04 0.00 0.191 NGC6709
18514036+1023514 5920 64 4.56 0.18 0.31 0.06 2.21 0.13 0.191 NGC6709
18514314+1015270 5039 82 3.32 0.22 0.02 0.08 1.66 0.20 0.191 NGC6709
18514491+1021219 6507 64 4.10 0.17 -0.09 0.05 2.13 0.00 0.191 NGC6709
18514799+1016502 5844 62 4.59 0.17 0.21 0.05 2.54 0.13 0.191 NGC6709
18504828+1020505 5128 82 4.30 0.22 -0.34 0.08 1.20 0.00 0.191 NGC6709
18505085+1023146 5082 64 4.02 0.17 -0.05 0.05 2.11 0.12 0.191 NGC6709
18505199+1020092 6356 65 4.22 0.17 0.32 0.05 2.58 0.16 0.191 NGC6709
18505312+1023168 5077 82 3.42 0.22 -0.48 0.08 1.62 0.00 0.191 NGC6709
18510389+1022013 5939 67 4.05 0.17 -0.20 0.06 2.28 0.19 0.191 NGC6709
18510401+1026119 4916 96 3.35 0.26 -1.25 0.16 1.34 0.00 0.191 NGC6709
18510829+1012421 5840 103 4.15 0.33 0.36 0.08 1.99 0.00 0.191 NGC6709
18510925+1011244 6725 97 4.78 0.27 0.06 0.15 2.54 0.00 0.191 NGC6709
18511029+1015547 5345 66 4.39 0.17 0.21 0.05 1.65 0.00 0.191 NGC6709
18511109+1021068 4548 81 3.80 0.22 0.01 0.08 0.63 0.00 0.191 NGC6709
18511165+1012311 6537 77 3.99 0.18 0.05 0.09 2.63 0.00 0.191 NGC6709
18511169+1026345 5660 64 4.38 0.18 0.45 0.03 1.70 0.00 0.191 NGC6709
18511318+1016230 5292 82 3.68 0.22 0.29 0.08 1.85 0.00 0.191 NGC6709
18511672+1026373 5759 82 4.51 0.22 0.21 0.08 2.38 0.25 0.191 NGC6709
18511676+1014591 5921 63 4.56 0.18 0.34 0.05 2.23 0.00 0.191 NGC6709
18511988+1015124 5828 66 4.25 0.17 0.34 0.05 2.06 0.31 0.191 NGC6709
18512225+1012232 6200 64 4.24 0.18 -0.16 0.05 2.59 0.11 0.191 NGC6709
18512348+1011378 5619 82 4.16 0.22 -0.14 0.07 2.02 0.00 0.191 NGC6709
18512403+1016100 6124 82 3.86 0.22 0.34 0.07 2.69 0.17 0.191 NGC6709
18512794+1018403 5604 103 4.26 0.34 0.35 0.08 2.36 0.20 0.191 NGC6709
18512905+1011541 5632 82 4.13 0.22 0.40 0.06 2.14 0.25 0.191 NGC6709
18513236+1015116 6046 64 4.48 0.18 0.08 0.05 2.04 0.52 0.191 NGC6709
18514305+1022409 6027 67 4.46 0.18 -0.20 0.06 2.72 0.09 0.191 NGC6709
18514576+1022553 6313 66 4.31 0.17 0.17 0.05 2.92 0.11 0.191 NGC6709
18514677+1021531 5012 81 3.56 0.22 0.14 0.08 1.43 0.41 0.191 NGC6709
18514710+1015484 5891 67 4.13 0.17 0.19 0.05 2.33 0.00 0.191 NGC6709
18514932+1020445 5486 82 4.52 0.22 0.32 0.08 1.99 0.25 0.191 NGC6709
18514943+1017544 5938 80 4.07 0.22 -0.19 0.07 2.91 0.19 0.191 NGC6709
18514970+1019101 5867 102 4.44 0.34 0.44 0.05 2.22 0.33 0.191 NGC6709
18504767+1017474 5128 64 3.64 0.18 -0.33 0.05 1.67 0.16 0.191 NGC6709
18504826+1018056 4986 65 3.08 0.18 -0.47 0.05 0.68 0.32 0.191 NGC6709
18504888+1016199 4789 64 2.85 0.18 -0.23 0.06 0.63 0.00 0.191 NGC6709
18504891+1017517 5464 66 3.99 0.18 0.43 0.04 1.89 0.00 0.191 NGC6709
18504928+1017406 5007 65 3.18 0.17 -0.29 0.06 1.38 0.17 0.191 NGC6709
18505050+1019116 4633 62 2.47 0.18 -0.23 0.05 0.57 0.33 0.191 NGC6709
18505197+1021513 5456 65 3.96 0.18 0.22 0.05 2.31 0.12 0.191 NGC6709
18505224+1022150 4366 76 4.17 0.18 -0.08 0.10 0.66 0.21 0.191 NGC6709
18505228+1022439 5218 64 4.85 0.17 0.03 0.05 1.43 0.20 0.191 NGC6709
18505245+1017200 5006 65 3.43 0.18 -0.61 0.05 1.18 0.00 0.191 NGC6709
18505331+1024018 5925 65 4.29 0.17 -0.05 0.05 2.76 0.07 0.191 NGC6709
18505336+1018570 4742 67 2.30 0.17 -0.57 0.05 1.05 0.21 0.191 NGC6709
18505390+1024132 4231 74 4.89 0.18 -0.21 0.09 0.50 0.21 0.191 NGC6709
18505473+1013406 5595 64 4.34 0.17 0.24 0.05 1.06 0.46 0.191 NGC6709
18505594+1022541 4778 67 2.90 0.17 0.07 0.05 0.73 0.60 0.191 NGC6709
18505693+1018258 4801 62 2.93 0.17 -0.35 0.05 1.17 0.18 0.191 NGC6709
18505702+1022148 5662 66 4.13 0.17 0.07 0.05 2.24 0.10 0.191 NGC6709
18505727+1024571 5875 63 4.47 0.17 0.21 0.05 1.90 0.22 0.191 NGC6709
18510003+1025077 4013 77 4.50 0.18 -0.09 0.09 -1.00 0.00 0.191 NGC6709
18510054+1019279 4558 74 4.71 0.18 -0.06 0.10 1.70 0.11 0.191 NGC6709
18510205+1022037 5479 63 3.78 0.17 0.12 0.05 1.82 0.16 0.191 NGC6709
18510339+1019458 4678 65 2.79 0.18 -0.19 0.05 0.80 0.25 0.191 NGC6709
18510417+1012432 5972 66 4.28 0.18 -0.24 0.05 2.94 0.07 0.191 NGC6709
18510632+1025501 4878 80 2.61 0.21 -0.46 0.08 0.88 0.00 0.191 NGC6709
18510656+1022350 4089 99 4.30 0.26 0.34 0.11 -0.22 0.95 0.191 NGC6709
18510668+1019458 5036 65 2.61 0.17 -1.46 0.06 1.61 0.12 0.191 NGC6709
18510692+1018092 6285 64 4.15 0.18 -0.07 0.06 2.57 0.08 0.191 NGC6709
18510739+1013143 5923 65 4.40 0.17 -0.37 0.06 2.53 0.09 0.191 NGC6709
18510844+1022579 6329 65 4.23 0.17 0.09 0.05 3.07 0.06 0.191 NGC6709
18510909+1023233 5685 66 4.43 0.17 0.06 0.05 1.86 0.14 0.191 NGC6709
18510940+1011309 5322 67 4.30 0.21 0.23 0.05 1.65 0.00 0.191 NGC6709
18511011+1018171 5075 65 3.46 0.17 0.18 0.06 1.22 0.24 0.191 NGC6709
18511022+1026459 5165 63 3.09 0.18 0.10 0.05 1.45 0.18 0.191 NGC6709
18511071+1013322 5246 64 4.16 0.17 0.23 0.05 1.40 0.00 0.191 NGC6709
18511185+1026175 5206 64 4.49 0.18 -0.06 0.06 1.14 0.00 0.191 NGC6709
18511332+1026058 4769 64 3.14 0.17 0.41 0.05 1.30 0.00 0.191 NGC6709
18511388+1011319 5818 67 4.30 0.18 0.02 0.05 1.60 0.00 0.191 NGC6709
18511488+1013416 5854 64 4.35 0.17 -0.06 0.05 2.47 0.07 0.191 NGC6709
18511555+1011073 5179 63 3.76 0.17 -0.51 0.06 1.04 0.00 0.191 NGC6709
18511699+1024456 4935 65 3.14 0.17 -0.21 0.05 1.24 0.25 0.191 NGC6709
18511716+1026214 4994 82 3.46 0.22 0.16 0.08 1.01 0.55 0.191 NGC6709
18511720+1011362 4860 78 3.43 0.22 0.30 0.07 1.02 0.00 0.191 NGC6709
18511919+1013511 6085 64 4.39 0.17 0.19 0.05 2.61 0.07 0.191 NGC6709
18512043+1014524 6174 65 4.12 0.17 0.31 0.05 1.88 0.31 0.191 NGC6709
18512301+1026152 5499 67 4.13 0.18 0.38 0.05 1.55 0.17 0.191 NGC6709
18512346+1013458 4681 66 2.54 0.17 -0.21 0.05 0.73 0.00 0.191 NGC6709
18512378+1018223 5529 65 3.98 0.17 -0.16 0.06 1.98 0.15 0.191 NGC6709
18512378+1028262 5892 67 4.61 0.18 0.38 0.05 2.58 0.11 0.191 NGC6709
18512562+1025401 5803 65 4.17 0.18 -0.06 0.05 2.97 0.06 0.191 NGC6709
18512659+1025504 5078 64 3.53 0.17 -0.10 0.05 1.21 0.00 0.191 NGC6709
18512780+1010139 5914 63 4.32 0.18 0.41 0.05 2.52 0.11 0.191 NGC6709
18512794+1012054 5962 67 4.45 0.17 0.39 0.05 2.15 0.18 0.191 NGC6709
18512817+1025240 4237 78 4.55 0.18 -0.03 0.09 0.47 0.00 0.191 NGC6709
18512893+1016166 4563 80 3.06 0.22 -0.52 0.08 0.83 0.31 0.191 NGC6709
18512956+1026279 5801 67 4.41 0.17 0.37 0.05 2.06 0.00 0.191 NGC6709
18512960+1016465 6244 65 3.97 0.18 -0.37 0.06 1.65 0.00 0.191 NGC6709
18513037+1025364 5993 66 4.56 0.17 0.40 0.05 2.62 0.10 0.191 NGC6709
18513276+1014506 5473 63 4.16 0.17 0.37 0.05 1.11 1.23 0.191 NGC6709
18513334+1013531 4741 82 4.61 0.21 0.21 0.08 1.03 0.33 0.191 NGC6709
18513370+1022578 6209 66 4.27 0.17 0.04 0.05 2.76 0.09 0.191 NGC6709
18513416+1026420 5731 79 3.89 0.21 0.48 0.02 2.19 0.32 0.191 NGC6709
18513474+1018162 4847 82 2.74 0.22 -0.51 0.08 0.79 0.00 0.191 NGC6709
18513534+1012357 6079 64 4.07 0.17 -0.17 0.05 2.28 0.12 0.191 NGC6709
18513562+1025154 5094 65 4.36 0.18 0.01 0.05 2.28 0.09 0.191 NGC6709
18513608+1012463 4577 79 2.75 0.22 -0.62 0.08 0.70 0.00 0.191 NGC6709
18513781+1017083 6251 65 4.24 0.17 -0.13 0.06 2.11 0.22 0.191 NGC6709
18513853+1019264 5652 66 4.48 0.18 -0.07 0.06 3.01 0.08 0.191 NGC6709
18513860+1017146 4947 82 3.05 0.22 -0.22 0.08 1.43 0.00 0.191 NGC6709
18513883+1013153 5076 83 3.63 0.22 -0.42 0.07 2.16 0.19 0.191 NGC6709
18513928+1020380 5033 64 2.91 0.17 -0.24 0.05 0.92 0.00 0.191 NGC6709
18514085+1022213 4412 82 3.75 0.22 0.26 0.08 0.96 0.20 0.191 NGC6709
18514109+1026534 5667 65 3.94 0.18 -0.40 0.05 2.51 0.11 0.191 NGC6709
18514249+1022592 5225 64 4.07 0.17 -0.24 0.06 1.29 0.00 0.191 NGC6709
18514261+1018358 4727 82 2.44 0.22 -0.38 0.08 0.65 0.00 0.191 NGC6709
18514277+1022071 6225 64 4.10 0.17 -0.23 0.05 2.34 0.09 0.191 NGC6709
18514318+1021324 4802 63 4.61 0.18 0.17 0.05 1.03 0.00 0.191 NGC6709
18514389+1015345 6370 64 4.01 0.18 -0.02 0.05 2.45 0.11 0.191 NGC6709
18514405+1019313 5774 64 4.46 0.17 0.25 0.05 1.98 0.14 0.191 NGC6709
18514458+1018106 4974 65 3.17 0.17 0.19 0.05 1.20 0.32 0.191 NGC6709
18514483+1020577 6473 66 4.37 0.18 -0.04 0.06 3.19 0.07 0.191 NGC6709
18514492+1016509 5941 64 4.20 0.18 0.20 0.05 2.73 0.07 0.191 NGC6709
18514538+1017267 5521 64 4.24 0.18 0.22 0.05 1.73 0.19 0.191 NGC6709
18514578+1015462 5750 66 4.41 0.17 0.40 0.05 2.32 0.12 0.191 NGC6709
18514646+1021149 5026 65 3.35 0.17 0.21 0.06 1.12 0.25 0.191 NGC6709
18514727+1021357 4671 64 4.70 0.18 0.28 0.05 0.54 0.58 0.191 NGC6709
18514771+1017223 6134 64 4.02 0.18 -0.14 0.05 1.77 0.00 0.191 NGC6709
18514896+1018483 5493 82 4.06 0.22 -0.23 0.07 2.29 0.17 0.191 NGC6709
18515017+1018363 5530 65 4.34 0.18 0.41 0.05 2.10 0.20 0.191 NGC6709
