OBJECT TEFF E_TEFF LOGG E_LOGG FEH E_FEH LI1 E_LI1 "AGE (Gyr)" GES_FLD
18334684-1022210 6160 93 4.20 0.13 0.03 0.09 3.29 0.11 0.071 NGC6649
18334386-1027451 5423 83 4.40 0.25 0.22 0.08 1.98 0.14 0.071 NGC6649
18333543-1025562 6865 96 4.22 0.16 0.00 0.14 3.33 0.17 0.071 NGC6649
18333884-1026586 6221 84 4.28 0.29 0.34 0.13 2.84 0.14 0.071 NGC6649
18334072-1028385 6149 81 4.41 0.33 0.29 0.14 2.59 0.19 0.071 NGC6649
18332141-1028074 6211 96 4.68 0.70 -0.10 0.23 3.07 0.14 0.071 NGC6649
18334525-1027003 5882 98 5.02 0.70 0.01 0.19 2.43 0.21 0.071 NGC6649
18331701-1023594 6759 98 4.11 0.57 -0.13 0.25 3.48 0.12 0.071 NGC6649
18341020-1022155 6813 96 4.16 0.14 0.01 0.14 3.28 0.21 0.071 NGC6649
18330565-1023177 6679 94 4.57 1.61 -1.68 1.17 2.49 0.00 0.071 NGC6649
18330835-1021365 6256 82 4.01 0.22 0.09 0.09 2.06 0.00 0.071 NGC6649
18332010-1029295 6594 97 3.98 0.65 0.34 0.24 3.81 0.15 0.071 NGC6649
18333952-1025492 5455 99 4.05 0.73 0.12 0.17 3.01 0.19 0.071 NGC6649
