recno Teff e_Teff ALi e_ALi Age pe_Age ne_Age
1 3404.2 50.1 -1.0 0.0 30.0e+006 3.0e+006 -5.0e+006 
3 3550.5 52.5 -1.0 0.0 30.0e+006 3.0e+006 -5.0e+006 
4 4361.1 77.3 2.03 0.1 30.0e+006 3.0e+006 -5.0e+006 
5 3556.4 52.2 -0.42 0.28 30.0e+006 3.0e+006 -5.0e+006 
6 3357.2 52.5 0.03 0.19 30.0e+006 3.0e+006 -5.0e+006 
7 3828.4 58.3 1.36 0.06 30.0e+006 3.0e+006 -5.0e+006 
8 3216.8 48.0 -1.0 0.0 30.0e+006 3.0e+006 -5.0e+006 
9 6269.0 80.0 3.38 0.06 30.0e+006 3.0e+006 -5.0e+006 
11 5176.0 96.0 2.82 0.12 30.0e+006 3.0e+006 -5.0e+006 
12 5901.0 82.0 3.37 0.08 30.0e+006 3.0e+006 -5.0e+006 
14 5870.0 35.0 3.13 0.03 30.0e+006 3.0e+006 -5.0e+006 
15 3354.6 52.6 -1.0 0.0 30.0e+006 3.0e+006 -5.0e+006 
16 3651.3 54.8 0.18 0.17 30.0e+006 3.0e+006 -5.0e+006 
17 3190.9 48.8 -0.75 0.0 30.0e+006 3.0e+006 -5.0e+006 
18 5591.0 40.0 3.18 0.04 30.0e+006 3.0e+006 -5.0e+006 
19 5400.0 81.0 3.2 0.1 30.0e+006 3.0e+006 -5.0e+006 
21 5874.0 50.0 3.36 0.05 30.0e+006 3.0e+006 -5.0e+006 
22 3715.0 55.4 -0.33 0.31 30.0e+006 3.0e+006 -5.0e+006 
23 3640.2 53.6 -0.32 0.26 30.0e+006 3.0e+006 -5.0e+006 
24 5664.0 82.0 3.17 0.08 30.0e+006 3.0e+006 -5.0e+006 
25 3329.7 51.9 -0.25 0.23 30.0e+006 3.0e+006 -5.0e+006 
26 3639.8 53.7 -1.0 0.0 30.0e+006 3.0e+006 -5.0e+006 
27 5257.0 81.0 2.78 0.1 30.0e+006 3.0e+006 -5.0e+006 
28 4094.2 67.4 0.37 0.12 30.0e+006 3.0e+006 -5.0e+006 
29 6495.0 38.0 3.23 0.03 30.0e+006 3.0e+006 -5.0e+006 
30 6036.0 83.0 3.15 0.07 30.0e+006 3.0e+006 -5.0e+006 
31 5880.0 55.0 3.26 0.05 30.0e+006 3.0e+006 -5.0e+006 
32 4100.1 64.7 2.24 0.05 30.0e+006 3.0e+006 -5.0e+006 
34 5422.0 81.0 2.86 0.09 30.0e+006 3.0e+006 -5.0e+006 
35 5776.0 57.0 3.75 0.06 30.0e+006 3.0e+006 -5.0e+006 
36 6583.0 42.0 3.44 0.03 30.0e+006 3.0e+006 -5.0e+006 
37 3310.2 51.0 -0.14 0.2 30.0e+006 3.0e+006 -5.0e+006 
38 5197.0 83.0 3.02 0.11 30.0e+006 3.0e+006 -5.0e+006 
39 3834.2 58.2 1.15 0.06 30.0e+006 3.0e+006 -5.0e+006 
40 3172.6 46.9 -0.19 0.22 30.0e+006 3.0e+006 -5.0e+006 
41 3981.6 62.1 0.96 0.08 30.0e+006 3.0e+006 -5.0e+006 
42 5148.0 84.0 2.17 0.1 30.0e+006 3.0e+006 -5.0e+006 
