recno Teff e_Teff ALi e_ALi Age pe_Age ne_Age
1 3399.8 49.6 0.34 0.11 35.0e+006 4.0e+006 -4.0e+006 
2 3891.0 59.6 -0.36 0.45 35.0e+006 4.0e+006 -4.0e+006 
3 3362.7 51.8 -1.0 0.0 35.0e+006 4.0e+006 -4.0e+006 
4 3226.5 49.5 -0.84 0.33 35.0e+006 4.0e+006 -4.0e+006 
5 3147.3 48.6 0.97 0.19 35.0e+006 4.0e+006 -4.0e+006 
6 3148.3 46.2 -0.58 0.0 35.0e+006 4.0e+006 -4.0e+006 
7 3434.7 50.5 -0.46 0.26 35.0e+006 4.0e+006 -4.0e+006 
8 4274.0 69.0 1.83 0.06 35.0e+006 4.0e+006 -4.0e+006 
9 3517.6 51.5 0.17 0.13 35.0e+006 4.0e+006 -4.0e+006 
10 3305.2 52.1 -0.32 0.22 35.0e+006 4.0e+006 -4.0e+006 
12 3354.4 59.9 -0.89 0.0 35.0e+006 4.0e+006 -4.0e+006 
13 4468.5 74.7 2.77 0.1 35.0e+006 4.0e+006 -4.0e+006 
14 3376.7 48.7 -1.0 0.0 35.0e+006 4.0e+006 -4.0e+006 
15 3559.9 52.2 0.09 0.15 35.0e+006 4.0e+006 -4.0e+006 
16 4574.0 93.0 2.12 0.13 35.0e+006 4.0e+006 -4.0e+006 
17 3208.4 46.8 0.53 0.11 35.0e+006 4.0e+006 -4.0e+006 
18 6243.0 98.0 3.2 0.08 35.0e+006 4.0e+006 -4.0e+006 
19 3419.5 49.3 -1.0 0.0 35.0e+006 4.0e+006 -4.0e+006 
20 3239.9 54.3 -1.0 0.0 35.0e+006 4.0e+006 -4.0e+006 
21 4516.6 77.4 1.96 0.1 35.0e+006 4.0e+006 -4.0e+006 
22 3209.6 45.5 -1.0 0.0 35.0e+006 4.0e+006 -4.0e+006 
23 3611.6 52.9 -0.22 0.22 35.0e+006 4.0e+006 -4.0e+006 
24 3272.8 46.9 -0.63 0.08 35.0e+006 4.0e+006 -4.0e+006 
25 3300.8 48.1 -1.0 0.0 35.0e+006 4.0e+006 -4.0e+006 
27 3185.1 54.2 -0.6 0.5 35.0e+006 4.0e+006 -4.0e+006 
28 5113.0 57.0 3.19 0.08 35.0e+006 4.0e+006 -4.0e+006 
29 3439.6 49.1 -0.56 0.08 35.0e+006 4.0e+006 -4.0e+006 
30 4023.8 62.4 2.18 0.05 35.0e+006 4.0e+006 -4.0e+006 
31 3743.8 56.2 0.07 0.19 35.0e+006 4.0e+006 -4.0e+006 
32 5261.0 38.0 2.88 0.05 35.0e+006 4.0e+006 -4.0e+006 
33 6286.0 38.0 3.26 0.03 35.0e+006 4.0e+006 -4.0e+006 
34 3638.1 53.3 -0.68 0.37 35.0e+006 4.0e+006 -4.0e+006 
36 3254.7 47.1 -0.88 0.1 35.0e+006 4.0e+006 -4.0e+006 
38 3725.7 55.5 0.08 0.17 35.0e+006 4.0e+006 -4.0e+006 
39 3192.0 47.1 -0.47 0.13 35.0e+006 4.0e+006 -4.0e+006 
44 3880.9 59.0 -0.33 0.26 35.0e+006 4.0e+006 -4.0e+006 
45 3191.5 50.3 -0.7 0.0 35.0e+006 4.0e+006 -4.0e+006 
46 3471.1 52.9 -1.0 0.0 35.0e+006 4.0e+006 -4.0e+006 
47 3382.8 50.1 -0.14 0.17 35.0e+006 4.0e+006 -4.0e+006 
49 3299.6 50.8 -1.0 0.0 35.0e+006 4.0e+006 -4.0e+006 
50 5650.0 55.0 3.68 0.07 35.0e+006 4.0e+006 -4.0e+006 
51 6093.0 41.0 3.33 0.04 35.0e+006 4.0e+006 -4.0e+006 
52 3291.6 47.7 -0.3 0.14 35.0e+006 4.0e+006 -4.0e+006 
53 5895.0 82.0 3.38 0.08 35.0e+006 4.0e+006 -4.0e+006 
54 3458.7 50.6 -1.0 0.0 35.0e+006 4.0e+006 -4.0e+006 
56 4344.0 37.0 0.6 0.08 35.0e+006 4.0e+006 -4.0e+006 
57 3396.6 50.4 -0.21 0.19 35.0e+006 4.0e+006 -4.0e+006 
58 4004.8 62.1 0.65 0.09 35.0e+006 4.0e+006 -4.0e+006 
59 3395.7 55.1 -0.47 0.44 35.0e+006 4.0e+006 -4.0e+006 
62 5111.0 81.0 3.11 0.11 35.0e+006 4.0e+006 -4.0e+006 
63 3429.6 50.1 -1.0 0.0 35.0e+006 4.0e+006 -4.0e+006 
64 3571.3 52.3 -0.54 0.37 35.0e+006 4.0e+006 -4.0e+006 
65 6036.0 58.0 3.42 0.05 35.0e+006 4.0e+006 -4.0e+006 
66 3182.6 45.9 0.57 0.11 35.0e+006 4.0e+006 -4.0e+006 
68 3322.8 59.5 -1.0 0.0 35.0e+006 4.0e+006 -4.0e+006 
69 3227.8 48.1 -1.0 0.0 35.0e+006 4.0e+006 -4.0e+006 
70 3936.1 60.4 1.9 0.04 35.0e+006 4.0e+006 -4.0e+006 
71 5257.0 36.0 2.21 0.04 35.0e+006 4.0e+006 -4.0e+006 
72 4300.0 46.0 1.99 0.07 35.0e+006 4.0e+006 -4.0e+006 
74 3166.9 52.0 -1.0 0.0 35.0e+006 4.0e+006 -4.0e+006 
76 6155.0 95.0 3.38 0.08 35.0e+006 4.0e+006 -4.0e+006 
77 5218.0 38.0 2.82 0.05 35.0e+006 4.0e+006 -4.0e+006 
78 3493.1 50.4 -0.43 0.21 35.0e+006 4.0e+006 -4.0e+006 
79 3584.4 53.2 -0.07 0.0 35.0e+006 4.0e+006 -4.0e+006 
80 3624.7 53.0 -1.0 0.0 35.0e+006 4.0e+006 -4.0e+006 
81 5915.0 94.0 2.93 0.09 35.0e+006 4.0e+006 -4.0e+006 
82 5724.0 94.0 3.04 0.09 35.0e+006 4.0e+006 -4.0e+006 
83 5003.0 37.0 3.04 0.05 35.0e+006 4.0e+006 -4.0e+006 
84 3378.3 51.2 0.01 0.15 35.0e+006 4.0e+006 -4.0e+006 
85 3401.9 49.8 -1.0 0.0 35.0e+006 4.0e+006 -4.0e+006 
86 3425.7 49.5 -0.24 0.16 35.0e+006 4.0e+006 -4.0e+006 
87 3656.9 53.7 -0.21 0.23 35.0e+006 4.0e+006 -4.0e+006 
88 3560.7 51.7 -0.39 0.26 35.0e+006 4.0e+006 -4.0e+006 
89 4220.0 38.0 1.03 0.05 35.0e+006 4.0e+006 -4.0e+006 
90 5994.0 81.0 3.34 0.07 35.0e+006 4.0e+006 -4.0e+006 
91 5561.0 83.0 3.05 0.09 35.0e+006 4.0e+006 -4.0e+006 
92 3262.8 47.4 -1.0 0.0 35.0e+006 4.0e+006 -4.0e+006 
93 5870.0 38.0 3.56 0.04 35.0e+006 4.0e+006 -4.0e+006 
94 3190.3 54.8 -1.0 0.0 35.0e+006 4.0e+006 -4.0e+006 
95 3577.2 52.0 0.04 0.08 35.0e+006 4.0e+006 -4.0e+006 
96 3454.3 50.4 -1.0 0.0 35.0e+006 4.0e+006 -4.0e+006 
97 6087.0 81.0 3.47 0.07 35.0e+006 4.0e+006 -4.0e+006 
98 4526.0 35.0 1.86 0.05 35.0e+006 4.0e+006 -4.0e+006 
99 3749.6 56.4 -0.12 0.24 35.0e+006 4.0e+006 -4.0e+006 
100 4080.5 63.9 1.44 0.07 35.0e+006 4.0e+006 -4.0e+006 
101 3270.3 47.4 -1.0 0.0 35.0e+006 4.0e+006 -4.0e+006 
102 3188.8 50.0 -1.0 0.0 35.0e+006 4.0e+006 -4.0e+006 
103 3782.0 48.0 0.23 0.12 35.0e+006 4.0e+006 -4.0e+006 
104 3354.9 49.5 -0.58 0.36 35.0e+006 4.0e+006 -4.0e+006 
105 4796.0 37.0 2.49 0.05 35.0e+006 4.0e+006 -4.0e+006 
106 3866.2 58.8 0.98 0.07 35.0e+006 4.0e+006 -4.0e+006 
107 3245.0 47.4 -1.0 0.0 35.0e+006 4.0e+006 -4.0e+006 
108 3114.0 44.6 0.65 0.18 35.0e+006 4.0e+006 -4.0e+006 
109 4273.6 70.2 1.42 0.08 35.0e+006 4.0e+006 -4.0e+006 
110 6239.0 94.0 3.22 0.07 35.0e+006 4.0e+006 -4.0e+006 
111 3152.7 48.2 -0.08 0.22 35.0e+006 4.0e+006 -4.0e+006 
112 3310.7 50.5 0.0 0.17 35.0e+006 4.0e+006 -4.0e+006 
113 3723.0 48.0 -0.68 0.42 35.0e+006 4.0e+006 -4.0e+006 
114 3195.0 50.7 0.83 0.12 35.0e+006 4.0e+006 -4.0e+006 
115 3111.7 42.8 -1.0 0.0 35.0e+006 4.0e+006 -4.0e+006 
116 3332.3 48.4 -1.0 0.0 35.0e+006 4.0e+006 -4.0e+006 
117 5841.0 41.0 3.32 0.04 35.0e+006 4.0e+006 -4.0e+006 
118 3462.3 49.6 -0.69 0.31 35.0e+006 4.0e+006 -4.0e+006 
119 3175.7 45.4 -1.0 0.0 35.0e+006 4.0e+006 -4.0e+006 
121 3314.6 53.6 -1.0 0.0 35.0e+006 4.0e+006 -4.0e+006 
123 5706.0 81.0 2.98 0.08 35.0e+006 4.0e+006 -4.0e+006 
124 3170.8 50.3 -0.04 0.29 35.0e+006 4.0e+006 -4.0e+006 
125 5331.0 35.0 2.7 0.04 35.0e+006 4.0e+006 -4.0e+006 
126 5748.0 81.0 3.32 0.08 35.0e+006 4.0e+006 -4.0e+006 
129 3432.2 50.1 -0.81 0.34 35.0e+006 4.0e+006 -4.0e+006 
130 3267.2 60.6 0.1 0.29 35.0e+006 4.0e+006 -4.0e+006 
131 3515.4 50.8 -0.52 0.31 35.0e+006 4.0e+006 -4.0e+006 
132 3318.2 61.9 -0.47 0.47 35.0e+006 4.0e+006 -4.0e+006 
133 6984.0 86.0 3.27 0.05 35.0e+006 4.0e+006 -4.0e+006 
134 3167.4 46.0 -0.14 0.0 35.0e+006 4.0e+006 -4.0e+006 
136 3921.4 60.1 1.08 0.06 35.0e+006 4.0e+006 -4.0e+006 
137 3227.4 57.8 -0.44 0.35 35.0e+006 4.0e+006 -4.0e+006 
138 3316.3 49.6 -1.0 0.0 35.0e+006 4.0e+006 -4.0e+006 
139 3531.0 52.1 -0.16 0.21 35.0e+006 4.0e+006 -4.0e+006 
140 3153.3 49.2 -0.57 0.44 35.0e+006 4.0e+006 -4.0e+006 
142 3794.9 57.3 -0.44 0.41 35.0e+006 4.0e+006 -4.0e+006 
143 3685.3 54.5 -0.18 0.21 35.0e+006 4.0e+006 -4.0e+006 
144 5375.0 80.0 2.93 0.09 35.0e+006 4.0e+006 -4.0e+006 
145 3364.5 53.7 -1.0 0.0 35.0e+006 4.0e+006 -4.0e+006 
146 3157.0 52.0 0.93 0.17 35.0e+006 4.0e+006 -4.0e+006 
