recno Teff e_Teff ALi e_ALi Age pe_Age ne_Age
216 4369.0 73.0 0.6 0.15 138.0e+006 48.0e+006 -42.0e+006 
324 4621.0 79.0 1.63 0.11 138.0e+006 48.0e+006 -42.0e+006 
340 4396.0 77.0 0.35 0.16 138.0e+006 48.0e+006 -42.0e+006 
343 3620.0 107.0 0.05 0.36 138.0e+006 48.0e+006 -42.0e+006 
349 4035.0 73.0 -0.2 0.34 138.0e+006 48.0e+006 -42.0e+006 
354 4220.0 76.0 -0.16 0.38 138.0e+006 48.0e+006 -42.0e+006 
361 3441.0 111.0 -1.0 0.0 138.0e+006 48.0e+006 -42.0e+006 
362 4041.0 78.0 0.58 0.14 138.0e+006 48.0e+006 -42.0e+006 
43 4016.0 76.0 0.42 0.16 138.0e+006 48.0e+006 -42.0e+006 
215 3978.0 79.0 0.5 0.17 138.0e+006 48.0e+006 -42.0e+006 
168 4046.0 76.0 0.25 0.0 138.0e+006 48.0e+006 -42.0e+006 
197 4820.0 64.0 0.78 0.12 138.0e+006 48.0e+006 -42.0e+006 
265 3859.0 106.0 0.13 0.36 138.0e+006 48.0e+006 -42.0e+006 
284 4036.0 76.0 1.29 0.0 138.0e+006 48.0e+006 -42.0e+006 
239 4045.0 74.0 2.0 0.08 138.0e+006 48.0e+006 -42.0e+006 
247 6296.0 66.0 3.08 0.05 138.0e+006 48.0e+006 -42.0e+006 
245 6725.0 66.0 3.02 0.05 138.0e+006 48.0e+006 -42.0e+006 
224 3958.0 75.0 0.59 0.14 138.0e+006 48.0e+006 -42.0e+006 
271 4082.0 77.0 -0.57 0.62 138.0e+006 48.0e+006 -42.0e+006 
169 4344.0 76.0 0.85 0.12 138.0e+006 48.0e+006 -42.0e+006 
143 4196.0 76.0 0.84 0.11 138.0e+006 48.0e+006 -42.0e+006 
153 4289.0 76.0 0.4 0.15 138.0e+006 48.0e+006 -42.0e+006 
154 6025.0 66.0 2.78 0.06 138.0e+006 48.0e+006 -42.0e+006 
156 4393.0 75.0 0.18 0.2 138.0e+006 48.0e+006 -42.0e+006 
72 4219.0 78.0 0.71 0.13 138.0e+006 48.0e+006 -42.0e+006 
94 4443.0 76.0 0.68 0.17 138.0e+006 48.0e+006 -42.0e+006 
63 4249.0 76.0 0.48 0.14 138.0e+006 48.0e+006 -42.0e+006 
92 4653.0 65.0 1.22 0.1 138.0e+006 48.0e+006 -42.0e+006 
127 3964.0 76.0 0.37 0.17 138.0e+006 48.0e+006 -42.0e+006 
136 4760.0 64.0 1.45 0.09 138.0e+006 48.0e+006 -42.0e+006 
119 4682.0 66.0 0.43 0.18 138.0e+006 48.0e+006 -42.0e+006 
132 5892.0 67.0 2.9 0.06 138.0e+006 48.0e+006 -42.0e+006 
133 6695.0 64.0 2.67 0.06 138.0e+006 48.0e+006 -42.0e+006 
113 3957.0 79.0 0.47 0.16 138.0e+006 48.0e+006 -42.0e+006 
184 4033.0 107.0 0.79 0.15 138.0e+006 48.0e+006 -42.0e+006 
185 4148.0 77.0 0.27 0.2 138.0e+006 48.0e+006 -42.0e+006 
194 4875.0 65.0 1.95 0.09 138.0e+006 48.0e+006 -42.0e+006 
195 4287.0 74.0 -0.13 0.0 138.0e+006 48.0e+006 -42.0e+006 
232 5745.0 63.0 2.83 0.06 138.0e+006 48.0e+006 -42.0e+006 
222 5911.0 66.0 2.98 0.06 138.0e+006 48.0e+006 -42.0e+006 
209 5238.0 67.0 2.22 0.08 138.0e+006 48.0e+006 -42.0e+006 
226 4166.0 79.0 0.34 0.19 138.0e+006 48.0e+006 -42.0e+006 
206 4577.0 64.0 1.22 0.09 138.0e+006 48.0e+006 -42.0e+006 
225 4372.0 76.0 0.19 0.19 138.0e+006 48.0e+006 -42.0e+006 
262 4177.0 76.0 0.56 0.15 138.0e+006 48.0e+006 -42.0e+006 
254 3187.0 96.0 -1.0 0.0 138.0e+006 48.0e+006 -42.0e+006 
256 4009.0 76.0 0.15 0.2 138.0e+006 48.0e+006 -42.0e+006 
243 5123.0 65.0 2.16 0.08 138.0e+006 48.0e+006 -42.0e+006 
248 6718.0 65.0 2.94 0.05 138.0e+006 48.0e+006 -42.0e+006 
186 5217.0 33.0 2.24 0.04 138.0e+006 48.0e+006 -42.0e+006 
177 5023.0 65.0 2.11 0.08 138.0e+006 48.0e+006 -42.0e+006 
135 4020.0 107.0 -0.5 0.0 138.0e+006 48.0e+006 -42.0e+006 
142 4200.0 107.0 1.63 0.16 138.0e+006 48.0e+006 -42.0e+006 
181 5557.0 37.0 2.7 0.04 138.0e+006 48.0e+006 -42.0e+006 
212 5398.0 64.0 2.54 0.07 138.0e+006 48.0e+006 -42.0e+006 
228 3190.0 98.0 -1.0 0.0 138.0e+006 48.0e+006 -42.0e+006 
246 5111.0 74.0 2.76 0.1 138.0e+006 48.0e+006 -42.0e+006 
191 5115.0 63.0 2.6 0.08 138.0e+006 48.0e+006 -42.0e+006 
192 5069.0 78.0 2.9 0.11 138.0e+006 48.0e+006 -42.0e+006 
12 3387.0 105.0 -0.84 0.42 138.0e+006 48.0e+006 -42.0e+006 
14 4429.0 76.0 0.09 0.24 138.0e+006 48.0e+006 -42.0e+006 
33 3830.0 104.0 0.7 0.16 138.0e+006 48.0e+006 -42.0e+006 
11 4008.0 76.0 0.02 0.27 138.0e+006 48.0e+006 -42.0e+006 
10 3620.0 108.0 -0.5 0.59 138.0e+006 48.0e+006 -42.0e+006 
13 4167.0 75.0 0.03 0.29 138.0e+006 48.0e+006 -42.0e+006 
21 4920.0 66.0 1.96 0.09 138.0e+006 48.0e+006 -42.0e+006 
19 4054.0 108.0 1.03 0.14 138.0e+006 48.0e+006 -42.0e+006 
23 5580.0 66.0 2.92 0.07 138.0e+006 48.0e+006 -42.0e+006 
16 5305.0 35.0 2.67 0.04 138.0e+006 48.0e+006 -42.0e+006 
9 3879.0 108.0 0.6 0.2 138.0e+006 48.0e+006 -42.0e+006 
51 4514.0 64.0 0.18 0.2 138.0e+006 48.0e+006 -42.0e+006 
50 4945.0 64.0 1.79 0.09 138.0e+006 48.0e+006 -42.0e+006 
59 3884.0 74.0 0.21 0.2 138.0e+006 48.0e+006 -42.0e+006 
47 6134.0 42.0 3.24 0.04 138.0e+006 48.0e+006 -42.0e+006 
65 3963.0 78.0 0.43 0.17 138.0e+006 48.0e+006 -42.0e+006 
106 3873.0 75.0 -0.1 0.0 138.0e+006 48.0e+006 -42.0e+006 
108 3847.0 108.0 0.31 0.24 138.0e+006 48.0e+006 -42.0e+006 
93 5107.0 66.0 2.03 0.08 138.0e+006 48.0e+006 -42.0e+006 
95 4089.0 75.0 0.01 0.28 138.0e+006 48.0e+006 -42.0e+006 
100 6310.0 66.0 3.11 0.05 138.0e+006 48.0e+006 -42.0e+006 
37 5863.0 38.0 3.1 0.04 138.0e+006 48.0e+006 -42.0e+006 
45 6230.0 65.0 2.88 0.05 138.0e+006 48.0e+006 -42.0e+006 
60 6546.0 64.0 2.58 0.05 138.0e+006 48.0e+006 -42.0e+006 
71 4203.0 76.0 0.69 0.09 138.0e+006 48.0e+006 -42.0e+006 
82 6014.0 63.0 3.09 0.06 138.0e+006 48.0e+006 -42.0e+006 
78 4536.0 64.0 0.29 0.17 138.0e+006 48.0e+006 -42.0e+006 
86 3671.0 104.0 -0.15 0.42 138.0e+006 48.0e+006 -42.0e+006 
97 3882.0 76.0 0.68 0.14 138.0e+006 48.0e+006 -42.0e+006 
101 6727.0 64.0 3.41 0.05 138.0e+006 48.0e+006 -42.0e+006 
73 4005.0 77.0 1.03 0.12 138.0e+006 48.0e+006 -42.0e+006 
77 4991.0 64.0 2.11 0.08 138.0e+006 48.0e+006 -42.0e+006 
91 4453.0 74.0 2.12 0.1 138.0e+006 48.0e+006 -42.0e+006 
80 4533.0 75.0 1.82 0.1 138.0e+006 48.0e+006 -42.0e+006 
128 4749.0 65.0 1.15 0.1 138.0e+006 48.0e+006 -42.0e+006 
139 3850.0 106.0 0.21 0.31 138.0e+006 48.0e+006 -42.0e+006 
161 4338.0 78.0 0.4 0.16 138.0e+006 48.0e+006 -42.0e+006 
155 3996.0 76.0 0.7 0.0 138.0e+006 48.0e+006 -42.0e+006 
148 3675.0 108.0 0.37 0.26 138.0e+006 48.0e+006 -42.0e+006 
130 4147.0 76.0 0.73 0.12 138.0e+006 48.0e+006 -42.0e+006 
145 6089.0 65.0 3.18 0.06 138.0e+006 48.0e+006 -42.0e+006 
179 4233.0 78.0 0.43 0.15 138.0e+006 48.0e+006 -42.0e+006 
188 3909.0 78.0 0.51 0.17 138.0e+006 48.0e+006 -42.0e+006 
201 6696.0 65.0 2.95 0.05 138.0e+006 48.0e+006 -42.0e+006 
167 5651.0 32.0 2.99 0.04 138.0e+006 48.0e+006 -42.0e+006 
189 5866.0 67.0 2.93 0.06 138.0e+006 48.0e+006 -42.0e+006 
193 4456.0 77.0 0.58 0.12 138.0e+006 48.0e+006 -42.0e+006 
202 6112.0 67.0 3.16 0.06 138.0e+006 48.0e+006 -42.0e+006 
204 4411.0 75.0 0.29 0.19 138.0e+006 48.0e+006 -42.0e+006 
205 6306.0 64.0 2.96 0.05 138.0e+006 48.0e+006 -42.0e+006 
105 3446.0 107.0 -0.01 0.32 138.0e+006 48.0e+006 -42.0e+006 
126 4187.0 78.0 0.82 0.09 138.0e+006 48.0e+006 -42.0e+006 
122 4692.0 65.0 1.8 0.09 138.0e+006 48.0e+006 -42.0e+006 
144 3617.0 107.0 -0.17 0.42 138.0e+006 48.0e+006 -42.0e+006 
146 5084.0 64.0 2.29 0.08 138.0e+006 48.0e+006 -42.0e+006 
138 6295.0 65.0 3.11 0.05 138.0e+006 48.0e+006 -42.0e+006 
134 4232.0 74.0 -0.19 0.42 138.0e+006 48.0e+006 -42.0e+006 
162 3974.0 75.0 0.27 0.19 138.0e+006 48.0e+006 -42.0e+006 
152 6694.0 66.0 2.95 0.05 138.0e+006 48.0e+006 -42.0e+006 
159 5996.0 65.0 3.02 0.06 138.0e+006 48.0e+006 -42.0e+006 
174 6102.0 67.0 3.04 0.05 138.0e+006 48.0e+006 -42.0e+006 
170 4712.0 64.0 1.25 0.1 138.0e+006 48.0e+006 -42.0e+006 
141 5763.0 66.0 2.98 0.06 138.0e+006 48.0e+006 -42.0e+006 
149 5047.0 64.0 2.11 0.08 138.0e+006 48.0e+006 -42.0e+006 
151 4154.0 76.0 0.11 0.27 138.0e+006 48.0e+006 -42.0e+006 
164 5222.0 64.0 2.63 0.08 138.0e+006 48.0e+006 -42.0e+006 
29 4559.0 66.0 0.88 0.09 138.0e+006 48.0e+006 -42.0e+006 
42 3831.0 107.0 0.17 0.0 138.0e+006 48.0e+006 -42.0e+006 
30 6046.0 65.0 3.12 0.06 138.0e+006 48.0e+006 -42.0e+006 
49 5710.0 64.0 2.84 0.06 138.0e+006 48.0e+006 -42.0e+006 
56 3770.0 106.0 0.44 0.24 138.0e+006 48.0e+006 -42.0e+006 
57 3966.0 76.0 0.59 0.14 138.0e+006 48.0e+006 -42.0e+006 
40 5238.0 65.0 2.42 0.08 138.0e+006 48.0e+006 -42.0e+006 
67 3997.0 109.0 0.52 0.0 138.0e+006 48.0e+006 -42.0e+006 
28 3841.0 79.0 0.34 0.2 138.0e+006 48.0e+006 -42.0e+006 
31 4562.0 64.0 0.81 0.08 138.0e+006 48.0e+006 -42.0e+006 
15 5453.0 38.0 3.13 0.05 138.0e+006 48.0e+006 -42.0e+006 
24 4817.0 66.0 1.86 0.08 138.0e+006 48.0e+006 -42.0e+006 
35 4820.0 75.0 2.26 0.11 138.0e+006 48.0e+006 -42.0e+006 
46 4522.0 75.0 0.33 0.17 138.0e+006 48.0e+006 -42.0e+006 
54 4883.0 66.0 2.04 0.09 138.0e+006 48.0e+006 -42.0e+006 
38 4476.0 75.0 0.42 0.15 138.0e+006 48.0e+006 -42.0e+006 
41 3303.0 107.0 -1.0 0.0 138.0e+006 48.0e+006 -42.0e+006 
98 4009.0 75.0 0.22 0.2 138.0e+006 48.0e+006 -42.0e+006 
89 3302.0 107.0 -1.0 0.0 138.0e+006 48.0e+006 -42.0e+006 
88 4275.0 73.0 0.01 0.23 138.0e+006 48.0e+006 -42.0e+006 
117 4297.0 75.0 1.04 0.1 138.0e+006 48.0e+006 -42.0e+006 
107 3301.0 110.0 -1.0 0.0 138.0e+006 48.0e+006 -42.0e+006 
111 5885.0 64.0 2.97 0.06 138.0e+006 48.0e+006 -42.0e+006 
131 4566.0 65.0 0.63 0.11 138.0e+006 48.0e+006 -42.0e+006 
150 4590.0 75.0 2.18 0.11 138.0e+006 48.0e+006 -42.0e+006 
120 5164.0 66.0 2.23 0.09 138.0e+006 48.0e+006 -42.0e+006 
75 5906.0 65.0 2.96 0.06 138.0e+006 48.0e+006 -42.0e+006 
85 5534.0 64.0 2.77 0.07 138.0e+006 48.0e+006 -42.0e+006 
83 3774.0 106.0 0.08 0.33 138.0e+006 48.0e+006 -42.0e+006 
96 3304.0 106.0 -1.0 0.0 138.0e+006 48.0e+006 -42.0e+006 
81 5125.0 65.0 1.9 0.08 138.0e+006 48.0e+006 -42.0e+006 
62 4027.0 78.0 0.57 0.0 138.0e+006 48.0e+006 -42.0e+006 
114 5704.0 31.0 2.9 0.04 138.0e+006 48.0e+006 -42.0e+006 
140 3958.0 76.0 -0.18 0.34 138.0e+006 48.0e+006 -42.0e+006 
112 3929.0 104.0 0.98 0.14 138.0e+006 48.0e+006 -42.0e+006 
289 5714.0 66.0 2.81 0.07 138.0e+006 48.0e+006 -42.0e+006 
310 4621.0 63.0 1.21 0.09 138.0e+006 48.0e+006 -42.0e+006 
303 4357.0 78.0 -0.27 0.51 138.0e+006 48.0e+006 -42.0e+006 
322 3830.0 112.0 0.49 0.2 138.0e+006 48.0e+006 -42.0e+006 
313 5957.0 63.0 3.07 0.06 138.0e+006 48.0e+006 -42.0e+006 
325 4108.0 74.0 0.71 0.12 138.0e+006 48.0e+006 -42.0e+006 
295 4003.0 76.0 0.47 0.15 138.0e+006 48.0e+006 -42.0e+006 
293 4116.0 75.0 0.02 0.29 138.0e+006 48.0e+006 -42.0e+006 
282 4649.0 77.0 2.02 0.11 138.0e+006 48.0e+006 -42.0e+006 
314 4732.0 65.0 1.33 0.1 138.0e+006 48.0e+006 -42.0e+006 
311 3944.0 74.0 0.79 0.13 138.0e+006 48.0e+006 -42.0e+006 
327 5385.0 65.0 2.39 0.07 138.0e+006 48.0e+006 -42.0e+006 
348 5765.0 33.0 2.8 0.03 138.0e+006 48.0e+006 -42.0e+006 
336 5893.0 66.0 3.03 0.06 138.0e+006 48.0e+006 -42.0e+006 
338 4220.0 75.0 0.6 0.13 138.0e+006 48.0e+006 -42.0e+006 
346 4472.0 76.0 0.83 0.11 138.0e+006 48.0e+006 -42.0e+006 
360 3622.0 104.0 1.15 0.23 138.0e+006 48.0e+006 -42.0e+006 
356 3186.0 96.0 -1.0 0.0 138.0e+006 48.0e+006 -42.0e+006 
350 4599.0 65.0 0.71 0.1 138.0e+006 48.0e+006 -42.0e+006 
333 4985.0 65.0 1.65 0.09 138.0e+006 48.0e+006 -42.0e+006 
339 4208.0 108.0 1.11 0.12 138.0e+006 48.0e+006 -42.0e+006 
355 3940.0 77.0 0.29 0.19 138.0e+006 48.0e+006 -42.0e+006 
353 4000.0 74.0 0.72 0.12 138.0e+006 48.0e+006 -42.0e+006 
352 4120.0 75.0 1.22 0.09 138.0e+006 48.0e+006 -42.0e+006 
351 4021.0 75.0 0.87 0.12 138.0e+006 48.0e+006 -42.0e+006 
347 3834.0 108.0 0.35 0.24 138.0e+006 48.0e+006 -42.0e+006 
288 5530.0 66.0 2.73 0.07 138.0e+006 48.0e+006 -42.0e+006 
252 4085.0 109.0 0.78 0.12 138.0e+006 48.0e+006 -42.0e+006 
297 4704.0 66.0 1.51 0.1 138.0e+006 48.0e+006 -42.0e+006 
301 4068.0 74.0 0.53 0.13 138.0e+006 48.0e+006 -42.0e+006 
321 4843.0 63.0 1.9 0.08 138.0e+006 48.0e+006 -42.0e+006 
306 3392.0 111.0 -0.54 0.49 138.0e+006 48.0e+006 -42.0e+006 
305 4304.0 73.0 0.83 0.11 138.0e+006 48.0e+006 -42.0e+006 
268 4482.0 67.0 1.19 0.09 138.0e+006 48.0e+006 -42.0e+006 
270 3993.0 76.0 0.23 0.17 138.0e+006 48.0e+006 -42.0e+006 
279 4887.0 64.0 1.78 0.09 138.0e+006 48.0e+006 -42.0e+006 
272 4935.0 65.0 1.79 0.09 138.0e+006 48.0e+006 -42.0e+006 
277 5112.0 65.0 2.62 0.08 138.0e+006 48.0e+006 -42.0e+006 
240 3882.0 108.0 0.41 0.22 138.0e+006 48.0e+006 -42.0e+006 
231 6269.0 67.0 3.06 0.05 138.0e+006 48.0e+006 -42.0e+006 
229 3972.0 76.0 0.64 0.13 138.0e+006 48.0e+006 -42.0e+006 
235 4054.0 76.0 0.3 0.17 138.0e+006 48.0e+006 -42.0e+006 
249 3301.0 103.0 -0.21 0.28 138.0e+006 48.0e+006 -42.0e+006 
258 4094.0 78.0 0.77 0.1 138.0e+006 48.0e+006 -42.0e+006 
276 3833.0 109.0 1.69 0.16 138.0e+006 48.0e+006 -42.0e+006 
286 4892.0 69.0 0.97 0.14 138.0e+006 48.0e+006 -42.0e+006 
285 5234.0 66.0 2.18 0.08 138.0e+006 48.0e+006 -42.0e+006 
291 5108.0 65.0 1.92 0.08 138.0e+006 48.0e+006 -42.0e+006 
290 4985.0 63.0 1.99 0.08 138.0e+006 48.0e+006 -42.0e+006 
304 4441.0 75.0 0.52 0.15 138.0e+006 48.0e+006 -42.0e+006 
283 4534.0 65.0 0.69 0.1 138.0e+006 48.0e+006 -42.0e+006 
294 6531.0 67.0 3.36 0.05 138.0e+006 48.0e+006 -42.0e+006 
329 5814.0 65.0 3.05 0.06 138.0e+006 48.0e+006 -42.0e+006 
328 4037.0 74.0 0.28 0.17 138.0e+006 48.0e+006 -42.0e+006 
330 4864.0 65.0 2.55 0.09 138.0e+006 48.0e+006 -42.0e+006 
332 6608.0 64.0 3.03 0.05 138.0e+006 48.0e+006 -42.0e+006 
326 5573.0 65.0 2.91 0.07 138.0e+006 48.0e+006 -42.0e+006 
312 4148.0 78.0 0.33 0.19 138.0e+006 48.0e+006 -42.0e+006 
319 5978.0 65.0 3.07 0.06 138.0e+006 48.0e+006 -42.0e+006 
315 3902.0 77.0 0.38 0.18 138.0e+006 48.0e+006 -42.0e+006 
342 4287.0 74.0 0.32 0.16 138.0e+006 48.0e+006 -42.0e+006 
345 4338.0 75.0 0.9 0.1 138.0e+006 48.0e+006 -42.0e+006 
299 6839.0 66.0 3.23 0.04 138.0e+006 48.0e+006 -42.0e+006 
308 4624.0 68.0 1.67 0.1 138.0e+006 48.0e+006 -42.0e+006 
341 6323.0 66.0 2.85 0.05 138.0e+006 48.0e+006 -42.0e+006 
331 3920.0 75.0 0.25 0.18 138.0e+006 48.0e+006 -42.0e+006 
335 3389.0 110.0 -1.0 0.0 138.0e+006 48.0e+006 -42.0e+006 
337 3888.0 75.0 0.37 0.17 138.0e+006 48.0e+006 -42.0e+006 
344 3922.0 106.0 0.24 0.16 138.0e+006 48.0e+006 -42.0e+006 
357 4008.0 78.0 0.22 0.22 138.0e+006 48.0e+006 -42.0e+006 
230 5712.0 63.0 3.0 0.06 138.0e+006 48.0e+006 -42.0e+006 
233 4690.0 65.0 1.82 0.09 138.0e+006 48.0e+006 -42.0e+006 
220 4944.0 64.0 2.02 0.09 138.0e+006 48.0e+006 -42.0e+006 
223 4944.0 64.0 2.09 0.08 138.0e+006 48.0e+006 -42.0e+006 
236 5226.0 65.0 2.32 0.08 138.0e+006 48.0e+006 -42.0e+006 
260 4708.0 76.0 2.3 0.12 138.0e+006 48.0e+006 -42.0e+006 
261 3672.0 107.0 0.61 0.22 138.0e+006 48.0e+006 -42.0e+006 
264 4250.0 76.0 0.28 0.18 138.0e+006 48.0e+006 -42.0e+006 
213 3303.0 104.0 -1.0 0.0 138.0e+006 48.0e+006 -42.0e+006 
217 4644.0 65.0 0.62 0.12 138.0e+006 48.0e+006 -42.0e+006 
218 6072.0 64.0 3.21 0.05 138.0e+006 48.0e+006 -42.0e+006 
238 6336.0 65.0 3.14 0.05 138.0e+006 48.0e+006 -42.0e+006 
241 5622.0 38.0 2.77 0.04 138.0e+006 48.0e+006 -42.0e+006 
242 3963.0 78.0 -1.0 0.0 138.0e+006 48.0e+006 -42.0e+006 
275 4140.0 76.0 0.42 0.17 138.0e+006 48.0e+006 -42.0e+006 
280 4045.0 79.0 0.99 0.12 138.0e+006 48.0e+006 -42.0e+006 
274 5697.0 65.0 3.02 0.07 138.0e+006 48.0e+006 -42.0e+006 
278 3991.0 105.0 1.19 0.11 138.0e+006 48.0e+006 -42.0e+006 
266 4656.0 65.0 1.1 0.1 138.0e+006 48.0e+006 -42.0e+006 
219 4765.0 77.0 2.48 0.12 138.0e+006 48.0e+006 -42.0e+006 
199 4691.0 66.0 1.27 0.1 138.0e+006 48.0e+006 -42.0e+006 
210 6674.0 65.0 3.08 0.05 138.0e+006 48.0e+006 -42.0e+006 
221 6256.0 64.0 2.87 0.05 138.0e+006 48.0e+006 -42.0e+006 
234 4649.0 64.0 0.62 0.11 138.0e+006 48.0e+006 -42.0e+006 
198 3342.0 107.0 -0.13 0.21 138.0e+006 48.0e+006 -42.0e+006 
208 4058.0 75.0 0.72 0.12 138.0e+006 48.0e+006 -42.0e+006 
190 4284.0 77.0 0.57 0.12 138.0e+006 48.0e+006 -42.0e+006 
200 5897.0 66.0 3.06 0.06 138.0e+006 48.0e+006 -42.0e+006 
259 4699.0 74.0 2.32 0.11 138.0e+006 48.0e+006 -42.0e+006 
269 3569.0 106.0 -1.0 0.0 138.0e+006 48.0e+006 -42.0e+006 
298 6092.0 65.0 2.29 0.06 138.0e+006 48.0e+006 -42.0e+006 
302 5863.0 36.0 2.97 0.04 138.0e+006 48.0e+006 -42.0e+006 
318 6234.0 66.0 2.95 0.06 138.0e+006 48.0e+006 -42.0e+006 
316 6223.0 63.0 2.89 0.05 138.0e+006 48.0e+006 -42.0e+006 
307 4636.0 65.0 0.98 0.1 138.0e+006 48.0e+006 -42.0e+006 
281 5143.0 68.0 1.4 0.09 138.0e+006 48.0e+006 -42.0e+006 
300 4596.0 65.0 0.81 0.1 138.0e+006 48.0e+006 -42.0e+006 
292 6322.0 66.0 3.14 0.05 138.0e+006 48.0e+006 -42.0e+006 
309 3891.0 108.0 0.22 0.32 138.0e+006 48.0e+006 -42.0e+006 
196 5030.0 64.0 2.48 0.08 138.0e+006 48.0e+006 -42.0e+006 
187 3961.0 76.0 0.51 0.17 138.0e+006 48.0e+006 -42.0e+006 
237 4795.0 66.0 1.58 0.09 138.0e+006 48.0e+006 -42.0e+006 
253 4629.0 74.0 1.63 0.11 138.0e+006 48.0e+006 -42.0e+006 
273 3928.0 77.0 0.53 0.15 138.0e+006 48.0e+006 -42.0e+006 
171 4372.0 77.0 0.33 0.18 138.0e+006 48.0e+006 -42.0e+006 
182 3999.0 76.0 -0.8 0.48 138.0e+006 48.0e+006 -42.0e+006 
166 4502.0 76.0 1.74 0.1 138.0e+006 48.0e+006 -42.0e+006 
207 6356.0 65.0 2.82 0.06 138.0e+006 48.0e+006 -42.0e+006 
214 4711.0 64.0 0.85 0.12 138.0e+006 48.0e+006 -42.0e+006 
7 4053.0 76.0 0.4 0.15 138.0e+006 48.0e+006 -42.0e+006 
8 3913.0 75.0 -0.17 0.33 138.0e+006 48.0e+006 -42.0e+006 
2 4256.0 76.0 -0.38 0.0 138.0e+006 48.0e+006 -42.0e+006 
5 3444.0 108.0 -0.65 0.49 138.0e+006 48.0e+006 -42.0e+006 
1 4233.0 78.0 0.57 0.14 138.0e+006 48.0e+006 -42.0e+006 
4 3993.0 77.0 0.41 0.16 138.0e+006 48.0e+006 -42.0e+006 
3 4153.0 76.0 -0.07 0.33 138.0e+006 48.0e+006 -42.0e+006 
6 4141.0 76.0 -0.25 0.4 138.0e+006 48.0e+006 -42.0e+006 
18 4415.0 76.0 -0.6 0.57 138.0e+006 48.0e+006 -42.0e+006 
17 3620.0 108.0 -0.02 0.4 138.0e+006 48.0e+006 -42.0e+006 
44 3997.0 77.0 1.04 0.12 138.0e+006 48.0e+006 -42.0e+006 
25 3388.0 108.0 -1.0 0.0 138.0e+006 48.0e+006 -42.0e+006 
26 4653.0 66.0 1.12 0.11 138.0e+006 48.0e+006 -42.0e+006 
36 4320.0 75.0 0.22 0.17 138.0e+006 48.0e+006 -42.0e+006 
55 3879.0 74.0 0.31 0.18 138.0e+006 48.0e+006 -42.0e+006 
87 4705.0 64.0 0.74 0.14 138.0e+006 48.0e+006 -42.0e+006 
48 3437.0 109.0 -0.32 0.4 138.0e+006 48.0e+006 -42.0e+006 
64 3831.0 111.0 0.82 0.15 138.0e+006 48.0e+006 -42.0e+006 
109 6335.0 67.0 3.08 0.05 138.0e+006 48.0e+006 -42.0e+006 
115 3984.0 76.0 0.65 0.12 138.0e+006 48.0e+006 -42.0e+006 
110 4217.0 77.0 0.23 0.2 138.0e+006 48.0e+006 -42.0e+006 
34 4316.0 74.0 0.42 0.14 138.0e+006 48.0e+006 -42.0e+006 
39 4094.0 77.0 0.74 0.1 138.0e+006 48.0e+006 -42.0e+006 
32 4134.0 77.0 0.06 0.23 138.0e+006 48.0e+006 -42.0e+006 
61 5737.0 38.0 3.01 0.04 138.0e+006 48.0e+006 -42.0e+006 
74 4461.0 76.0 0.59 0.14 138.0e+006 48.0e+006 -42.0e+006 
84 4271.0 75.0 1.03 0.1 138.0e+006 48.0e+006 -42.0e+006 
99 4291.0 77.0 0.17 0.24 138.0e+006 48.0e+006 -42.0e+006 
104 3855.0 107.0 0.52 0.23 138.0e+006 48.0e+006 -42.0e+006 
27 5446.0 35.0 2.71 0.04 138.0e+006 48.0e+006 -42.0e+006 
22 4401.0 74.0 0.33 0.19 138.0e+006 48.0e+006 -42.0e+006 
123 5132.0 65.0 2.35 0.08 138.0e+006 48.0e+006 -42.0e+006 
125 6198.0 65.0 3.15 0.06 138.0e+006 48.0e+006 -42.0e+006 
