OBJECT TEFF E_TEFF LOGG E_LOGG FEH E_FEH LI1 E_LI1 "AGE (Gyr)" GES_FLD
09340430-4806002 6510 65 4.05 0.17 -0.43 0.06 2.64 0.11 0.871 Pismis15
09343180-4808006 6043 64 4.11 0.17 -0.14 0.05 2.24 0.13 0.871 Pismis15
09344553-4808289 5952 66 4.29 0.17 -0.15 0.05 2.06 0.13 0.871 Pismis15
09344985-4808351 6012 65 4.04 0.18 -0.41 0.05 2.55 0.07 0.871 Pismis15
09345839-4809579 6266 64 4.11 0.18 -0.01 0.06 2.30 0.20 0.871 Pismis15
09351029-4808168 5727 66 4.46 0.18 -0.68 0.05 1.99 0.13 0.871 Pismis15
09343686-4803335 5183 32 3.10 0.05 -0.08 0.05 1.13 0.06 0.871 Pismis15
09343945-4801433 5054 34 3.07 0.05 0.08 0.04 1.03 0.04 0.871 Pismis15
09344559-4802536 4616 33 2.48 0.05 -0.02 0.04 1.10 0.05 0.871 Pismis15
09344796-4802489 5107 34 3.01 0.05 -0.09 0.04 0.88 0.05 0.871 Pismis15
09345191-4800467 5047 33 2.96 0.05 0.07 0.04 -1.00 0.00 0.871 Pismis15
09345346-4801189 4981 33 2.81 0.05 0.02 0.04 0.33 0.00 0.871 Pismis15
09350996-4759532 4623 31 2.45 0.05 -0.05 0.05 -1.00 0.00 0.871 Pismis15
09335154-4805161 6448 65 3.96 0.18 0.02 0.05 2.81 0.16 0.871 Pismis15
09335204-4806376 6466 82 3.74 0.22 -0.11 0.08 2.67 0.23 0.871 Pismis15
09335396-4803116 5021 81 3.52 0.22 0.11 0.08 1.51 0.34 0.871 Pismis15
09335626-4803183 5803 81 3.74 0.22 -0.40 0.08 2.11 0.00 0.871 Pismis15
09340207-4805038 6174 64 3.98 0.18 -0.26 0.05 1.87 0.00 0.871 Pismis15
09340339-4803073 6428 67 4.09 0.20 -0.16 0.05 2.64 0.17 0.871 Pismis15
09340566-4807161 5784 63 4.46 0.18 -0.24 0.05 1.90 0.00 0.871 Pismis15
09340610-4803367 5869 65 4.01 0.17 -0.38 0.05 2.07 0.28 0.871 Pismis15
09341015-4806277 6009 63 3.89 0.17 -0.24 0.05 2.26 0.22 0.871 Pismis15
09341039-4808179 6082 66 4.02 0.18 -0.22 0.05 2.68 0.10 0.871 Pismis15
09341071-4759325 6174 81 4.01 0.22 -0.83 0.08 3.16 0.14 0.871 Pismis15
09341093-4805287 6072 78 4.15 0.18 -0.16 0.09 2.78 0.11 0.871 Pismis15
09341296-4802568 5704 63 3.87 0.17 -0.35 0.05 2.49 0.16 0.871 Pismis15
09341329-4807474 6071 65 4.30 0.18 0.46 0.03 2.28 0.23 0.871 Pismis15
09341651-4807347 5484 75 4.23 0.18 -0.30 0.09 1.74 0.18 0.871 Pismis15
09341728-4755016 6446 82 3.95 0.22 -0.48 0.08 2.64 0.00 0.871 Pismis15
09341748-4807560 5808 63 4.40 0.17 0.25 0.06 2.99 0.11 0.871 Pismis15
09341813-4802444 6197 81 4.41 0.22 0.12 0.08 2.67 0.22 0.871 Pismis15
09341883-4808207 5793 64 3.74 0.17 -0.54 0.05 2.77 0.10 0.871 Pismis15
09341948-4804506 5606 64 3.83 0.17 -0.71 0.05 2.41 0.13 0.871 Pismis15
09341960-4804271 6095 81 4.33 0.21 -0.11 0.08 2.50 0.26 0.871 Pismis15
09341963-4758306 6034 103 4.53 0.33 0.34 0.09 2.88 0.21 0.871 Pismis15
09341972-4807322 5444 65 4.46 0.17 -0.08 0.05 1.63 0.21 0.871 Pismis15
09342092-4800169 6422 104 4.19 0.33 0.01 0.09 2.69 0.25 0.871 Pismis15
09342318-4804486 6381 64 4.21 0.17 0.05 0.05 2.72 0.12 0.871 Pismis15
09342354-4806138 5607 63 4.42 0.17 -0.19 0.05 2.45 0.12 0.871 Pismis15
09342424-4802228 5831 83 4.94 0.21 -0.25 0.08 2.61 0.17 0.871 Pismis15
09342444-4805566 5433 65 3.88 0.17 -0.04 0.05 1.62 0.31 0.871 Pismis15
09342549-4806302 6090 76 4.23 0.18 -0.48 0.09 2.58 0.18 0.871 Pismis15
09342587-4809310 6035 66 4.20 0.17 0.25 0.05 1.93 0.00 0.871 Pismis15
09342630-4802400 6244 102 4.68 0.32 0.03 0.09 3.15 0.12 0.871 Pismis15
09342658-4800013 5947 83 3.71 0.33 -0.44 0.08 2.98 0.16 0.871 Pismis15
09342664-4758352 6640 65 3.92 0.17 -0.13 0.06 3.38 0.08 0.871 Pismis15
09342849-4757029 5867 104 3.71 0.33 -0.16 0.09 2.87 0.21 0.871 Pismis15
09342854-4803121 6272 66 4.23 0.17 0.08 0.05 2.45 0.12 0.871 Pismis15
09342859-4800122 6555 82 4.06 0.22 -0.09 0.08 2.91 0.21 0.871 Pismis15
09342894-4805409 5223 69 4.07 0.20 -0.15 0.06 1.09 0.00 0.871 Pismis15
09342904-4800560 5214 82 4.17 0.22 -0.25 0.08 1.70 0.30 0.871 Pismis15
09343255-4802597 5147 63 4.25 0.18 0.25 0.06 1.38 0.00 0.871 Pismis15
09343319-4801141 6341 64 4.21 0.17 -0.12 0.05 2.78 0.10 0.871 Pismis15
09343400-4802588 6030 65 4.47 0.18 -0.31 0.05 2.51 0.13 0.871 Pismis15
09343599-4752433 6169 65 4.47 0.18 0.08 0.05 2.62 0.13 0.871 Pismis15
09343642-4802473 6187 64 4.29 0.17 -0.35 0.06 2.23 0.16 0.871 Pismis15
09343727-4756079 5873 106 4.46 0.34 -0.03 0.09 2.39 0.27 0.871 Pismis15
09343764-4802046 5918 66 4.46 0.18 -0.13 0.05 2.46 0.09 0.871 Pismis15
09343836-4805287 6415 67 4.15 0.17 0.04 0.06 2.62 0.19 0.871 Pismis15
09343924-4801105 5434 65 3.71 0.18 -0.30 0.05 1.61 0.00 0.871 Pismis15
09343988-4804369 6102 94 4.95 0.25 -0.76 0.16 3.29 0.13 0.871 Pismis15
09344058-4755060 6039 65 4.34 0.18 0.06 0.05 3.25 0.11 0.871 Pismis15
09344099-4806235 5413 65 4.08 0.17 -0.25 0.06 2.11 0.13 0.871 Pismis15
09344138-4804174 6102 66 3.94 0.18 -0.16 0.05 2.46 0.09 0.871 Pismis15
09344165-4803062 6019 65 4.44 0.17 -0.41 0.05 2.62 0.09 0.871 Pismis15
09344176-4758340 5931 64 3.98 0.18 -0.29 0.05 2.82 0.10 0.871 Pismis15
09344201-4800176 6048 67 4.39 0.18 -0.14 0.05 2.80 0.08 0.871 Pismis15
09344286-4802556 5139 68 4.28 0.21 -0.72 0.05 1.63 0.17 0.871 Pismis15
09344305-4806016 6023 65 4.35 0.17 -0.31 0.06 2.67 0.08 0.871 Pismis15
09344467-4801219 6366 64 4.10 0.17 -0.24 0.06 2.74 0.12 0.871 Pismis15
09344492-4809193 6110 65 4.34 0.17 0.00 0.05 2.69 0.09 0.871 Pismis15
09344622-4759201 6063 67 4.24 0.17 -0.38 0.06 2.88 0.09 0.871 Pismis15
09344622-4801454 6068 65 4.39 0.18 0.11 0.05 2.74 0.06 0.871 Pismis15
09344704-4811026 5586 82 3.71 0.22 -0.42 0.08 1.60 0.00 0.871 Pismis15
09344748-4804000 6315 75 4.07 0.18 0.05 0.10 2.11 0.25 0.871 Pismis15
09344792-4759345 5054 65 3.88 0.17 0.26 0.06 1.09 0.38 0.871 Pismis15
09344851-4800021 4999 82 3.54 0.21 -0.40 0.08 1.16 0.00 0.871 Pismis15
09344877-4807087 5415 80 4.03 0.21 -0.25 0.08 3.13 0.19 0.871 Pismis15
09344912-4802228 5502 84 3.81 0.22 -0.41 0.08 2.22 0.20 0.871 Pismis15
09344916-4802448 6080 65 4.24 0.17 -0.08 0.06 2.99 0.06 0.871 Pismis15
09345031-4805526 6034 64 3.95 0.17 -0.36 0.05 1.62 0.00 0.871 Pismis15
09345065-4802349 5938 81 3.89 0.22 -0.25 0.08 2.01 0.00 0.871 Pismis15
09345347-4804488 6567 65 4.18 0.17 -0.52 0.06 2.95 0.12 0.871 Pismis15
09345381-4803015 6158 65 3.87 0.17 -0.54 0.05 2.91 0.07 0.871 Pismis15
09345422-4805491 5600 64 4.35 0.18 -0.23 0.05 2.08 0.19 0.871 Pismis15
09345622-4807126 5695 63 4.42 0.17 0.04 0.06 2.47 0.10 0.871 Pismis15
09345678-4802290 6393 65 4.31 0.17 -0.16 0.05 2.03 0.00 0.871 Pismis15
09345922-4802472 6445 65 4.28 0.18 0.26 0.06 3.35 0.07 0.871 Pismis15
09350065-4806040 6041 65 3.85 0.17 -0.61 0.05 2.24 0.15 0.871 Pismis15
09350157-4804113 6214 65 4.15 0.18 -0.42 0.05 2.67 0.13 0.871 Pismis15
09350274-4801315 5986 83 4.36 0.22 -0.20 0.07 2.55 0.24 0.871 Pismis15
09350407-4808359 4961 82 3.23 0.21 -0.25 0.08 1.14 0.00 0.871 Pismis15
09350576-4802202 6099 81 4.21 0.21 0.19 0.08 3.14 0.15 0.871 Pismis15
09350759-4807119 5110 81 3.47 0.21 -0.45 0.08 1.61 0.00 0.871 Pismis15
09350772-4803288 4784 82 2.44 0.22 -0.77 0.08 0.71 0.00 0.871 Pismis15
09351232-4805520 5868 64 4.15 0.18 -0.32 0.06 2.52 0.11 0.871 Pismis15
09352716-4805181 6221 77 3.81 0.18 -0.31 0.09 2.74 0.12 0.871 Pismis15
09353397-4805544 6291 82 4.17 0.22 0.11 0.08 2.54 0.22 0.871 Pismis15
09354486-4805166 5897 82 3.39 0.22 -0.54 0.08 1.91 0.00 0.871 Pismis15
09345457-4809592 6514 66 4.01 0.17 -0.06 0.05 3.26 0.07 0.871 Pismis15
09341931-4803025 5054 33 2.94 0.04 0.05 0.04 0.03 0.00 0.871 Pismis15
09341939-4804051 4950 33 2.74 0.05 -0.15 0.04 0.47 0.00 0.871 Pismis15
09350340-4802108 4538 33 2.67 0.05 0.07 0.04 -0.69 0.00 0.871 Pismis15
09351793-4801555 4960 30 2.83 0.05 0.17 0.05 0.78 0.06 0.871 Pismis15
09334453-4804482 6238 80 3.95 0.21 0.32 0.07 2.87 0.21 0.871 Pismis15
09334852-4804490 6156 82 3.74 0.22 0.16 0.08 3.03 0.17 0.871 Pismis15
09335066-4805171 6389 66 4.34 0.18 -0.06 0.05 2.87 0.11 0.871 Pismis15
09335133-4803161 6023 65 3.92 0.18 -0.92 0.06 2.45 0.12 0.871 Pismis15
09335175-4802518 5466 75 4.02 0.18 -0.22 0.09 1.62 0.17 0.871 Pismis15
09335438-4805244 6120 63 4.27 0.17 -0.14 0.05 2.77 0.08 0.871 Pismis15
09335579-4804486 5717 67 4.32 0.17 0.08 0.05 1.69 0.35 0.871 Pismis15
09335809-4805400 6034 64 4.34 0.18 -0.01 0.05 2.84 0.08 0.871 Pismis15
09340128-4802442 5887 66 4.44 0.17 -0.01 0.05 2.28 0.23 0.871 Pismis15
09340279-4809283 6101 65 3.79 0.17 0.21 0.06 2.43 0.13 0.871 Pismis15
09340295-4805208 5163 64 4.83 0.18 -0.35 0.06 1.10 0.00 0.871 Pismis15
09340384-4802090 5472 63 4.29 0.18 -0.02 0.05 2.81 0.08 0.871 Pismis15
09340574-4804228 5671 66 3.83 0.17 -0.31 0.06 2.43 0.14 0.871 Pismis15
09340599-4803106 5609 65 4.03 0.18 -0.21 0.05 2.50 0.11 0.871 Pismis15
09340618-4804012 5459 65 4.40 0.18 -0.08 0.05 1.86 0.19 0.871 Pismis15
09341098-4805375 6232 65 4.26 0.17 -0.16 0.06 2.79 0.10 0.871 Pismis15
09341187-4800568 5228 67 4.18 0.17 -0.52 0.06 1.32 0.00 0.871 Pismis15
09341391-4808208 5942 66 4.23 0.18 -0.28 0.05 3.01 0.10 0.871 Pismis15
09341453-4806344 5332 64 4.29 0.17 -1.04 0.05 1.83 0.16 0.871 Pismis15
09341546-4800593 5857 64 4.23 0.17 -0.40 0.05 2.69 0.08 0.871 Pismis15
09341549-4801259 5784 64 3.62 0.18 -0.51 0.05 2.33 0.16 0.871 Pismis15
09341576-4807481 5317 67 4.49 0.17 -0.13 0.05 1.14 0.40 0.871 Pismis15
09341766-4759225 5833 65 4.06 0.17 -0.01 0.05 2.38 0.15 0.871 Pismis15
09342230-4808350 6223 65 4.27 0.18 0.10 0.05 2.89 0.08 0.871 Pismis15
09342306-4801398 5881 63 4.59 0.17 0.26 0.05 1.85 0.27 0.871 Pismis15
09342652-4806556 5814 65 4.34 0.18 -0.51 0.06 2.11 0.15 0.871 Pismis15
09342953-4800309 5705 81 4.05 0.22 -0.38 0.08 2.11 0.00 0.871 Pismis15
09342983-4805216 5459 64 3.88 0.18 -0.54 0.05 2.05 0.13 0.871 Pismis15
09343051-4752324 5644 65 4.38 0.17 -0.05 0.05 1.48 0.48 0.871 Pismis15
09343106-4803390 5588 64 4.25 0.17 -0.14 0.05 2.17 0.13 0.871 Pismis15
09343170-4804273 5004 65 3.48 0.18 -0.61 0.05 1.34 0.23 0.871 Pismis15
09343195-4804484 5777 67 4.51 0.17 0.07 0.05 2.04 0.00 0.871 Pismis15
09343371-4803228 5856 64 3.88 0.18 -0.31 0.05 2.87 0.10 0.871 Pismis15
09343373-4801363 6403 64 4.21 0.17 -0.06 0.05 2.47 0.12 0.871 Pismis15
09343437-4806259 5826 66 4.25 0.18 -0.30 0.06 2.57 0.09 0.871 Pismis15
09343449-4759292 5719 64 4.39 0.18 -0.08 0.05 1.73 0.00 0.871 Pismis15
09343449-4804167 5206 66 3.79 0.17 -0.57 0.06 1.73 0.16 0.871 Pismis15
09343566-4757429 6247 66 3.96 0.18 -0.43 0.05 2.26 0.00 0.871 Pismis15
09343579-4809442 5636 65 4.44 0.17 0.31 0.05 1.78 0.00 0.871 Pismis15
09343953-4802305 5673 65 4.65 0.17 -0.26 0.05 2.51 0.12 0.871 Pismis15
09343974-4803361 6556 65 3.99 0.18 -0.02 0.06 2.31 0.19 0.871 Pismis15
09344066-4806399 5772 66 4.38 0.18 -0.03 0.06 1.93 0.15 0.871 Pismis15
09344107-4758149 6001 64 3.88 0.17 -0.17 0.06 2.97 0.10 0.871 Pismis15
09344110-4752572 5459 66 4.61 0.17 0.42 0.05 1.25 0.42 0.871 Pismis15
09344183-4803517 6198 67 4.23 0.17 0.16 0.05 2.17 0.15 0.871 Pismis15
09344197-4802073 5090 64 3.55 0.18 -0.25 0.05 1.45 0.17 0.871 Pismis15
09344298-4802010 6746 66 4.27 0.17 -0.11 0.06 3.17 0.06 0.871 Pismis15
09344337-4803524 5912 64 3.80 0.18 -0.37 0.05 2.62 0.11 0.871 Pismis15
09344356-4808254 5914 65 4.36 0.17 0.03 0.06 2.47 0.12 0.871 Pismis15
09344405-4804238 6112 63 4.16 0.17 0.03 0.05 2.77 0.09 0.871 Pismis15
09344446-4805219 5487 65 4.03 0.18 -0.15 0.05 2.01 0.16 0.871 Pismis15
09344456-4759293 5962 64 4.05 0.17 -0.35 0.05 2.60 0.09 0.871 Pismis15
09344480-4805521 5019 64 3.93 0.17 -1.36 0.06 1.47 0.17 0.871 Pismis15
09344542-4811262 6049 64 4.31 0.17 0.04 0.06 3.12 0.08 0.871 Pismis15
09344551-4804376 5724 63 3.85 0.17 -0.33 0.05 1.97 0.22 0.871 Pismis15
09344558-4809225 4865 82 4.03 0.22 -0.40 0.08 0.94 0.00 0.871 Pismis15
09344578-4800486 6146 65 4.27 0.17 -0.21 0.06 2.80 0.07 0.871 Pismis15
09344633-4759254 5570 76 4.44 0.18 -0.18 0.10 1.90 0.18 0.871 Pismis15
09344729-4800103 5603 63 4.12 0.17 -0.58 0.06 1.92 0.18 0.871 Pismis15
09344735-4802005 6385 66 4.32 0.17 -0.05 0.05 2.42 0.13 0.871 Pismis15
09344775-4805140 5566 64 4.69 0.17 -0.57 0.05 2.44 0.10 0.871 Pismis15
09344780-4801050 6688 68 4.08 0.17 -0.14 0.06 2.21 0.18 0.871 Pismis15
09344804-4800508 6041 63 4.42 0.18 0.06 0.05 2.94 0.07 0.871 Pismis15
09344807-4802371 5906 66 4.09 0.17 -0.40 0.06 2.03 0.00 0.871 Pismis15
09344857-4801323 6274 64 4.40 0.18 -0.13 0.05 2.78 0.08 0.871 Pismis15
09344860-4803533 6257 65 4.18 0.18 -0.05 0.06 3.07 0.06 0.871 Pismis15
09344883-4809337 4909 65 4.77 0.17 -0.25 0.05 0.91 0.00 0.871 Pismis15
09345017-4752272 5589 64 3.98 0.17 0.17 0.05 1.70 0.24 0.871 Pismis15
09345017-4803050 6178 64 4.21 0.17 -0.14 0.06 2.13 0.13 0.871 Pismis15
09345030-4806259 5360 65 3.87 0.17 -0.56 0.05 1.68 0.16 0.871 Pismis15
09345055-4804406 5128 81 4.90 0.22 0.07 0.08 1.30 0.00 0.871 Pismis15
09345092-4805529 5461 66 4.48 0.17 -0.43 0.06 1.82 0.20 0.871 Pismis15
09345195-4804189 6547 65 4.04 0.18 -0.10 0.05 2.51 0.15 0.871 Pismis15
09345244-4752316 5780 65 4.54 0.17 0.32 0.05 2.16 0.13 0.871 Pismis15
09345256-4809591 5367 103 4.72 0.33 -0.44 0.09 1.82 0.00 0.871 Pismis15
09345323-4803049 5980 64 3.83 0.18 -0.52 0.06 2.62 0.13 0.871 Pismis15
09345356-4809328 5376 69 4.50 0.21 -0.14 0.05 1.47 0.40 0.871 Pismis15
09345506-4804302 6325 66 4.21 0.18 0.01 0.06 2.71 0.08 0.871 Pismis15
09345508-4802537 6846 67 4.24 0.18 -0.18 0.05 2.96 0.06 0.871 Pismis15
09345581-4808252 5825 63 4.52 0.17 0.07 0.05 2.48 0.09 0.871 Pismis15
09345967-4801259 5585 66 4.36 0.17 0.15 0.05 1.55 0.24 0.871 Pismis15
09345971-4811018 5775 64 4.33 0.17 0.27 0.05 1.89 0.16 0.871 Pismis15
09350004-4812335 6388 66 4.19 0.18 -0.25 0.06 2.62 0.15 0.871 Pismis15
09350212-4800350 5257 64 3.59 0.17 -0.45 0.06 2.09 0.12 0.871 Pismis15
09350345-4804078 5615 65 4.06 0.17 -0.46 0.05 1.85 0.20 0.871 Pismis15
09350648-4754482 6240 105 4.11 0.35 0.27 0.09 3.00 0.16 0.871 Pismis15
09350726-4759528 5909 65 4.40 0.18 0.03 0.05 2.44 0.20 0.871 Pismis15
09350870-4805140 5874 65 4.41 0.17 -0.24 0.05 2.22 0.14 0.871 Pismis15
09350872-4808552 6207 67 4.30 0.18 0.11 0.05 2.89 0.10 0.871 Pismis15
09350889-4756462 5722 65 3.90 0.17 -0.22 0.05 2.09 0.19 0.871 Pismis15
09350986-4805346 6190 64 3.89 0.17 -0.23 0.06 2.84 0.09 0.871 Pismis15
09351098-4756080 5704 65 4.38 0.17 0.26 0.05 1.92 0.18 0.871 Pismis15
09351330-4807178 5986 63 4.35 0.18 -0.30 0.06 2.84 0.10 0.871 Pismis15
09351501-4808299 6236 66 4.04 0.17 -0.01 0.05 2.49 0.00 0.871 Pismis15
09351711-4754566 5792 65 4.53 0.18 -0.03 0.05 2.18 0.16 0.871 Pismis15
09352583-4806540 5709 79 3.10 0.21 -0.94 0.08 1.47 0.00 0.871 Pismis15
09353466-4808334 5797 66 4.30 0.17 0.07 0.05 2.69 0.07 0.871 Pismis15
09353549-4808516 5669 67 4.52 0.17 -0.23 0.05 1.51 0.00 0.871 Pismis15
09353911-4809050 6094 65 4.30 0.17 -0.37 0.05 2.65 0.07 0.871 Pismis15
