OBJECT TEFF E_TEFF LOGG E_LOGG FEH E_FEH LI1 E_LI1 "AGE (Gyr)" GES_FLD MEM3D
13364430-6205471 6846 71 4.52 0.21 -0.11 0.06 3.16 0.08 0.575 Pismis18 0.9783
13370391-6206005 6330 66 4.09 0.17 0.06 0.05 2.47 0.15 0.575 Pismis18 0.9994
13370214-6206095 4877 31 2.67 0.05 0.21 0.05 -0.1 0.24 0.575 Pismis18 0.9993
13365219-6205531 5322 64 4.03 0.17 -0.09 0.05 2.31 0.17 0.575 Pismis18 0.9884
13365304-6204298 6910 77 4.16 0.17 -0.06 0.09 2.53 0.0 0.575 Pismis18 0.9992
13371182-6206030 4791 31 2.59 0.05 0.14 0.05 0.23 0.09 0.575 Pismis18 0.9992
13365597-6205130 4795 31 2.54 0.05 0.13 0.05 0.04 0.0 0.575 Pismis18 0.9996
13364831-6206517 4965 31 2.69 0.05 0.16 0.05 0.63 0.08 0.575 Pismis18 0.9994
13365882-6205197 5026 31 2.83 0.05 0.1 0.05 1.45 0.03 0.575 Pismis18 0.9996
13370523-6206433 4844 31 2.6 0.05 0.13 0.05 1.03 0.04 0.575 Pismis18 0.9973
13365279-6207090 6389 66 4.19 0.18 0.12 0.05 2.57 0.15 0.575 Pismis18 0.9852
