recno Teff e_Teff ALi e_ALi Age pe_Age ne_Age
1 4945.0 200 1.946 0.085 1.25e+008 35.0e+006 -15.0e+006 
2 6307.0 200 3.12 0.059 1.25e+008 35.0e+006 -15.0e+006 
3 5011.0 200 1.948 0.083 1.25e+008 35.0e+006 -15.0e+006 
4 5168.0 200 1.622 0.079 1.25e+008 35.0e+006 -15.0e+006 
5 4708.0 200 0.498 0.092 1.25e+008 35.0e+006 -15.0e+006 
6 6581.0 200 2.946 0.032 1.25e+008 35.0e+006 -15.0e+006 
7 5011.0 200 2.122 0.085 1.25e+008 35.0e+006 -15.0e+006 
8 5106.0 200 2.155 0.082 1.25e+008 35.0e+006 -15.0e+006 
9 3000.0 200 0.176 0.016 1.25e+008 35.0e+006 -15.0e+006 
10 4851.0 200 2.342 0.093 1.25e+008 35.0e+006 -15.0e+006 
11 5500.0 200 2.695 0.074 1.25e+008 35.0e+006 -15.0e+006 
12 5656.0 200 2.872 0.07 1.25e+008 35.0e+006 -15.0e+006 
13 5008.0 200 2.279 0.085 1.25e+008 35.0e+006 -15.0e+006 
14 4060.0 200 0.285 0.063 1.25e+008 35.0e+006 -15.0e+006 
15 5234.0 200 2.469 0.081 1.25e+008 35.0e+006 -15.0e+006 
16 6273.0 200 2.924 0.059 1.25e+008 35.0e+006 -15.0e+006 
17 5530.0 200 2.992 0.076 1.25e+008 35.0e+006 -15.0e+006 
18 5460.0 200 2.872 0.078 1.25e+008 35.0e+006 -15.0e+006 
19 5207.0 200 3.017 0.088 1.25e+008 35.0e+006 -15.0e+006 
20 4808.0 200 2.676 0.094 1.25e+008 35.0e+006 -15.0e+006 
21 5895.0 200 2.939 0.066 1.25e+008 35.0e+006 -15.0e+006 
22 5786.0 200 2.919 0.067 1.25e+008 35.0e+006 -15.0e+006 
23 5660.0 200 2.967 0.072 1.25e+008 35.0e+006 -15.0e+006 
24 4959.0 200 2.486 0.089 1.25e+008 35.0e+006 -15.0e+006 
25 4178.0 200 1.389 0.074 1.25e+008 35.0e+006 -15.0e+006 
26 4060.0 200 0.014 0.122 1.25e+008 35.0e+006 -15.0e+006 
27 6124.0 200 3.635 0.066 1.25e+008 35.0e+006 -15.0e+006 
28 4928.0 200 2.605 0.092 1.25e+008 35.0e+006 -15.0e+006 
29 3825.0 200 0.071 0.038 1.25e+008 35.0e+006 -15.0e+006 
30 4970.0 200 2.655 0.095 1.25e+008 35.0e+006 -15.0e+006 
31 6329.0 200 3.015 0.058 1.25e+008 35.0e+006 -15.0e+006 
32 5863.0 200 2.802 0.065 1.25e+008 35.0e+006 -15.0e+006 
33 5960.0 200 3.012 0.065 1.25e+008 35.0e+006 -15.0e+006 
34 4958.0 200 1.613 0.087 1.25e+008 35.0e+006 -15.0e+006 
35 7251.0 200 2.999 0.03 1.25e+008 35.0e+006 -15.0e+006 
36 3000.0 200 0.0 0.088 1.25e+008 35.0e+006 -15.0e+006 
37 6653.0 200 2.754 0.038 1.25e+008 35.0e+006 -15.0e+006 
38 4613.0 200 1.617 0.095 1.25e+008 35.0e+006 -15.0e+006 
39 6112.0 200 2.849 0.062 1.25e+008 35.0e+006 -15.0e+006 
40 4723.0 200 2.026 0.106 1.25e+008 35.0e+006 -15.0e+006 
41 7816.0 200 2.475 0.077 1.25e+008 35.0e+006 -15.0e+006 
42 4060.0 200 0.926 0.068 1.25e+008 35.0e+006 -15.0e+006 
43 6738.0 200 2.64 0.049 1.25e+008 35.0e+006 -15.0e+006 
44 6038.0 200 2.793 0.062 1.25e+008 35.0e+006 -15.0e+006 
45 6050.0 200 2.839 0.062 1.25e+008 35.0e+006 -15.0e+006 
46 6082.0 200 2.59 0.064 1.25e+008 35.0e+006 -15.0e+006 
47 5982.0 200 3.189 0.065 1.25e+008 35.0e+006 -15.0e+006 
48 4330.0 200 1.229 0.093 1.25e+008 35.0e+006 -15.0e+006 
49 4760.0 200 1.806 0.091 1.25e+008 35.0e+006 -15.0e+006 
50 4250.0 200 1.465 0.076 1.25e+008 35.0e+006 -15.0e+006 
51 4920.0 200 2.028 0.087 1.25e+008 35.0e+006 -15.0e+006 
52 4813.0 200 1.147 0.092 1.25e+008 35.0e+006 -15.0e+006 
53 4546.0 200 1.5 0.095 1.25e+008 35.0e+006 -15.0e+006 
54 6082.0 200 3.316 0.062 1.25e+008 35.0e+006 -15.0e+006 
55 5008.0 200 2.364 0.086 1.25e+008 35.0e+006 -15.0e+006 
56 4216.0 200 0.203 0.083 1.25e+008 35.0e+006 -15.0e+006 
57 5766.0 200 2.862 0.068 1.25e+008 35.0e+006 -15.0e+006 
58 5850.0 200 3.022 0.065 1.25e+008 35.0e+006 -15.0e+006 
59 4186.0 200 2.228 0.058 1.25e+008 35.0e+006 -15.0e+006 
60 5195.0 200 2.727 0.086 1.25e+008 35.0e+006 -15.0e+006 
61 3000.0 200 0.0 0.077 1.25e+008 35.0e+006 -15.0e+006 
62 4403.0 200 1.333 0.091 1.25e+008 35.0e+006 -15.0e+006 
63 5708.0 200 2.966 0.07 1.25e+008 35.0e+006 -15.0e+006 
64 4939.0 200 1.974 0.088 1.25e+008 35.0e+006 -15.0e+006 
65 6066.0 200 2.483 0.067 1.25e+008 35.0e+006 -15.0e+006 
66 6026.0 200 3.18 0.063 1.25e+008 35.0e+006 -15.0e+006 
67 4100.0 200 0.0 0.098 1.25e+008 35.0e+006 -15.0e+006 
68 6665.0 200 3.035 0.03 1.25e+008 35.0e+006 -15.0e+006 
69 4736.0 200 2.164 0.094 1.25e+008 35.0e+006 -15.0e+006 
70 6685.0 200 2.887 0.035 1.25e+008 35.0e+006 -15.0e+006 
71 4363.0 200 2.033 0.097 1.25e+008 35.0e+006 -15.0e+006 
72 5812.0 200 2.931 0.066 1.25e+008 35.0e+006 -15.0e+006 
73 5207.0 200 2.416 0.082 1.25e+008 35.0e+006 -15.0e+006 
74 5818.0 200 2.867 0.065 1.25e+008 35.0e+006 -15.0e+006 
75 6006.0 200 3.144 0.063 1.25e+008 35.0e+006 -15.0e+006 
76 5250.0 200 2.475 0.08 1.25e+008 35.0e+006 -15.0e+006 
77 7200.0 200 2.754 0.038 1.25e+008 35.0e+006 -15.0e+006 
78 5048.0 200 1.822 0.082 1.25e+008 35.0e+006 -15.0e+006 
79 4292.0 200 0.582 0.091 1.25e+008 35.0e+006 -15.0e+006 
80 3000.0 200 0.392 0.013 1.25e+008 35.0e+006 -15.0e+006 
81 6685.0 200 2.788 0.037 1.25e+008 35.0e+006 -15.0e+006 
82 4920.0 200 1.167 0.095 1.25e+008 35.0e+006 -15.0e+006 
83 6318.0 200 2.624 0.064 1.25e+008 35.0e+006 -15.0e+006 
84 4447.0 200 0.621 0.099 1.25e+008 35.0e+006 -15.0e+006 
85 7802.0 200 2.207 0.138 1.25e+008 35.0e+006 -15.0e+006 
86 3000.0 200 0.176 0.016 1.25e+008 35.0e+006 -15.0e+006 
87 4629.0 200 1.245 0.095 1.25e+008 35.0e+006 -15.0e+006 
88 4747.0 200 1.207 0.091 1.25e+008 35.0e+006 -15.0e+006 
89 5792.0 200 3.062 0.068 1.25e+008 35.0e+006 -15.0e+006 
90 4566.0 200 2.509 0.102 1.25e+008 35.0e+006 -15.0e+006 
91 4178.0 200 0.451 0.091 1.25e+008 35.0e+006 -15.0e+006 
92 4367.0 200 1.548 0.092 1.25e+008 35.0e+006 -15.0e+006 
93 5222.0 200 2.581 0.083 1.25e+008 35.0e+006 -15.0e+006 
94 6369.0 200 3.205 0.058 1.25e+008 35.0e+006 -15.0e+006 
95 4254.0 200 0.874 0.081 1.25e+008 35.0e+006 -15.0e+006 
96 4060.0 200 0.926 0.067 1.25e+008 35.0e+006 -15.0e+006 
97 7251.0 200 2.731 0.039 1.25e+008 35.0e+006 -15.0e+006 
98 6392.0 200 2.737 0.063 1.25e+008 35.0e+006 -15.0e+006 
99 6324.0 200 3.314 0.058 1.25e+008 35.0e+006 -15.0e+006 
100 6006.0 200 2.526 0.066 1.25e+008 35.0e+006 -15.0e+006 
101 5530.0 200 2.672 0.073 1.25e+008 35.0e+006 -15.0e+006 
102 6082.0 200 2.838 0.062 1.25e+008 35.0e+006 -15.0e+006 
103 4100.0 200 3.56 0.066 1.25e+008 35.0e+006 -15.0e+006 
104 4288.0 200 1.763 0.091 1.25e+008 35.0e+006 -15.0e+006 
105 6042.0 200 3.175 0.062 1.25e+008 35.0e+006 -15.0e+006 
106 3000.0 200 0.176 0.016 1.25e+008 35.0e+006 -15.0e+006 
107 4629.0 200 1.617 0.095 1.25e+008 35.0e+006 -15.0e+006 
108 4740.0 200 1.995 0.095 1.25e+008 35.0e+006 -15.0e+006 
109 5030.0 200 2.07 0.084 1.25e+008 35.0e+006 -15.0e+006 
110 4660.0 200 2.086 0.098 1.25e+008 35.0e+006 -15.0e+006 
111 5144.0 200 2.094 0.082 1.25e+008 35.0e+006 -15.0e+006 
112 5500.0 200 2.911 0.076 1.25e+008 35.0e+006 -15.0e+006 
113 4959.0 200 2.46 0.09 1.25e+008 35.0e+006 -15.0e+006 
114 4060.0 200 0.33 0.066 1.25e+008 35.0e+006 -15.0e+006 
115 6267.0 200 3.293 0.06 1.25e+008 35.0e+006 -15.0e+006 
116 7809.0 200 2.743 0.039 1.25e+008 35.0e+006 -15.0e+006 
117 3970.0 200 0.269 0.037 1.25e+008 35.0e+006 -15.0e+006 
118 3000.0 200 0.176 0.013 1.25e+008 35.0e+006 -15.0e+006 
119 4787.0 200 2.575 0.096 1.25e+008 35.0e+006 -15.0e+006 
120 5427.0 200 2.86 0.078 1.25e+008 35.0e+006 -15.0e+006 
121 5310.0 200 2.607 0.078 1.25e+008 35.0e+006 -15.0e+006 
122 6822.0 200 2.743 0.039 1.25e+008 35.0e+006 -15.0e+006 
123 5740.0 200 2.894 0.069 1.25e+008 35.0e+006 -15.0e+006 
124 5467.0 200 2.603 0.075 1.25e+008 35.0e+006 -15.0e+006 
125 4700.0 200 1.588 0.093 1.25e+008 35.0e+006 -15.0e+006 
126 5274.0 200 2.211 0.078 1.25e+008 35.0e+006 -15.0e+006 
127 6162.0 200 3.067 0.061 1.25e+008 35.0e+006 -15.0e+006 
128 5144.0 200 2.385 0.082 1.25e+008 35.0e+006 -15.0e+006 
129 4634.0 200 2.081 0.104 1.25e+008 35.0e+006 -15.0e+006 
130 5728.0 200 2.799 0.069 1.25e+008 35.0e+006 -15.0e+006 
131 4867.0 200 1.436 0.088 1.25e+008 35.0e+006 -15.0e+006 
132 4728.0 200 1.992 0.094 1.25e+008 35.0e+006 -15.0e+006 
133 4655.0 200 1.906 0.096 1.25e+008 35.0e+006 -15.0e+006 
134 4715.0 200 1.198 0.095 1.25e+008 35.0e+006 -15.0e+006 
135 4100.0 200 0.161 0.076 1.25e+008 35.0e+006 -15.0e+006 
136 5708.0 200 3.216 0.074 1.25e+008 35.0e+006 -15.0e+006 
137 4254.0 200 0.62 0.084 1.25e+008 35.0e+006 -15.0e+006 
138 4473.0 200 2.362 0.092 1.25e+008 35.0e+006 -15.0e+006 
139 4728.0 200 2.153 0.097 1.25e+008 35.0e+006 -15.0e+006 
140 5210.0 200 2.713 0.083 1.25e+008 35.0e+006 -15.0e+006 
141 4684.0 200 0.363 0.111 1.25e+008 35.0e+006 -15.0e+006 
142 4642.0 200 1.501 0.096 1.25e+008 35.0e+006 -15.0e+006 
143 6479.0 200 3.11 0.043 1.25e+008 35.0e+006 -15.0e+006 
144 5215.0 200 2.85 0.095 1.25e+008 35.0e+006 -15.0e+006 
145 4100.0 200 0.455 0.072 1.25e+008 35.0e+006 -15.0e+006 
146 4100.0 200 0.532 0.071 1.25e+008 35.0e+006 -15.0e+006 
147 4950.0 200 1.309 0.085 1.25e+008 35.0e+006 -15.0e+006 
148 7150.0 200 2.946 0.031 1.25e+008 35.0e+006 -15.0e+006 
