recno Teff ALi e_ALi
1 4945.0 1.946 0.085
2 6307.0 3.12 0.059
3 5011.0 1.948 0.083
4 5168.0 1.622 0.079
5 4708.0 0.498 0.092
6 6581.0 2.946 0.032
7 5011.0 2.122 0.085
8 5106.0 2.155 0.082
9 3000.0 0.176 0.016
10 4851.0 2.342 0.093
11 5500.0 2.695 0.074
12 5656.0 2.872 0.07
13 5008.0 2.279 0.085
14 4060.0 0.285 0.063
15 5234.0 2.469 0.081
16 6273.0 2.924 0.059
17 5530.0 2.992 0.076
18 5460.0 2.872 0.078
19 5207.0 3.017 0.088
20 4808.0 2.676 0.094
21 5895.0 2.939 0.066
22 5786.0 2.919 0.067
23 5660.0 2.967 0.072
24 4959.0 2.486 0.089
25 4178.0 1.389 0.074
26 4060.0 0.014 0.122
27 6124.0 3.635 0.066
28 4928.0 2.605 0.092
29 3825.0 0.071 0.038
30 4970.0 2.655 0.095
31 6329.0 3.015 0.058
32 5863.0 2.802 0.065
33 5960.0 3.012 0.065
34 4958.0 1.613 0.087
35 7251.0 2.999 0.03
36 3000.0 0.0 0.088
37 6653.0 2.754 0.038
38 4613.0 1.617 0.095
39 6112.0 2.849 0.062
40 4723.0 2.026 0.106
41 7816.0 2.475 0.077
42 4060.0 0.926 0.068
43 6738.0 2.64 0.049
44 6038.0 2.793 0.062
45 6050.0 2.839 0.062
46 6082.0 2.59 0.064
47 5982.0 3.189 0.065
48 4330.0 1.229 0.093
49 4760.0 1.806 0.091
50 4250.0 1.465 0.076
51 4920.0 2.028 0.087
52 4813.0 1.147 0.092
53 4546.0 1.5 0.095
54 6082.0 3.316 0.062
55 5008.0 2.364 0.086
56 4216.0 0.203 0.083
57 5766.0 2.862 0.068
58 5850.0 3.022 0.065
59 4186.0 2.228 0.058
60 5195.0 2.727 0.086
61 3000.0 0.0 0.077
62 4403.0 1.333 0.091
63 5708.0 2.966 0.07
64 4939.0 1.974 0.088
65 6066.0 2.483 0.067
66 6026.0 3.18 0.063
67 4100.0 0.0 0.098
68 6665.0 3.035 0.03
69 4736.0 2.164 0.094
70 6685.0 2.887 0.035
71 4363.0 2.033 0.097
72 5812.0 2.931 0.066
73 5207.0 2.416 0.082
74 5818.0 2.867 0.065
75 6006.0 3.144 0.063
76 5250.0 2.475 0.08
77 7200.0 2.754 0.038
78 5048.0 1.822 0.082
79 4292.0 0.582 0.091
80 3000.0 0.392 0.013
81 6685.0 2.788 0.037
82 4920.0 1.167 0.095
83 6318.0 2.624 0.064
84 4447.0 0.621 0.099
85 7802.0 2.207 0.138
86 3000.0 0.176 0.016
87 4629.0 1.245 0.095
88 4747.0 1.207 0.091
89 5792.0 3.062 0.068
90 4566.0 2.509 0.102
91 4178.0 0.451 0.091
92 4367.0 1.548 0.092
93 5222.0 2.581 0.083
94 6369.0 3.205 0.058
95 4254.0 0.874 0.081
96 4060.0 0.926 0.067
97 7251.0 2.731 0.039
98 6392.0 2.737 0.063
99 6324.0 3.314 0.058
100 6006.0 2.526 0.066
101 5530.0 2.672 0.073
102 6082.0 2.838 0.062
103 4100.0 3.56 0.066
104 4288.0 1.763 0.091
105 6042.0 3.175 0.062
106 3000.0 0.176 0.016
107 4629.0 1.617 0.095
108 4740.0 1.995 0.095
109 5030.0 2.07 0.084
110 4660.0 2.086 0.098
111 5144.0 2.094 0.082
112 5500.0 2.911 0.076
113 4959.0 2.46 0.09
114 4060.0 0.33 0.066
115 6267.0 3.293 0.06
116 7809.0 2.743 0.039
117 3970.0 0.269 0.037
118 3000.0 0.176 0.013
119 4787.0 2.575 0.096
120 5427.0 2.86 0.078
121 5310.0 2.607 0.078
122 6822.0 2.743 0.039
123 5740.0 2.894 0.069
124 5467.0 2.603 0.075
125 4700.0 1.588 0.093
126 5274.0 2.211 0.078
127 6162.0 3.067 0.061
128 5144.0 2.385 0.082
129 4634.0 2.081 0.104
130 5728.0 2.799 0.069
131 4867.0 1.436 0.088
132 4728.0 1.992 0.094
133 4655.0 1.906 0.096
134 4715.0 1.198 0.095
135 4100.0 0.161 0.076
136 5708.0 3.216 0.074
137 4254.0 0.62 0.084
138 4473.0 2.362 0.092
139 4728.0 2.153 0.097
140 5210.0 2.713 0.083
141 4684.0 0.363 0.111
142 4642.0 1.501 0.096
143 6479.0 3.11 0.043
144 5215.0 2.85 0.095
145 4100.0 0.455 0.072
146 4100.0 0.532 0.071
147 4950.0 1.309 0.085
148 7150.0 2.946 0.031
