OBJECT TEFF E_TEFF LOGG E_LOGG FEH E_FEH LI1 E_LI1 "AGE (Gyr)" GES_FLD
16262353-2453426 5657 82 4.42 0.15 -0.14 0.08 2.58 0.09 0.001 Rho_Oph
16263576-2450032 4438.33 74.87 2.33 0.13 -0.17 0.06 -1.00 0.00 0.001 Rho_Oph
16263781-2458228 5925 80 4.17 0.12 -0.03 0.07 2.12 0.10 0.001 Rho_Oph
16263941-2447498 6073 83 4.41 0.18 0.07 0.10 2.10 0.00 0.001 Rho_Oph
16264595-2456503 5749 81 4.22 0.13 -0.09 0.08 2.12 0.09 0.001 Rho_Oph
16264602-2443535 4353.83 94.61 4.66 0.10 -0.10 0.08 0.19 0.31 0.001 Rho_Oph
16264654-2453286 6592 98 3.99 0.33 -0.20 0.15 3.35 0.14 0.001 Rho_Oph
16264801-2457245 3809.57 57.6 4.56 0.08 -0.01 0.06 -0.16 0.26 0.001 Rho_Oph
16270114-2458568 5658 82 4.28 0.13 0.15 0.06 1.39 0.17 0.001 Rho_Oph
16270167-2456342 5770 79 4.42 0.15 -0.07 0.08 2.42 0.08 0.001 Rho_Oph
16270570-2452272 6751 82 4.24 0.16 -0.11 0.08 2.67 0.17 0.001 Rho_Oph
16270748-2452544 6806 82 4.00 0.13 -0.05 0.07 2.36 0.18 0.001 Rho_Oph
16271055-2457445 4477.42 76.8 2.56 0.10 0.07 0.05 -1.00 0.00 0.001 Rho_Oph
16271631-2449065 4420.5 118.01 2.85 0.38 -0.10 0.08 0.49 0.00 0.001 Rho_Oph
16271873-2457291 5633 82 4.19 0.11 -0.44 0.06 1.27 0.14 0.001 Rho_Oph
16272033-2501019 5817 80 4.13 0.14 0.14 0.06 1.89 0.12 0.001 Rho_Oph
16272219-2457085 5579 83 3.95 0.16 0.12 0.06 1.41 0.18 0.001 Rho_Oph
16272343-2454366 5819 84 4.42 0.10 -0.12 0.07 1.29 0.19 0.001 Rho_Oph
16272535-2459087 5793 83 4.24 0.11 0.04 0.06 2.33 0.08 0.001 Rho_Oph
16272998-2453142 6151 81 4.08 0.09 -0.16 0.06 1.71 0.11 0.001 Rho_Oph
16274308-2453583 4311.15 72.51 1.93 0.15 -0.35 0.08 0.01 0.00 0.001 Rho_Oph
16274882-2453381 5646 83 4.03 0.22 0.24 0.07 2.20 0.12 0.001 Rho_Oph
16280802-2400033 4688 96 1.66 0.70 -1.18 0.26 0.79 0.00 0.001 Rho_Oph
16283787-2355459 4719 98 2.81 0.70 0.14 0.16 0.73 0.00 0.001 Rho_Oph
16284724-2404046 4891 31 3.27 0.05 0.21 0.04 -1.00 0.00 0.001 Rho_Oph
16261671-2400069 4686 85 2.62 0.13 -0.03 0.05 0.62 0.00 0.001 Rho_Oph
16273851-2359451 4313.04 150.3 2.36 0.54 0.42 0.13 0.81 0.00 0.001 Rho_Oph
16262750-2358416 6193 34 4.01 0.06 -0.48 0.05 2.70 0.04 0.001 Rho_Oph
16252993-2357436 4469.33 140.13 2.13 0.33 -0.27 0.13 0.44 0.00 0.001 Rho_Oph
16253156-2402229 5913 80 4.34 0.21 -0.21 0.09 2.45 0.12 0.001 Rho_Oph
16284843-2424505 4487 81 4.72 0.18 -0.13 0.07 0.41 0.19 0.001 Rho_Oph
16285779-2428046 5748 36 4.16 0.05 0.20 0.04 2.19 0.04 0.001 Rho_Oph
16291704-2424080 4556 31 2.50 0.05 0.12 0.05 -0.69 0.00 0.001 Rho_Oph
16292199-2427194 5914 31 4.49 0.05 0.04 0.05 2.66 0.03 0.001 Rho_Oph
16244251-2440177 4383.22 162.41 2.65 0.62 -0.18 0.16 0.41 0.44 0.001 Rho_Oph
16245058-2438359 4001.27 155.87 1.46 0.64 -0.04 0.21 -0.40 0.00 0.001 Rho_Oph
16245462-2444065 4568 82 2.48 0.37 -0.07 0.12 0.64 0.00 0.001 Rho_Oph
16251732-2441369 4987 85 3.15 0.21 -0.01 0.06 0.90 0.25 0.001 Rho_Oph
16252700-2444477 5794 81 4.24 0.18 0.31 0.07 1.87 0.23 0.001 Rho_Oph
16253789-2443065 4543 83 2.34 0.22 -0.25 0.10 0.17 0.32 0.001 Rho_Oph
16254136-2445446 5834 83 4.26 0.18 -0.04 0.09 2.10 0.13 0.001 Rho_Oph
16255754-2442082 4757 82 2.70 0.18 -0.06 0.06 1.02 0.16 0.001 Rho_Oph
16251282-2449168 5848 31 4.26 0.05 0.35 0.05 2.34 0.03 0.001 Rho_Oph
16245763-2455015 4485.42 94.83 2.27 0.22 -0.18 0.09 0.03 0.41 0.001 Rho_Oph
16250320-2500570 4397.6 84.14 2.16 0.19 -0.23 0.09 0.40 0.00 0.001 Rho_Oph
16250626-2453469 4512 85 2.08 0.29 -0.49 0.09 0.59 0.19 0.001 Rho_Oph
16252293-2457196 4518.23 76.88 2.66 0.10 0.09 0.05 0.44 0.13 0.001 Rho_Oph
16253084-2457295 4781 82 2.69 0.25 0.02 0.06 0.89 0.19 0.001 Rho_Oph
16260558-2452339 4504.17 95.92 2.01 0.21 -0.38 0.10 0.51 0.00 0.001 Rho_Oph
16262061-2501367 3949.11 68.02 4.67 0.13 0.33 0.08 -1.00 0.00 0.001 Rho_Oph
16261089-2452154 4357 25 1.42 0.12 -1.29 0.04 -0.34 0.09 0.001 Rho_Oph
16262138-2459123 5000 31 2.81 0.05 -0.12 0.05 0.28 0.00 0.001 Rho_Oph
16252622-2423566 5337 93 3.46 0.69 -0.13 0.18 1.44 0.00 0.001 Rho_Oph
16253223-2419590 4933 97 2.72 0.69 0.05 0.17 1.21 0.40 0.001 Rho_Oph
16282399-2454503 6189 82 4.15 0.11 -0.06 0.07 1.42 0.00 0.001 Rho_Oph
16283288-2447550 6618 97 4.01 0.20 -0.10 0.08 2.33 0.00 0.001 Rho_Oph
16283602-2447354 6274 100 3.44 0.48 -0.11 0.19 2.80 0.00 0.001 Rho_Oph
16284311-2450190 5293 83 3.47 0.24 0.08 0.07 1.84 0.11 0.001 Rho_Oph
16284530-2453080 4521 83 2.33 0.15 -0.18 0.07 0.49 0.00 0.001 Rho_Oph
16284666-2446367 6194 93 3.47 0.59 -0.03 0.22 2.51 0.00 0.001 Rho_Oph
16285671-2445533 5389 95 2.92 0.59 -0.48 0.18 1.98 0.19 0.001 Rho_Oph
16285837-2443549 6639 98 3.74 0.38 0.41 0.16 2.61 0.00 0.001 Rho_Oph
16291234-2445347 4508.35 173.02 2.94 0.58 -0.06 0.14 0.44 0.00 0.001 Rho_Oph
16292156-2445094 4307.05 71.77 1.99 0.22 0.15 0.05 0.43 0.00 0.001 Rho_Oph
16292339-2449462 4549.56 78.15 2.47 0.12 -0.09 0.07 0.56 0.00 0.001 Rho_Oph
16291158-2501595 4369 36 2.40 0.05 0.17 0.04 -0.56 0.00 0.001 Rho_Oph
16292145-2457366 6078 32 3.91 0.05 -0.25 0.05 2.52 0.03 0.001 Rho_Oph
16261154-2459460 6110 81 4.23 0.12 0.06 0.05 2.58 0.07 0.001 Rho_Oph
16263561-2500174 4919 84 2.97 0.28 -0.02 0.06 1.07 0.00 0.001 Rho_Oph
16264720-2502158 4597 83 2.65 0.10 -0.05 0.05 0.72 0.00 0.001 Rho_Oph
16270616-2453492 4450.86 106.59 2.18 0.24 -0.21 0.10 0.56 0.00 0.001 Rho_Oph
16271005-2445343 3972.16 63.6 4.73 0.09 -0.13 0.06 0.23 0.16 0.001 Rho_Oph
16271832-2451141 4562.28 225.72 2.95 0.81 -0.12 0.20 0.57 0.00 0.001 Rho_Oph
16270007-2501426 6403 34 4.08 0.05 -0.37 0.05 1.97 0.09 0.001 Rho_Oph
16272291-2453412 5790 28 4.31 0.05 0.29 0.05 1.42 0.00 0.001 Rho_Oph
