OBJECT TEFF E_TEFF LOGG E_LOGG FEH E_FEH LI1 E_LI1 "AGE (Gyr)" GES_FLD
17520734-2932164 5369 65 3.85 0.17 0.08 0.05 1.38 0.00 1.66 Rup134
17521070-2931079 5663 64 4.28 0.17 -0.28 0.06 1.52 0.14 1.66 Rup134
17521295-2936299 5910 66 4.41 0.17 0.40 0.05 2.63 0.08 1.66 Rup134
17521323-2935197 5430 63 4.41 0.18 0.29 0.06 1.58 0.00 1.66 Rup134
17521349-2931364 5974 64 4.50 0.18 0.33 0.05 2.73 0.07 1.66 Rup134
17521373-2932566 6180 64 4.05 0.17 0.33 0.05 2.02 0.00 1.66 Rup134
17521603-2931269 6806 80 4.13 0.22 0.35 0.07 2.94 0.19 1.66 Rup134
17521624-2931413 5858 66 4.67 0.17 0.20 0.05 3.09 0.08 1.66 Rup134
17521628-2934413 6085 66 4.25 0.17 0.03 0.05 2.72 0.07 1.66 Rup134
17521638-2932129 5765 67 4.43 0.17 0.35 0.05 2.60 0.07 1.66 Rup134
17521840-2933503 5798 65 4.27 0.17 0.33 0.05 2.56 0.07 1.66 Rup134
17521852-2933136 6641 67 4.14 0.17 0.18 0.05 2.49 0.17 1.66 Rup134
17521956-2937006 5988 64 4.26 0.17 -0.08 0.05 1.84 0.22 1.66 Rup134
17521957-2933456 6730 65 4.11 0.17 0.14 0.06 3.35 0.05 1.66 Rup134
17522027-2929157 5874 65 4.34 0.17 0.26 0.05 1.96 0.18 1.66 Rup134
17522092-2934004 6636 63 4.15 0.17 0.16 0.05 1.97 0.00 1.66 Rup134
17522119-2933007 6531 67 4.17 0.18 0.17 0.05 3.29 0.06 1.66 Rup134
17522305-2933199 6066 65 4.10 0.17 -0.14 0.06 2.66 0.06 1.66 Rup134
17522363-2929390 6372 64 4.15 0.17 0.17 0.05 2.76 0.10 1.66 Rup134
17522603-2934329 6178 66 4.29 0.17 0.04 0.05 2.89 0.07 1.66 Rup134
17522735-2934071 6749 75 4.18 0.17 0.08 0.10 3.28 0.06 1.66 Rup134
17522757-2933094 6416 66 4.16 0.17 -0.01 0.05 2.44 0.05 1.66 Rup134
17522803-2932233 6264 64 3.97 0.18 0.26 0.05 2.01 0.00 1.66 Rup134
17522903-2935439 6546 64 4.22 0.17 0.03 0.06 2.06 0.19 1.66 Rup134
17523034-2936370 5944 64 4.21 0.17 0.34 0.05 1.80 0.00 1.66 Rup134
17523122-2933294 6723 78 4.08 0.18 -0.05 0.09 2.43 0.20 1.66 Rup134
17523230-2932288 6565 76 4.23 0.18 0.00 0.10 2.71 0.12 1.66 Rup134
17523348-2937053 6467 65 4.15 0.17 0.09 0.05 2.44 0.00 1.66 Rup134
17523420-2935213 6943 68 4.17 0.17 0.04 0.06 2.92 0.08 1.66 Rup134
17523423-2936225 5983 65 4.30 0.18 0.13 0.05 2.55 0.06 1.66 Rup134
17523443-2937402 5883 65 4.39 0.18 -0.03 0.06 1.96 0.08 1.66 Rup134
17523558-2937318 6509 66 4.10 0.17 0.09 0.05 2.10 0.00 1.66 Rup134
17523599-2933407 6670 65 4.34 0.18 0.01 0.06 2.49 0.00 1.66 Rup134
17523730-2932044 6673 66 4.16 0.17 0.13 0.06 2.30 0.00 1.66 Rup134
17523908-2934263 5471 65 4.45 0.17 0.22 0.05 1.58 0.00 1.66 Rup134
17523941-2935184 6843 65 4.14 0.18 0.16 0.06 2.14 0.00 1.66 Rup134
17523947-2932158 6869 79 4.16 0.18 0.01 0.10 3.00 0.11 1.66 Rup134
17524112-2932326 6786 66 3.82 0.17 0.04 0.05 2.71 0.10 1.66 Rup134
17524161-2938170 6380 64 4.19 0.18 0.05 0.05 1.88 0.34 1.66 Rup134
17524272-2927588 5525 64 4.16 0.17 0.22 0.06 1.41 0.31 1.66 Rup134
17524301-2931520 6590 65 3.92 0.17 0.23 0.05 3.11 0.05 1.66 Rup134
17524314-2933490 6635 67 3.80 0.17 0.06 0.06 3.25 0.05 1.66 Rup134
17524319-2931308 6352 64 3.58 0.17 0.20 0.06 3.49 0.06 1.66 Rup134
17524338-2930033 6335 79 3.92 0.18 0.06 0.09 3.29 0.13 1.66 Rup134
17524413-2934145 6520 66 4.07 0.18 0.09 0.05 2.13 0.00 1.66 Rup134
17524414-2934279 6807 66 4.08 0.18 0.06 0.05 3.20 0.10 1.66 Rup134
17524477-2935536 6819 64 4.19 0.18 0.11 0.05 3.30 0.06 1.66 Rup134
17524573-2930419 6567 65 4.23 0.18 0.26 0.06 2.64 0.11 1.66 Rup134
17524597-2937389 6618 66 4.05 0.17 0.24 0.05 2.38 0.00 1.66 Rup134
17524627-2933499 5018 66 3.09 0.17 0.13 0.06 0.60 0.96 1.66 Rup134
17524635-2937134 6379 63 4.14 0.17 0.16 0.05 1.82 0.35 1.66 Rup134
17524636-2936263 6469 65 4.15 0.17 0.03 0.06 2.11 0.00 1.66 Rup134
17524657-2931255 6789 66 4.15 0.17 0.11 0.05 3.01 0.11 1.66 Rup134
17524659-2933195 6640 77 4.07 0.18 0.06 0.09 3.43 0.07 1.66 Rup134
17524708-2932339 6460 66 4.09 0.17 -0.39 0.05 2.97 0.07 1.66 Rup134
17524821-2931236 6487 66 4.10 0.18 0.16 0.05 2.18 0.23 1.66 Rup134
17524858-2937481 5624 64 4.59 0.17 -0.05 0.05 1.60 0.15 1.66 Rup134
17524895-2930139 5795 63 4.23 0.17 -0.36 0.05 1.46 0.12 1.66 Rup134
17524925-2936166 5962 65 4.21 0.17 0.46 0.03 2.05 0.17 1.66 Rup134
17524959-2933320 6308 65 4.29 0.18 0.12 0.05 2.67 0.12 1.66 Rup134
17524991-2929269 6395 65 4.19 0.17 0.23 0.06 2.72 0.12 1.66 Rup134
17525072-2933123 5880 66 4.36 0.18 -0.10 0.05 2.34 0.09 1.66 Rup134
17525093-2930515 6450 65 4.09 0.17 -0.07 0.05 2.58 0.08 1.66 Rup134
17525125-2932522 5229 65 4.21 0.18 0.03 0.05 2.81 0.08 1.66 Rup134
17525186-2935315 6223 65 4.18 0.18 0.07 0.05 2.77 0.06 1.66 Rup134
17525234-2937458 6109 63 4.41 0.18 0.23 0.05 2.30 0.18 1.66 Rup134
17525246-2932416 6678 64 4.32 0.18 0.18 0.06 2.42 0.17 1.66 Rup134
17525280-2931432 6785 66 4.25 0.18 0.15 0.05 2.97 0.06 1.66 Rup134
17525307-2936110 6859 65 4.01 0.17 -0.17 0.05 3.05 0.12 1.66 Rup134
17525412-2938006 6070 65 4.13 0.17 0.24 0.05 2.22 0.15 1.66 Rup134
17525647-2933423 5146 65 4.65 0.18 0.11 0.05 0.87 0.28 1.66 Rup134
17525688-2932582 6796 65 4.03 0.18 0.01 0.06 3.28 0.09 1.66 Rup134
17525765-2931573 6007 65 3.96 0.17 0.08 0.06 1.95 0.21 1.66 Rup134
17525791-2934131 6509 65 3.98 0.17 0.08 0.06 3.34 0.05 1.66 Rup134
17530140-2930333 6360 65 4.08 0.17 0.33 0.06 1.99 0.61 1.66 Rup134
17530145-2934456 6267 67 4.18 0.18 -0.15 0.05 2.72 0.08 1.66 Rup134
17530149-2933439 6368 63 4.16 0.18 0.26 0.05 2.26 0.23 1.66 Rup134
17530531-2934317 6168 65 4.25 0.17 0.12 0.05 2.86 0.07 1.66 Rup134
17530565-2933532 6325 66 3.96 0.17 0.10 0.05 2.06 0.00 1.66 Rup134
17530944-2931215 5675 65 4.38 0.17 0.15 0.05 1.38 0.00 1.66 Rup134
17530959-2929046 6342 66 4.09 0.18 -0.25 0.05 2.14 0.00 1.66 Rup134
17530990-2933492 4859 65 4.57 0.17 -0.55 0.06 0.43 0.24 1.66 Rup134
17531134-2933516 4995 65 3.36 0.17 0.20 0.06 0.69 0.28 1.66 Rup134
17531291-2934479 5784 66 4.68 0.17 0.28 0.05 2.29 0.12 1.66 Rup134
17523883-2932586 4706 31 2.66 0.05 0.27 0.05 0.69 0.07 1.66 Rup134
17524150-2931565 4748 30 2.76 0.05 0.27 0.05 0.98 0.06 1.66 Rup134
17524180-2933493 4745 31 2.83 0.05 0.29 0.05 0.92 0.06 1.66 Rup134
17524742-2931471 5266 32 3.59 0.05 0.01 0.05 1.57 0.05 1.66 Rup134
17525298-2931582 4728 31 2.65 0.05 0.30 0.05 0.40 0.09 1.66 Rup134
17522098-2934488 5788 64 3.91 0.17 -0.43 0.06 1.72 0.11 1.66 Rup134
17522219-2936462 6358 64 4.11 0.18 0.06 0.05 2.85 0.11 1.66 Rup134
17522374-2930425 4449 74 4.81 0.18 -0.07 0.09 0.01 0.39 1.66 Rup134
17522658-2936038 5563 65 4.54 0.18 0.33 0.05 1.51 0.00 1.66 Rup134
17522715-2932503 6325 66 4.17 0.17 0.34 0.06 2.37 0.17 1.66 Rup134
17522984-2934487 6469 66 4.10 0.17 0.19 0.05 3.30 0.10 1.66 Rup134
17523070-2936497 5470 64 3.85 0.17 0.16 0.05 1.29 0.27 1.66 Rup134
17523118-2934246 6249 65 4.23 0.17 0.15 0.05 2.96 0.08 1.66 Rup134
17523213-2932242 6708 66 4.25 0.17 0.19 0.05 2.40 0.29 1.66 Rup134
17523218-2939471 6235 67 4.24 0.17 0.07 0.05 3.04 0.08 1.66 Rup134
17523341-2926241 5014 65 3.91 0.17 -0.49 0.05 0.86 0.20 1.66 Rup134
17523436-2925313 6045 65 4.36 0.18 0.24 0.06 1.91 0.14 1.66 Rup134
17523505-2938534 6703 66 4.14 0.17 0.18 0.05 2.46 0.30 1.66 Rup134
17523699-2931132 6168 65 4.23 0.17 0.08 0.05 2.68 0.10 1.66 Rup134
17523812-2931057 6539 65 4.25 0.18 -0.04 0.06 2.00 0.00 1.66 Rup134
17523850-2933460 6722 66 4.09 0.18 0.11 0.06 2.81 0.19 1.66 Rup134
17523858-2926125 6493 64 4.06 0.17 0.18 0.05 2.54 0.16 1.66 Rup134
17523863-2938154 5769 63 4.44 0.18 0.30 0.05 2.24 0.08 1.66 Rup134
17523941-2930503 5316 96 2.99 0.26 -1.06 0.16 2.34 0.15 1.66 Rup134
17524062-2931514 6636 65 4.25 0.17 0.20 0.05 2.52 0.14 1.66 Rup134
17524170-2936350 6640 65 4.35 0.17 0.03 0.06 2.14 0.00 1.66 Rup134
17524192-2934067 6567 65 4.18 0.17 0.12 0.05 2.84 0.09 1.66 Rup134
17524205-2933433 6752 68 4.20 0.17 0.07 0.05 2.86 0.09 1.66 Rup134
17524257-2928150 6297 74 3.89 0.18 0.16 0.10 3.29 0.07 1.66 Rup134
17524348-2933597 6843 66 4.10 0.17 0.22 0.06 3.06 0.06 1.66 Rup134
17524374-2930326 6600 65 4.15 0.17 0.00 0.05 1.95 0.00 1.66 Rup134
17524383-2926050 6328 67 4.22 0.17 0.20 0.05 2.89 0.06 1.66 Rup134
17524388-2931537 6172 65 4.57 0.17 0.15 0.05 3.00 0.08 1.66 Rup134
17524495-2937471 6656 63 4.11 0.17 0.19 0.05 2.30 0.37 1.66 Rup134
17524537-2930165 6846 67 4.17 0.17 0.15 0.06 3.37 0.06 1.66 Rup134
17524594-2935333 6706 78 3.99 0.18 0.04 0.09 3.25 0.08 1.66 Rup134
17524624-2935457 6516 67 4.24 0.17 0.13 0.05 2.03 0.00 1.66 Rup134
17524660-2930228 6525 65 3.80 0.18 0.10 0.05 3.73 0.06 1.66 Rup134
17524703-2939113 6673 68 4.27 0.17 0.13 0.05 2.36 0.00 1.66 Rup134
17524705-2929234 6462 65 3.89 0.17 0.11 0.05 2.24 0.00 1.66 Rup134
17524710-2935129 6658 65 4.40 0.17 0.17 0.06 2.74 0.20 1.66 Rup134
17524768-2934115 6221 64 4.32 0.17 -0.06 0.06 2.62 0.09 1.66 Rup134
17524811-2926228 5726 65 4.18 0.17 0.38 0.05 2.67 0.06 1.66 Rup134
17524903-2926366 6754 67 4.45 0.18 0.08 0.05 2.28 0.00 1.66 Rup134
17524993-2927572 6756 65 4.21 0.17 0.18 0.05 2.33 0.00 1.66 Rup134
17525017-2937173 6859 66 3.95 0.17 0.20 0.05 2.09 0.00 1.66 Rup134
17525018-2934381 6666 78 4.14 0.18 0.12 0.10 2.06 0.00 1.66 Rup134
17525034-2929051 6616 66 4.08 0.17 0.16 0.05 3.33 0.06 1.66 Rup134
17525132-2932259 6458 66 4.07 0.17 0.04 0.05 2.37 0.17 1.66 Rup134
17525182-2925551 6192 64 4.05 0.17 -0.15 0.05 1.58 0.00 1.66 Rup134
17525197-2932012 6005 66 4.12 0.17 -0.33 0.05 1.72 0.00 1.66 Rup134
17525209-2927253 5958 65 4.21 0.17 -0.07 0.05 1.69 0.00 1.66 Rup134
17525329-2926591 6799 67 4.06 0.17 0.19 0.05 3.32 0.06 1.66 Rup134
17525404-2933213 6826 66 4.19 0.17 -0.11 0.05 3.54 0.10 1.66 Rup134
17525433-2928062 5822 66 4.09 0.17 0.34 0.06 1.51 0.39 1.66 Rup134
17525453-2935119 6394 66 4.17 0.17 -0.74 0.06 1.97 0.00 1.66 Rup134
17525464-2938168 6936 67 3.96 0.17 0.09 0.05 3.20 0.07 1.66 Rup134
17525469-2930176 6818 65 4.17 0.17 0.14 0.05 3.22 0.06 1.66 Rup134
17525484-2931080 6059 64 4.63 0.18 0.12 0.05 2.17 0.00 1.66 Rup134
17525612-2932386 5504 64 4.70 0.18 -0.28 0.05 1.64 0.19 1.66 Rup134
17525648-2935247 5839 65 4.32 0.17 -0.01 0.05 2.02 0.09 1.66 Rup134
17525731-2936589 6661 66 4.12 0.17 0.12 0.05 3.30 0.05 1.66 Rup134
17525752-2927078 6825 65 4.19 0.18 0.15 0.05 2.94 0.10 1.66 Rup134
17525900-2930056 5675 64 3.77 0.18 -0.49 0.05 1.00 0.25 1.66 Rup134
17525904-2929331 6165 64 4.20 0.18 0.11 0.05 2.92 0.06 1.66 Rup134
17525910-2935314 6476 65 4.23 0.17 0.07 0.05 2.03 0.25 1.66 Rup134
17525976-2936535 6996 70 4.20 0.20 0.21 0.06 2.98 0.08 1.66 Rup134
17530015-2939280 6362 65 4.25 0.18 -0.11 0.05 2.83 0.10 1.66 Rup134
17530205-2934398 6670 66 4.00 0.17 0.05 0.06 3.54 0.06 1.66 Rup134
17530208-2939297 5832 64 4.21 0.17 0.09 0.06 1.51 0.00 1.66 Rup134
17530222-2927026 4970 64 4.64 0.18 0.32 0.05 1.18 0.00 1.66 Rup134
17530237-2929224 5674 65 4.13 0.17 -0.20 0.05 2.23 0.09 1.66 Rup134
17530508-2931303 6734 64 4.28 0.18 0.22 0.05 3.54 0.09 1.66 Rup134
17530551-2933369 6548 66 4.27 0.17 0.15 0.05 2.48 0.00 1.66 Rup134
17530560-2932268 5933 64 4.43 0.17 0.32 0.05 2.01 0.00 1.66 Rup134
17530785-2936554 5199 77 4.54 0.19 0.14 0.10 0.98 0.00 1.66 Rup134
17530917-2937418 6807 66 4.30 0.17 0.18 0.06 2.62 0.00 1.66 Rup134
17531107-2930458 5648 63 4.32 0.18 0.27 0.05 2.43 0.09 1.66 Rup134
17531148-2936266 6599 62 4.45 0.18 -0.03 0.05 2.26 0.00 1.66 Rup134
17531466-2931058 6396 64 4.31 0.17 0.10 0.05 2.14 0.00 1.66 Rup134
17531759-2931435 6059 65 4.05 0.17 0.12 0.05 2.12 0.00 1.66 Rup134
17523419-2932291 4781 30 2.80 0.05 0.27 0.05 1.19 0.04 1.66 Rup134
17523684-2932042 4675 31 2.57 0.05 0.11 0.05 -1.00 0.00 1.66 Rup134
17523763-2931527 4723 31 2.65 0.05 0.28 0.05 0.54 0.09 1.66 Rup134
17524206-2931490 4783 31 2.88 0.05 0.19 0.05 1.32 0.04 1.66 Rup134
17524658-2928367 4724 31 2.70 0.05 0.15 0.05 0.48 0.00 1.66 Rup134
17524920-2936248 4652 32 2.67 0.05 0.21 0.05 1.46 0.05 1.66 Rup134
17525618-2933162 4764 32 2.73 0.05 0.26 0.05 0.68 0.06 1.66 Rup134
17522233-2934097 6091 64 4.30 0.17 0.01 0.06 2.73 0.09 1.66 Rup134
17522487-2930076 5748 65 4.31 0.18 0.02 0.06 2.44 0.10 1.66 Rup134
17522504-2937496 5400 66 4.04 0.18 0.17 0.05 1.71 0.25 1.66 Rup134
17522770-2938028 5070 65 3.71 0.17 -0.09 0.05 1.41 0.14 1.66 Rup134
17522811-2931383 5561 66 4.27 0.17 0.32 0.05 1.74 0.17 1.66 Rup134
17522812-2935298 6415 65 3.85 0.17 0.16 0.05 2.87 0.22 1.66 Rup134
17522857-2935451 6110 64 4.38 0.18 0.26 0.06 3.02 0.08 1.66 Rup134
17522991-2938052 5079 65 3.52 0.18 -0.20 0.05 0.87 0.28 1.66 Rup134
17523031-2935018 6861 66 4.13 0.17 0.12 0.05 2.54 0.00 1.66 Rup134
17523037-2937370 5959 79 4.66 0.22 0.15 0.08 3.06 0.15 1.66 Rup134
17523154-2933044 6244 64 4.32 0.17 0.10 0.05 2.55 0.17 1.66 Rup134
17523293-2932168 6697 65 4.22 0.18 0.17 0.05 3.43 0.07 1.66 Rup134
17523462-2937419 5887 65 4.40 0.17 -0.01 0.05 2.27 0.15 1.66 Rup134
17523482-2934300 5151 81 3.20 0.22 -0.11 0.07 1.90 0.22 1.66 Rup134
17523524-2930282 6767 70 3.93 0.21 0.13 0.06 3.46 0.08 1.66 Rup134
17523525-2933024 6396 66 4.17 0.17 0.08 0.06 2.46 0.00 1.66 Rup134
17523671-2936217 5882 64 4.35 0.17 0.15 0.05 2.51 0.09 1.66 Rup134
17523749-2935202 6393 67 4.05 0.17 0.05 0.05 2.56 0.21 1.66 Rup134
17523786-2933355 5320 81 4.33 0.21 -0.64 0.08 1.98 0.00 1.66 Rup134
17523798-2932353 5919 66 4.28 0.17 0.36 0.05 2.70 0.14 1.66 Rup134
17523871-2933274 5815 65 4.27 0.17 0.35 0.05 2.50 0.13 1.66 Rup134
17523927-2932238 4827 66 2.97 0.18 0.20 0.06 1.26 0.00 1.66 Rup134
17523983-2935325 5552 65 4.34 0.17 0.31 0.06 1.86 0.18 1.66 Rup134
17523991-2936107 5755 65 4.27 0.18 0.29 0.05 2.10 0.13 1.66 Rup134
17524030-2935432 4800 94 3.35 0.26 0.24 0.13 1.65 0.20 1.66 Rup134
17524055-2936459 6139 65 4.07 0.17 0.28 0.05 3.28 0.11 1.66 Rup134
17524128-2935583 5663 66 4.06 0.17 0.04 0.05 2.00 0.23 1.66 Rup134
17524169-2931135 5839 66 4.60 0.17 -0.12 0.05 2.53 0.13 1.66 Rup134
17524214-2932358 5094 64 3.48 0.18 0.13 0.05 1.28 0.29 1.66 Rup134
17524323-2932348 4636 67 4.25 0.18 0.19 0.05 0.88 0.23 1.66 Rup134
17524337-2936055 5221 65 4.24 0.18 0.13 0.05 1.75 0.00 1.66 Rup134
17524485-2938410 6107 96 3.77 0.26 0.46 0.04 2.58 0.00 1.66 Rup134
17524514-2932118 6086 65 4.44 0.17 0.29 0.06 3.10 0.07 1.66 Rup134
17524525-2926123 5857 64 4.01 0.17 -0.43 0.05 1.95 0.19 1.66 Rup134
17524572-2927366 5936 66 4.58 0.17 0.45 0.04 1.95 0.46 1.66 Rup134
17524598-2925135 5885 82 4.80 0.22 0.21 0.08 2.30 0.26 1.66 Rup134
17524606-2926465 4854 95 3.11 0.26 0.31 0.12 1.47 0.28 1.66 Rup134
17524626-2928080 6005 65 4.36 0.17 0.42 0.05 2.20 0.17 1.66 Rup134
17524695-2938447 5718 64 4.49 0.17 -0.19 0.06 1.90 0.00 1.66 Rup134
17524698-2933255 4921 96 3.40 0.26 0.41 0.08 1.34 0.00 1.66 Rup134
17524714-2927538 6014 64 4.12 0.17 0.11 0.05 2.79 0.11 1.66 Rup134
17524740-2931558 6428 65 4.24 0.17 0.26 0.06 2.52 0.19 1.66 Rup134
17524747-2936219 6521 64 4.21 0.17 0.17 0.05 2.61 0.00 1.66 Rup134
17524752-2938085 6118 66 4.09 0.17 0.34 0.05 2.10 0.00 1.66 Rup134
17524782-2934458 5181 80 4.05 0.21 0.31 0.07 1.67 0.00 1.66 Rup134
17524790-2928578 6822 66 4.18 0.17 0.14 0.05 3.38 0.06 1.66 Rup134
17524817-2929158 6777 66 4.23 0.18 0.13 0.05 3.29 0.05 1.66 Rup134
17524821-2931164 6426 66 4.12 0.17 0.14 0.05 2.79 0.11 1.66 Rup134
17524826-2929394 6795 65 4.24 0.18 0.22 0.05 3.55 0.06 1.66 Rup134
17524886-2929593 5647 66 3.90 0.17 0.26 0.05 2.02 0.20 1.66 Rup134
17524927-2929322 5787 66 4.35 0.17 0.02 0.05 2.16 0.19 1.66 Rup134
17524943-2934369 5976 64 3.85 0.17 -0.05 0.06 2.22 0.12 1.66 Rup134
17524949-2927599 5598 65 4.50 0.17 0.34 0.06 1.88 0.22 1.66 Rup134
17525002-2937478 5621 64 4.18 0.17 -0.30 0.05 1.82 0.28 1.66 Rup134
17525074-2926177 5712 104 4.64 0.33 0.45 0.04 2.09 0.00 1.66 Rup134
17525093-2933299 5869 96 4.11 0.26 0.38 0.09 2.49 0.00 1.66 Rup134
17525165-2937141 4751 81 3.94 0.22 0.32 0.07 0.96 0.00 1.66 Rup134
17525165-2937334 5524 64 4.65 0.17 -0.33 0.05 2.23 0.15 1.66 Rup134
17525262-2934593 6152 65 4.07 0.17 0.34 0.05 2.89 0.11 1.66 Rup134
17525272-2931149 6232 63 4.00 0.18 0.09 0.05 3.05 0.06 1.66 Rup134
17525296-2925357 6254 65 4.26 0.17 0.22 0.05 3.24 0.07 1.66 Rup134
17525342-2936015 6319 65 3.91 0.18 0.34 0.06 2.45 0.00 1.66 Rup134
17525371-2928010 4592 93 4.78 0.26 0.26 0.13 1.00 0.26 1.66 Rup134
17525390-2938229 5942 66 4.09 0.18 -0.03 0.05 2.26 0.15 1.66 Rup134
17525461-2931176 4529 95 2.59 0.26 0.18 0.15 0.45 0.88 1.66 Rup134
17525463-2925460 5387 66 4.28 0.18 -0.48 0.05 1.02 0.00 1.66 Rup134
17525585-2936196 6132 64 4.48 0.18 0.36 0.05 2.94 0.12 1.66 Rup134
17525590-2935114 5656 65 4.41 0.17 -0.06 0.05 2.44 0.10 1.66 Rup134
17525640-2932419 6298 84 3.90 0.22 0.15 0.08 2.98 0.17 1.66 Rup134
17525656-2930380 6061 64 4.17 0.17 0.18 0.05 2.26 0.22 1.66 Rup134
17525786-2931538 5010 94 3.73 0.26 0.09 0.15 1.58 0.31 1.66 Rup134
17525865-2934063 6052 68 4.17 0.17 0.34 0.05 3.19 0.14 1.66 Rup134
17525900-2926588 5109 65 4.50 0.17 -0.29 0.05 1.20 0.17 1.66 Rup134
17525937-2929402 5365 64 4.12 0.17 -0.13 0.06 1.74 0.15 1.66 Rup134
17525990-2931135 6597 80 4.25 0.18 0.02 0.10 3.07 0.10 1.66 Rup134
17530008-2932076 4650 65 4.81 0.18 -0.09 0.05 0.37 0.36 1.66 Rup134
17530049-2935016 5792 64 4.44 0.17 0.09 0.06 2.41 0.14 1.66 Rup134
17530280-2932261 6660 64 4.17 0.18 0.08 0.05 3.28 0.06 1.66 Rup134
17530465-2931132 5805 65 4.54 0.17 0.28 0.05 1.97 0.00 1.66 Rup134
17530503-2933026 6273 82 4.40 0.22 0.43 0.05 2.32 0.00 1.66 Rup134
17530583-2930434 5290 79 3.97 0.22 -0.14 0.08 1.75 0.22 1.66 Rup134
17530583-2933323 6463 83 4.66 0.22 0.48 0.02 3.49 0.18 1.66 Rup134
17530641-2934046 5670 64 3.99 0.17 0.02 0.05 1.80 0.00 1.66 Rup134
17530680-2930072 4702 63 4.65 0.17 0.23 0.05 0.96 0.26 1.66 Rup134
17530717-2929316 6082 65 4.22 0.17 0.19 0.05 2.91 0.08 1.66 Rup134
17530777-2934555 6376 65 3.68 0.18 -0.01 0.05 2.71 0.26 1.66 Rup134
17530918-2932381 5982 64 4.44 0.18 0.29 0.05 2.79 0.07 1.66 Rup134
17531318-2932187 6058 64 4.21 0.17 0.35 0.05 1.57 0.51 1.66 Rup134
17531608-2931193 5572 66 4.25 0.17 0.29 0.05 2.08 0.22 1.66 Rup134
17531740-2931059 5554 93 3.98 0.26 0.39 0.08 2.18 0.28 1.66 Rup134
17522929-2935169 4662 31 2.63 0.05 0.22 0.05 -0.37 0.00 1.66 Rup134
17523230-2931543 4848 30 2.91 0.05 0.05 0.05 0.30 0.00 1.66 Rup134
17523401-2932444 4692 31 2.67 0.05 0.31 0.05 0.58 0.08 1.66 Rup134
17523876-2929501 4783 31 2.76 0.05 0.33 0.05 0.35 0.11 1.66 Rup134
17524864-2930433 4940 31 3.02 0.05 -0.05 0.05 0.96 0.07 1.66 Rup134
17520820-2933331 6179 64 4.42 0.18 0.14 0.05 2.09 0.14 1.66 Rup134
17521145-2933343 5859 66 4.43 0.17 0.26 0.06 1.38 0.22 1.66 Rup134
17521232-2930439 6332 64 4.48 0.18 0.39 0.05 2.98 0.20 1.66 Rup134
17521255-2931423 5895 66 4.51 0.17 0.33 0.05 2.88 0.08 1.66 Rup134
17521309-2930548 5536 70 4.52 0.21 0.40 0.05 1.75 0.00 1.66 Rup134
17521319-2932598 5851 65 4.09 0.17 -0.41 0.05 2.39 0.09 1.66 Rup134
17521336-2932369 4946 65 3.49 0.17 0.01 0.05 0.88 0.00 1.66 Rup134
17521339-2929064 5542 81 3.23 0.22 -0.28 0.08 2.14 0.31 1.66 Rup134
17521568-2934061 5020 65 2.95 0.17 -0.48 0.05 0.88 0.00 1.66 Rup134
17521648-2928288 6386 65 3.88 0.18 -0.28 0.05 2.65 0.22 1.66 Rup134
17521656-2929363 5203 65 4.51 0.18 -0.03 0.05 1.22 0.00 1.66 Rup134
17521685-2937443 6593 76 4.23 0.18 0.19 0.09 3.21 0.07 1.66 Rup134
17521693-2930479 6015 63 4.45 0.18 0.28 0.05 2.69 0.08 1.66 Rup134
17521726-2931013 6748 67 4.28 0.18 0.12 0.05 3.07 0.12 1.66 Rup134
17521763-2934435 5676 65 4.18 0.17 0.35 0.05 2.08 0.10 1.66 Rup134
17521805-2931282 4891 81 3.61 0.22 -0.23 0.07 0.94 0.00 1.66 Rup134
17521821-2929263 5161 106 3.85 0.24 -0.46 0.09 2.09 0.17 1.66 Rup134
17521932-2937217 5918 91 3.17 0.26 -0.12 0.15 2.43 0.31 1.66 Rup134
17521993-2930499 4243 78 4.91 0.18 0.01 0.09 0.39 0.22 1.66 Rup134
17522052-2932358 6318 65 4.42 0.17 0.26 0.05 3.13 0.08 1.66 Rup134
17522169-2934072 6812 73 4.28 0.20 0.10 0.06 2.69 0.22 1.66 Rup134
17522176-2931057 5768 77 4.29 0.18 0.30 0.09 2.10 0.22 1.66 Rup134
17522188-2931210 6513 71 4.13 0.21 0.13 0.05 2.73 0.19 1.66 Rup134
17522262-2936374 6302 66 4.28 0.18 0.34 0.06 3.08 0.09 1.66 Rup134
17522327-2933438 5827 63 4.31 0.18 0.01 0.05 2.61 0.06 1.66 Rup134
17522441-2932473 4891 96 4.50 0.26 0.04 0.16 1.38 0.27 1.66 Rup134
17522588-2934369 5266 65 4.47 0.17 0.23 0.06 1.43 0.50 1.66 Rup134
17522746-2932483 5270 68 4.32 0.21 -0.18 0.06 1.72 0.22 1.66 Rup134
17522755-2934291 6525 65 4.08 0.17 0.10 0.05 2.92 0.09 1.66 Rup134
17522860-2932442 6694 67 4.13 0.17 0.18 0.06 2.25 0.33 1.66 Rup134
17522875-2934204 6216 64 4.16 0.18 0.17 0.05 2.80 0.10 1.66 Rup134
17523097-2939222 6821 83 3.67 0.22 0.36 0.07 3.60 0.08 1.66 Rup134
17523123-2929524 5792 64 4.53 0.17 0.46 0.03 2.30 0.19 1.66 Rup134
17523176-2933414 5810 64 4.23 0.17 0.14 0.06 2.51 0.15 1.66 Rup134
17523316-2933396 5693 82 3.57 0.21 0.29 0.08 2.47 0.17 1.66 Rup134
17523340-2933267 6035 65 4.05 0.18 0.19 0.05 2.80 0.13 1.66 Rup134
17523438-2933037 5880 63 4.01 0.17 -0.21 0.05 2.73 0.10 1.66 Rup134
17523522-2931006 6449 65 3.93 0.18 0.08 0.05 3.26 0.12 1.66 Rup134
17523538-2933282 6199 66 4.16 0.18 0.03 0.05 3.25 0.07 1.66 Rup134
17523562-2936162 6349 65 4.12 0.18 0.26 0.06 3.08 0.12 1.66 Rup134
17523654-2933085 4953 65 3.74 0.18 0.20 0.05 1.21 0.24 1.66 Rup134
17523681-2932140 6346 66 4.28 0.18 0.14 0.05 1.95 0.00 1.66 Rup134
17523825-2930047 6609 76 4.10 0.18 -0.01 0.10 2.07 0.00 1.66 Rup134
17524002-2930520 4723 65 3.09 0.17 0.09 0.05 0.46 0.73 1.66 Rup134
17524090-2934441 5372 65 4.31 0.17 0.21 0.06 1.58 0.31 1.66 Rup134
17524106-2931467 5688 65 4.27 0.17 0.20 0.05 1.84 0.14 1.66 Rup134
17524108-2937526 6694 67 4.28 0.17 0.18 0.06 2.66 0.20 1.66 Rup134
17524134-2936211 5415 81 4.21 0.22 0.35 0.07 2.13 0.19 1.66 Rup134
17524156-2935244 6408 66 4.22 0.17 0.16 0.05 2.76 0.11 1.66 Rup134
17524159-2935491 6430 64 4.09 0.17 0.26 0.05 2.75 0.11 1.66 Rup134
17524231-2931185 5804 64 4.41 0.18 0.05 0.06 1.29 0.60 1.66 Rup134
17524237-2932364 5561 81 4.03 0.22 0.29 0.07 2.10 0.00 1.66 Rup134
17524250-2931417 6509 64 4.26 0.18 0.18 0.06 2.32 0.26 1.66 Rup134
17524262-2929479 5568 64 4.29 0.17 0.06 0.05 1.62 0.23 1.66 Rup134
17524304-2936587 6223 69 4.33 0.21 0.38 0.05 3.08 0.09 1.66 Rup134
17524315-2938571 5579 82 4.28 0.22 0.29 0.08 2.03 0.25 1.66 Rup134
17524394-2936463 4973 65 4.41 0.18 0.23 0.06 1.06 0.00 1.66 Rup134
17524425-2929519 5732 81 3.92 0.21 0.26 0.08 1.81 0.00 1.66 Rup134
17524502-2937395 5099 83 3.20 0.21 0.40 0.06 1.10 0.00 1.66 Rup134
17524519-2936144 5671 65 4.42 0.17 0.31 0.06 1.87 0.25 1.66 Rup134
17524609-2936567 3714 107 4.84 0.23 -0.13 0.09 -1.00 0.00 1.66 Rup134
17524655-2933487 5844 65 4.04 0.18 0.38 0.05 2.91 0.10 1.66 Rup134
17524705-2929194 6120 64 4.22 0.17 0.31 0.05 3.68 0.08 1.66 Rup134
17524780-2938190 6113 67 4.48 0.18 0.27 0.06 3.15 0.09 1.66 Rup134
17524898-2937057 5914 63 3.89 0.18 0.19 0.05 2.03 0.00 1.66 Rup134
17525201-2939332 6427 65 4.19 0.18 0.35 0.05 3.22 0.12 1.66 Rup134
17525258-2936563 6302 83 4.19 0.23 0.05 0.08 3.10 0.21 1.66 Rup134
17525360-2937088 5393 65 4.08 0.17 0.30 0.05 1.31 0.00 1.66 Rup134
17525415-2938315 5752 64 4.09 0.17 0.00 0.05 2.53 0.09 1.66 Rup134
17525421-2932320 5563 81 4.88 0.21 0.45 0.04 1.64 1.50 1.66 Rup134
17525508-2935416 5986 106 4.05 0.24 -0.03 0.09 2.26 0.00 1.66 Rup134
17525566-2934141 5228 66 4.23 0.18 0.37 0.05 1.44 0.25 1.66 Rup134
17525579-2933510 5605 66 4.55 0.18 0.24 0.05 2.09 0.17 1.66 Rup134
17525581-2930041 5735 83 4.18 0.22 0.15 0.08 2.50 0.16 1.66 Rup134
17525581-2935143 5431 67 4.24 0.18 0.31 0.05 1.66 0.00 1.66 Rup134
17525646-2932484 6275 66 4.23 0.17 0.21 0.05 2.97 0.09 1.66 Rup134
17525654-2936015 5520 76 4.20 0.19 0.19 0.09 2.28 0.13 1.66 Rup134
17525750-2935063 4710 82 4.70 0.21 0.27 0.08 0.70 0.00 1.66 Rup134
17525755-2932365 4669 97 4.45 0.26 -0.06 0.15 0.62 0.00 1.66 Rup134
17525817-2940171 4770 96 4.62 0.26 0.07 0.15 1.12 0.00 1.66 Rup134
17525829-2936002 5006 66 3.64 0.18 0.33 0.06 0.89 0.00 1.66 Rup134
17525895-2938336 5874 69 4.17 0.20 0.20 0.05 2.15 0.27 1.66 Rup134
17530025-2933087 5213 66 4.87 0.17 0.26 0.05 1.41 0.00 1.66 Rup134
17530135-2932590 5835 97 4.05 0.26 0.29 0.13 2.01 1.68 1.66 Rup134
17530179-2934131 5580 66 4.60 0.18 -0.04 0.06 1.58 0.34 1.66 Rup134
17530228-2938387 5253 84 3.74 0.22 0.33 0.07 1.68 0.00 1.66 Rup134
17530245-2937085 6092 67 4.19 0.17 0.12 0.05 2.31 0.18 1.66 Rup134
17530259-2932308 6025 63 4.36 0.17 0.11 0.06 2.61 0.08 1.66 Rup134
17530319-2931465 5146 65 4.34 0.17 0.14 0.05 1.05 0.00 1.66 Rup134
17530335-2931575 5424 80 4.44 0.22 -0.07 0.08 1.89 0.00 1.66 Rup134
17530441-2935052 5778 64 4.69 0.18 0.21 0.05 2.71 0.12 1.66 Rup134
17530729-2934106 6445 66 4.26 0.17 0.11 0.05 3.53 0.07 1.66 Rup134
17530796-2935458 6650 66 4.00 0.18 0.22 0.05 2.42 0.00 1.66 Rup134
17531257-2932420 5033 77 4.87 0.19 -0.14 0.10 1.02 0.00 1.66 Rup134
17522584-2932235 4903 32 2.76 0.05 0.29 0.05 0.64 0.00 1.66 Rup134
17522717-2933486 4864 31 2.93 0.05 0.22 0.05 1.05 0.05 1.66 Rup134
17523054-2930564 4775 30 2.75 0.05 0.27 0.05 0.94 0.05 1.66 Rup134
17523237-2936332 4730 31 2.65 0.05 0.24 0.05 0.86 0.06 1.66 Rup134
17524677-2930020 4685 41 2.64 0.06 0.31 0.05 0.65 0.08 1.66 Rup134
17524758-2937061 4787 30 2.74 0.05 0.32 0.05 0.56 0.08 1.66 Rup134
17525156-2928273 4494 31 2.47 0.05 0.14 0.05 -0.11 0.10 1.66 Rup134
17521540-2929365 6222 70 4.32 0.21 0.16 0.06 3.08 0.11 1.66 Rup134
17521584-2932100 6055 66 4.08 0.18 0.19 0.06 3.29 0.11 1.66 Rup134
17521622-2932321 5652 66 4.21 0.18 -0.47 0.05 2.34 0.15 1.66 Rup134
17521857-2932125 6518 65 3.99 0.17 0.27 0.05 3.11 0.11 1.66 Rup134
17522028-2933030 5390 65 4.64 0.17 0.13 0.06 1.64 0.14 1.66 Rup134
17522054-2936290 5799 65 4.04 0.18 0.08 0.05 1.26 0.27 1.66 Rup134
17522055-2932209 5465 69 4.57 0.17 0.34 0.05 1.51 0.34 1.66 Rup134
17522066-2930467 6125 81 4.36 0.21 -0.25 0.08 2.76 0.15 1.66 Rup134
17522160-2932093 6415 67 4.34 0.18 -0.06 0.06 2.68 0.21 1.66 Rup134
17522254-2935370 5109 65 4.12 0.18 -0.43 0.05 1.37 0.25 1.66 Rup134
17522302-2928529 6209 65 4.01 0.18 0.28 0.05 2.29 0.00 1.66 Rup134
17522747-2935422 6210 64 4.34 0.17 0.29 0.05 2.77 0.10 1.66 Rup134
17522791-2934286 6429 66 3.83 0.18 0.20 0.05 2.36 0.00 1.66 Rup134
17522835-2932232 5892 64 4.59 0.18 0.16 0.05 2.08 0.16 1.66 Rup134
17523014-2932102 6760 65 4.05 0.17 0.20 0.05 3.45 0.06 1.66 Rup134
17523051-2932220 4795 65 4.87 0.18 0.09 0.06 1.11 0.18 1.66 Rup134
17523184-2928084 5729 65 4.02 0.17 0.11 0.06 2.09 0.19 1.66 Rup134
17523247-2933116 6803 78 4.14 0.18 0.05 0.09 3.47 0.06 1.66 Rup134
17523336-2933123 6746 65 4.08 0.17 0.26 0.06 3.42 0.05 1.66 Rup134
17523337-2928399 6000 65 4.36 0.18 0.19 0.05 2.31 0.07 1.66 Rup134
17523366-2929151 4733 63 2.64 0.17 0.26 0.06 1.14 0.00 1.66 Rup134
17523407-2927242 6324 82 4.46 0.22 0.15 0.08 2.88 0.15 1.66 Rup134
17523472-2930443 5912 66 4.28 0.17 0.30 0.05 1.80 0.28 1.66 Rup134
17523495-2928270 5564 82 4.76 0.22 0.46 0.04 1.98 0.00 1.66 Rup134
17523500-2936348 5571 65 4.03 0.18 -0.14 0.05 1.60 0.19 1.66 Rup134
17523626-2932477 5912 64 3.90 0.17 -0.23 0.05 2.62 0.08 1.66 Rup134
17523717-2933037 5832 64 4.70 0.17 0.40 0.05 2.41 0.14 1.66 Rup134
17523718-2931095 6616 66 4.21 0.18 0.15 0.05 2.81 0.11 1.66 Rup134
17523813-2929259 6367 64 4.15 0.17 0.29 0.06 2.51 0.00 1.66 Rup134
17523828-2927107 4602 93 3.69 0.25 -0.06 0.15 0.88 0.00 1.66 Rup134
17523858-2933528 5800 66 3.90 0.17 0.15 0.05 2.18 0.21 1.66 Rup134
17523895-2927567 5932 67 4.27 0.17 -0.28 0.06 2.30 0.08 1.66 Rup134
17523920-2927111 6593 66 4.10 0.17 0.32 0.05 2.75 0.00 1.66 Rup134
17524086-2935315 5748 64 4.17 0.17 -0.01 0.06 1.83 0.00 1.66 Rup134
17524185-2934326 5569 64 4.13 0.18 0.11 0.05 1.82 0.00 1.66 Rup134
17524255-2931349 5218 71 3.73 0.21 -0.02 0.05 1.61 0.00 1.66 Rup134
17524265-2932266 6904 67 4.15 0.18 0.06 0.05 3.21 0.05 1.66 Rup134
17524323-2929488 6146 64 4.36 0.17 0.16 0.05 2.86 0.10 1.66 Rup134
17524464-2934387 5756 64 4.63 0.17 -0.39 0.05 2.35 0.13 1.66 Rup134
17524472-2934071 4695 63 4.79 0.18 0.12 0.05 0.65 0.19 1.66 Rup134
17524492-2929288 6019 67 3.84 0.18 0.14 0.05 3.40 0.11 1.66 Rup134
17524574-2929214 5840 76 3.73 0.18 0.10 0.09 2.71 0.14 1.66 Rup134
17524585-2927042 5796 97 3.38 0.26 0.26 0.13 2.00 0.00 1.66 Rup134
17524689-2931050 6022 82 3.89 0.22 0.32 0.07 2.41 0.22 1.66 Rup134
17524699-2934104 5896 64 4.36 0.18 0.38 0.05 1.86 0.36 1.66 Rup134
17524722-2928381 5372 63 3.67 0.18 0.26 0.05 1.74 0.00 1.66 Rup134
17524761-2928546 6498 65 4.11 0.17 0.39 0.05 2.41 0.27 1.66 Rup134
17524794-2934107 6739 65 3.93 0.17 0.16 0.05 3.21 0.08 1.66 Rup134
17524839-2930386 6288 65 4.11 0.17 0.27 0.05 2.01 0.00 1.66 Rup134
17524919-2928565 6637 65 4.16 0.18 0.26 0.05 3.36 0.09 1.66 Rup134
17525125-2931328 6460 64 3.96 0.17 0.14 0.06 2.82 0.10 1.66 Rup134
17525236-2934294 6365 64 4.21 0.17 0.33 0.05 2.56 0.18 1.66 Rup134
17525559-2929176 5122 65 3.50 0.18 0.19 0.05 0.43 0.88 1.66 Rup134
17525592-2935465 6240 66 4.15 0.18 -0.02 0.05 2.86 0.14 1.66 Rup134
17525603-2934461 6119 65 4.18 0.18 0.32 0.06 1.86 0.00 1.66 Rup134
17525642-2933187 5617 63 4.33 0.18 0.29 0.06 1.73 0.35 1.66 Rup134
17525653-2928181 5316 82 4.05 0.22 -0.15 0.08 1.91 0.24 1.66 Rup134
17525657-2927514 6047 63 4.34 0.17 0.27 0.05 1.93 0.00 1.66 Rup134
17525699-2929482 5722 64 4.54 0.18 0.12 0.05 2.44 0.13 1.66 Rup134
17525782-2928315 5948 66 4.14 0.18 0.33 0.05 2.92 0.11 1.66 Rup134
17525918-2932139 6625 64 4.24 0.17 0.16 0.05 2.42 0.28 1.66 Rup134
17525986-2934142 5334 64 4.55 0.18 0.27 0.05 1.32 0.00 1.66 Rup134
17530013-2928268 6701 66 4.15 0.17 0.15 0.05 2.76 0.09 1.66 Rup134
17530020-2932570 6619 66 3.95 0.17 0.06 0.06 3.14 0.06 1.66 Rup134
17530060-2936571 6848 66 4.19 0.17 -0.13 0.05 2.60 0.00 1.66 Rup134
17530083-2935048 5743 64 3.76 0.17 0.36 0.05 2.60 0.12 1.66 Rup134
17530144-2931159 5872 67 4.11 0.18 0.28 0.06 2.31 0.11 1.66 Rup134
17530202-2933463 6675 66 4.16 0.17 0.20 0.05 2.88 0.07 1.66 Rup134
17530345-2935388 5952 64 4.19 0.17 0.15 0.06 1.56 0.00 1.66 Rup134
17530412-2932451 5848 65 4.44 0.18 0.24 0.05 2.06 0.09 1.66 Rup134
17530416-2936240 6887 65 4.24 0.17 0.04 0.05 2.49 0.19 1.66 Rup134
17530512-2932450 6180 64 4.57 0.17 0.03 0.05 2.93 0.10 1.66 Rup134
17530556-2936190 6879 66 4.02 0.17 0.11 0.05 3.49 0.06 1.66 Rup134
17530596-2933393 4974 65 3.28 0.17 -0.13 0.05 1.16 0.00 1.66 Rup134
17530612-2938100 6424 66 3.88 0.18 0.14 0.06 3.14 0.08 1.66 Rup134
17530664-2931169 6319 66 4.15 0.18 -0.09 0.05 1.65 0.28 1.66 Rup134
17530746-2933001 6220 66 4.31 0.17 0.16 0.06 2.08 0.00 1.66 Rup134
17530758-2936177 5945 64 4.40 0.17 -0.29 0.06 2.01 0.00 1.66 Rup134
17530801-2928269 6246 81 4.44 0.22 0.08 0.08 3.03 0.16 1.66 Rup134
17530885-2932043 6343 64 4.17 0.17 0.15 0.05 2.41 0.20 1.66 Rup134
17530914-2934061 6312 67 4.16 0.17 0.09 0.06 3.15 0.08 1.66 Rup134
17530985-2937190 6346 67 4.26 0.18 0.08 0.05 2.49 0.11 1.66 Rup134
17531031-2938043 5585 65 3.97 0.17 -0.41 0.05 1.98 0.10 1.66 Rup134
17531125-2930584 6437 66 4.11 0.18 0.03 0.06 2.54 0.12 1.66 Rup134
17531129-2937411 5577 65 3.79 0.17 -0.17 0.06 2.04 0.15 1.66 Rup134
17531170-2935536 6358 81 4.24 0.21 0.31 0.07 3.31 0.16 1.66 Rup134
17531217-2929082 5721 80 3.79 0.22 0.39 0.06 2.30 0.19 1.66 Rup134
17531420-2935225 4990 66 3.35 0.17 0.20 0.05 0.89 0.46 1.66 Rup134
17531804-2935187 4796 67 2.59 0.17 0.16 0.05 1.00 0.00 1.66 Rup134
17531932-2933532 6210 65 4.04 0.17 0.10 0.05 2.81 0.10 1.66 Rup134
17522080-2930049 4592 32 2.44 0.05 -0.50 0.05 -0.34 0.00 1.66 Rup134
17522788-2936245 4450 31 2.35 0.05 0.17 0.05 0.73 0.06 1.66 Rup134
17530131-2939256 4820 31 2.80 0.05 0.22 0.05 1.34 0.04 1.66 Rup134
17530509-2934389 4711 31 2.70 0.05 0.30 0.05 0.62 0.07 1.66 Rup134
17520939-2933356 4473 66 2.32 0.18 0.05 0.06 0.64 0.00 1.66 Rup134
17520973-2932076 4559 65 2.22 0.17 0.04 0.06 0.43 0.15 1.66 Rup134
17521101-2931167 4531 65 2.10 0.17 -0.21 0.05 0.39 0.13 1.66 Rup134
17521322-2936320 4703 64 2.62 0.16 0.11 0.05 1.39 0.10 1.66 Rup134
17521374-2935080 4450 63 2.19 0.17 -0.25 0.05 0.31 0.15 1.66 Rup134
17521528-2937320 4279 66 1.86 0.18 0.41 0.05 -1.00 0.00 1.66 Rup134
17521571-2930344 4952 65 2.58 0.18 0.03 0.05 0.58 0.23 1.66 Rup134
17521619-2928068 4610 65 2.48 0.17 0.08 0.05 0.66 0.10 1.66 Rup134
17521633-2934187 4596 66 2.38 0.17 0.09 0.05 0.55 0.12 1.66 Rup134
17521746-2928267 4444 64 2.31 0.18 0.26 0.06 1.00 0.11 1.66 Rup134
17521798-2927320 4506 64 2.14 0.17 -0.28 0.05 0.18 0.13 1.66 Rup134
17521922-2934333 4195 77 1.64 0.18 0.15 0.09 -1.00 0.00 1.66 Rup134
17522082-2932373 4400 78 2.17 0.17 0.15 0.09 0.43 0.00 1.66 Rup134
17522092-2937085 4590 66 2.50 0.17 -0.10 0.05 0.54 0.10 1.66 Rup134
17522295-2926417 4630 65 2.43 0.17 -0.05 0.05 0.40 0.12 1.66 Rup134
17522432-2935395 4542 63 2.29 0.18 0.00 0.06 -0.79 0.46 1.66 Rup134
17522471-2939085 4175 74 1.55 0.18 -0.05 0.10 0.19 0.19 1.66 Rup134
17522490-2927512 4626 64 2.23 0.17 0.04 0.05 2.28 0.11 1.66 Rup134
17522503-2931430 4633 66 2.30 0.17 0.13 0.05 0.70 0.13 1.66 Rup134
17522513-2927231 4558 65 2.29 0.17 0.18 0.05 -0.27 0.56 1.66 Rup134
17522563-2937528 4593 64 2.46 0.17 0.14 0.05 0.88 0.00 1.66 Rup134
17523012-2938448 4633 65 2.43 0.18 -0.06 0.05 0.69 0.00 1.66 Rup134
17523085-2932574 4668 64 2.34 0.17 0.12 0.06 -0.14 0.59 1.66 Rup134
17523248-2936494 4596 64 2.40 0.17 -0.11 0.05 -0.22 0.55 1.66 Rup134
17523336-2925472 4693 64 2.47 0.17 -0.01 0.05 0.86 0.00 1.66 Rup134
17523508-2929013 4687 64 2.50 0.17 -0.03 0.05 0.24 0.30 1.66 Rup134
17523628-2925592 4592 65 2.18 0.17 -0.31 0.05 -0.09 0.35 1.66 Rup134
17523758-2932483 4533 64 2.24 0.17 0.03 0.06 -0.25 0.49 1.66 Rup134
17523860-2926318 4458 64 2.15 0.17 0.02 0.05 0.67 0.00 1.66 Rup134
17523879-2928455 4787 66 2.47 0.17 0.04 0.05 1.22 0.09 1.66 Rup134
17523880-2929269 4614 63 2.62 0.18 0.28 0.05 0.00 0.45 1.66 Rup134
17523942-2937309 4462 66 2.10 0.17 -0.28 0.05 0.12 0.16 1.66 Rup134
17523972-2925531 4617 66 2.35 0.17 0.06 0.05 0.98 0.10 1.66 Rup134
17523990-2939439 4440 65 2.10 0.18 0.15 0.05 0.49 0.14 1.66 Rup134
17524098-2935156 4372 65 2.04 0.17 0.14 0.06 -0.05 0.22 1.66 Rup134
17524106-2934080 4520 63 1.95 0.17 -0.64 0.05 0.19 0.17 1.66 Rup134
17524107-2928050 4575 66 2.22 0.17 0.05 0.05 -0.01 0.55 1.66 Rup134
17524116-2925441 4718 64 2.51 0.17 0.04 0.06 0.41 0.21 1.66 Rup134
17524142-2939129 4259 78 1.64 0.18 0.22 0.09 -0.26 0.20 1.66 Rup134
17524378-2925370 4561 65 2.51 0.17 0.07 0.06 0.78 0.00 1.66 Rup134
17524538-2930530 4734 64 2.57 0.18 0.15 0.05 1.07 0.00 1.66 Rup134
17524781-2938228 5402 65 3.59 0.18 0.35 0.06 1.65 0.00 1.66 Rup134
17524868-2931177 4469 65 2.16 0.18 0.24 0.05 0.48 0.16 1.66 Rup134
17524891-2933462 4664 66 2.40 0.17 0.20 0.06 1.00 0.00 1.66 Rup134
17524925-2933159 4380 75 2.18 0.18 0.10 0.09 0.01 0.19 1.66 Rup134
17525021-2926497 4336 75 2.07 0.18 0.21 0.10 0.20 0.11 1.66 Rup134
17525030-2932001 4522 63 2.19 0.17 0.06 0.05 0.62 0.13 1.66 Rup134
17525052-2925326 4743 65 2.67 0.18 0.16 0.05 1.09 0.00 1.66 Rup134
17525055-2931256 4596 66 2.25 0.17 0.00 0.05 0.20 0.29 1.66 Rup134
17525201-2937587 4393 67 2.08 0.18 0.04 0.05 0.75 0.11 1.66 Rup134
17525244-2929266 4737 66 2.63 0.17 0.10 0.05 1.15 0.11 1.66 Rup134
17525420-2930415 4563 63 2.32 0.17 -0.29 0.05 -0.07 0.43 1.66 Rup134
17525477-2925381 4476 65 2.18 0.17 0.07 0.05 0.83 0.11 1.66 Rup134
17525756-2933181 4642 62 2.44 0.18 -0.06 0.06 0.62 0.00 1.66 Rup134
17525951-2936483 4485 65 2.17 0.17 0.07 0.05 -0.04 0.26 1.66 Rup134
17525977-2934173 4445 65 2.10 0.17 0.11 0.05 0.61 0.13 1.66 Rup134
17530029-2931422 4550 66 2.51 0.17 0.23 0.05 0.53 0.12 1.66 Rup134
17530179-2939516 4864 65 2.60 0.18 0.10 0.05 0.78 0.11 1.66 Rup134
17530200-2937027 4460 63 2.18 0.17 0.07 0.05 -0.03 0.31 1.66 Rup134
17530203-2931398 4616 67 2.61 0.17 0.22 0.05 0.82 0.00 1.66 Rup134
17530219-2928037 4554 64 2.20 0.17 0.04 0.06 1.33 0.09 1.66 Rup134
17530293-2939107 4683 66 2.32 0.17 -0.05 0.05 0.16 0.47 1.66 Rup134
17530349-2932351 4248 65 1.73 0.17 0.11 0.06 0.38 0.13 1.66 Rup134
17530414-2933264 4868 64 2.42 0.17 0.04 0.05 0.62 0.20 1.66 Rup134
17530417-2937001 4997 66 3.14 0.17 -0.16 0.05 0.89 0.18 1.66 Rup134
17530497-2935111 4443 67 2.13 0.17 0.13 0.05 0.14 0.19 1.66 Rup134
17530606-2929507 4873 64 2.76 0.18 0.08 0.06 0.97 0.10 1.66 Rup134
17530661-2928059 4661 66 2.48 0.18 0.06 0.05 0.71 0.12 1.66 Rup134
17530814-2931074 4629 66 2.41 0.17 -0.19 0.05 0.59 0.00 1.66 Rup134
17530920-2935261 4138 76 1.50 0.18 0.07 0.09 0.00 0.22 1.66 Rup134
17530921-2928244 4540 65 2.23 0.18 0.07 0.05 0.23 0.17 1.66 Rup134
17530994-2933563 4532 66 2.41 0.17 0.01 0.05 0.73 0.00 1.66 Rup134
17531013-2932063 4455 65 2.23 0.17 0.13 0.06 1.97 0.09 1.66 Rup134
17531033-2933169 4349 65 2.01 0.18 -0.29 0.06 0.28 0.00 1.66 Rup134
17531193-2934488 4349 64 2.16 0.17 0.33 0.05 -1.00 0.00 1.66 Rup134
17531239-2935090 4450 65 2.14 0.18 0.12 0.06 0.12 0.15 1.66 Rup134
17531309-2931444 4655 65 2.30 0.18 -0.17 0.06 -0.22 0.56 1.66 Rup134
17531383-2937007 4637 65 2.26 0.17 -0.07 0.05 0.33 0.16 1.66 Rup134
17531514-2932207 4184 65 1.57 0.18 0.07 0.05 0.12 0.16 1.66 Rup134
17531536-2931560 4143 77 1.50 0.18 -0.07 0.09 0.14 0.17 1.66 Rup134
17531612-2934240 4848 65 2.77 0.17 0.17 0.05 0.84 0.00 1.66 Rup134
17523112-2934016 4700 30 2.56 0.05 0.24 0.05 0.06 0.00 1.66 Rup134
17524243-2932183 4673 33 2.57 0.05 0.18 0.05 -0.45 0.00 1.66 Rup134
17524531-2933465 4734 33 2.76 0.05 0.26 0.04 0.58 0.10 1.66 Rup134
17530260-2932078 4358 33 1.96 0.05 -0.22 0.05 -1.00 0.00 1.66 Rup134
