OBJECT TEFF E_TEFF LOGG E_LOGG FEH E_FEH LI1 E_LI1 "AGE (Gyr)" GES_FLD
12392075-6031284 5099 64 3.34 0.17 0.04 0.06 0.92 0.00 1.862 Trumpler20
12385859-6037035 6753 67 4.12 0.18 0.05 0.05 2.81 0.09 1.862 Trumpler20
12391248-6035506 6737 67 3.85 0.17 0.06 0.05 2.61 0.08 1.862 Trumpler20
12394615-6036154 5978 67 4.20 0.17 -0.32 0.05 2.56 0.07 1.862 Trumpler20
12400515-6038487 6700 64 3.99 0.17 0.06 0.05 3.38 0.05 1.862 Trumpler20
12392657-6035049 6104.9 500 3.46 0.45 -0.30 0.20 2.18 0.41 1.862 Trumpler20
12393481-6038198 6511 66 4.05 0.17 -0.16 0.05 3.20 0.05 1.862 Trumpler20
12394776-6040044 6463 68 3.86 0.17 0.12 0.05 3.38 0.07 1.862 Trumpler20
12395491-6036424 6895 67 4.17 0.18 0.04 0.05 3.16 0.06 1.862 Trumpler20
12400902-6035101 5814 64 4.39 0.17 -0.20 0.05 2.30 0.06 1.862 Trumpler20
12393766-6038189 6657.4 500 4.13 0.20 0.17 0.20 2.65 0.39 1.862 Trumpler20
12395340-6039474 6500 500 3.27 0.45 -0.25 0.20 3.01 0.36 1.862 Trumpler20
12392343-6037528 5986 98 4.01 0.26 -0.66 0.15 2.66 0.11 1.862 Trumpler20
12392645-6038072 6748 63 4.04 0.17 0.06 0.05 3.13 0.07 1.862 Trumpler20
12393887-6034141 6254 65 3.92 0.18 -0.24 0.06 1.73 0.00 1.862 Trumpler20
12395194-6037283 6481 66 4.10 0.18 0.00 0.05 2.53 0.11 1.862 Trumpler20
12395279-6037015 6728 66 3.95 0.17 0.08 0.05 3.36 0.07 1.862 Trumpler20
12393424-6036164 6857 66 4.10 0.17 0.02 0.05 3.35 0.06 1.862 Trumpler20
12395051-6037541 6766 67 4.10 0.17 0.09 0.05 3.45 0.06 1.862 Trumpler20
12390893-6034318 6578 65 4.29 0.17 0.37 0.05 2.55 0.08 1.862 Trumpler20
12382989-6039332 5640 64 4.25 0.17 0.25 0.05 1.71 0.00 1.862 Trumpler20
12383141-6032157 5478 64 3.93 0.18 -0.67 0.05 2.33 0.11 1.862 Trumpler20
12384753-6037429 5604 63 4.02 0.17 -0.47 0.05 1.85 0.25 1.862 Trumpler20
12384820-6042154 5575 63 4.59 0.18 -0.63 0.05 2.16 0.15 1.862 Trumpler20
12385042-6034342 5580 63 4.36 0.18 0.33 0.05 1.88 0.00 1.862 Trumpler20
12385456-6035185 5573 63 4.09 0.18 -0.04 0.05 2.24 0.13 1.862 Trumpler20
12385690-6036141 5405 65 3.98 0.17 -0.48 0.06 1.82 0.18 1.862 Trumpler20
12385903-6041577 6067 66 4.44 0.18 0.29 0.05 2.54 0.16 1.862 Trumpler20
12390101-6041284 5112 66 4.23 0.18 0.03 0.05 1.57 0.17 1.862 Trumpler20
12390132-6031298 6280 84 4.52 0.22 0.43 0.05 2.81 0.14 1.862 Trumpler20
12390597-6042028 6122 82 4.43 0.22 0.40 0.06 2.60 0.18 1.862 Trumpler20
12391192-6043336 5806 66 4.26 0.17 0.20 0.05 2.29 0.17 1.862 Trumpler20
12391344-6045559 6037 66 4.28 0.18 0.13 0.06 2.25 0.30 1.862 Trumpler20
12391612-6039055 5759 66 4.36 0.17 0.18 0.06 2.48 0.10 1.862 Trumpler20
12392058-6030307 6366 96 3.99 0.26 -1.52 0.16 3.04 0.17 1.862 Trumpler20
12392609-6028126 6166 97 3.98 0.25 -0.16 0.15 3.10 0.18 1.862 Trumpler20
12392632-6046340 5128 66 4.41 0.17 0.07 0.06 1.32 0.00 1.862 Trumpler20
12392803-6044541 5614 65 4.57 0.17 0.20 0.05 2.15 0.19 1.862 Trumpler20
12392851-6042121 5214 63 4.23 0.18 0.13 0.06 1.42 0.28 1.862 Trumpler20
12393073-6030032 6099 74 4.19 0.18 -0.28 0.10 2.78 0.14 1.862 Trumpler20
12393581-6031225 5428 63 4.11 0.18 -0.16 0.06 1.65 0.00 1.862 Trumpler20
12393766-6030285 5363 106 4.60 0.33 -0.33 0.10 1.29 0.00 1.862 Trumpler20
12394019-6044187 5945 63 4.10 0.17 0.05 0.06 2.56 0.15 1.862 Trumpler20
12394345-6029273 5796 83 4.43 0.22 0.17 0.08 1.91 0.00 1.862 Trumpler20
12394436-6039028 5682 68 4.55 0.20 0.34 0.05 1.88 0.00 1.862 Trumpler20
12394669-6034282 5142 95 3.44 0.25 -0.28 0.16 1.61 0.29 1.862 Trumpler20
12394669-6040041 5873 65 4.15 0.18 -0.50 0.05 2.81 0.10 1.862 Trumpler20
12394742-6036440 6026 63 4.25 0.17 -0.03 0.06 2.67 0.14 1.862 Trumpler20
12394809-6044208 5847 66 4.54 0.18 0.13 0.05 2.62 0.12 1.862 Trumpler20
12395017-6027518 5902 101 4.80 0.32 0.28 0.09 2.30 0.00 1.862 Trumpler20
12395404-6041354 5785 76 4.45 0.17 0.15 0.09 2.61 0.11 1.862 Trumpler20
12400314-6037232 6011 67 4.08 0.17 0.06 0.06 2.74 0.11 1.862 Trumpler20
12400843-6038566 5584 65 3.91 0.18 -0.23 0.06 1.83 0.18 1.862 Trumpler20
12401051-6033369 4760 95 4.44 0.25 -0.57 0.15 1.09 0.00 1.862 Trumpler20
12401059-6046189 5702 81 3.57 0.22 -0.03 0.08 1.99 0.00 1.862 Trumpler20
12401092-6042343 5733 71 4.59 0.21 0.16 0.05 2.16 0.15 1.862 Trumpler20
12401220-6036508 5721 66 3.96 0.17 -0.67 0.05 2.40 0.10 1.862 Trumpler20
12401409-6040509 5756 65 4.29 0.18 -0.07 0.06 2.48 0.11 1.862 Trumpler20
12401667-6031050 5569 66 3.78 0.18 -0.43 0.05 2.33 0.13 1.862 Trumpler20
12401747-6044074 6928 83 3.99 0.22 0.23 0.08 3.16 0.22 1.862 Trumpler20
12401759-6034564 5553 70 4.29 0.20 0.08 0.05 2.11 0.19 1.862 Trumpler20
12401867-6033397 6062 96 3.29 0.26 -0.29 0.15 2.87 0.15 1.862 Trumpler20
12401939-6044267 5599 69 4.63 0.21 0.41 0.05 1.94 0.00 1.862 Trumpler20
12402442-6043250 6239 84 4.65 0.22 0.26 0.08 3.04 0.17 1.862 Trumpler20
12402907-6041274 5907 62 4.33 0.17 0.12 0.05 2.58 0.14 1.862 Trumpler20
12403031-6038212 5234 101 4.10 0.33 -0.74 0.09 1.46 0.00 1.862 Trumpler20
12403033-6041560 5701 65 4.27 0.17 0.00 0.05 1.84 0.00 1.862 Trumpler20
12403148-6044480 5870 69 4.46 0.20 0.10 0.05 2.56 0.13 1.862 Trumpler20
12403214-6039095 4743 65 2.99 0.17 -0.08 0.06 1.01 0.00 1.862 Trumpler20
12403231-6031362 4992 84 3.79 0.22 -0.09 0.08 1.40 0.00 1.862 Trumpler20
12403601-6044553 5616 64 4.50 0.17 0.14 0.05 1.84 0.29 1.862 Trumpler20
12403630-6045263 6350 81 3.84 0.21 -0.13 0.07 2.36 0.00 1.862 Trumpler20
12403637-6035153 6154 82 3.40 0.22 -0.15 0.08 2.45 0.28 1.862 Trumpler20
12403816-6034071 5142 82 4.35 0.22 -0.64 0.08 1.29 0.00 1.862 Trumpler20
12403882-6042213 5483 68 4.06 0.18 0.42 0.05 1.90 0.26 1.862 Trumpler20
12403979-6046315 6487 105 4.22 0.34 -0.10 0.10 2.59 0.00 1.862 Trumpler20
12404368-6043366 5466 70 4.26 0.21 0.44 0.04 1.94 0.25 1.862 Trumpler20
12404413-6043168 6129 82 4.47 0.22 0.25 0.08 2.84 0.15 1.862 Trumpler20
12404608-6039269 5052 82 2.93 0.22 -0.52 0.07 1.20 0.00 1.862 Trumpler20
12404922-6042263 6049 67 4.32 0.18 -0.05 0.06 2.87 0.12 1.862 Trumpler20
12404958-6032338 5295 64 4.00 0.17 0.31 0.05 1.41 0.00 1.862 Trumpler20
12405522-6042139 5448 65 4.21 0.18 0.26 0.06 1.50 0.53 1.862 Trumpler20
12394715-6040584 4554 32 2.39 0.05 0.07 0.04 0.07 0.06 1.862 Trumpler20
12400259-6039545 4437 34 2.21 0.05 0.05 0.04 -0.58 0.15 1.862 Trumpler20
12400449-6036566 4371 34 2.01 0.05 0.04 0.04 1.20 0.06 1.862 Trumpler20
12402478-6043103 4563 33 2.43 0.05 0.05 0.04 -0.23 0.00 1.862 Trumpler20
12384372-6039044 5983 65 4.17 0.18 -0.44 0.06 2.72 0.10 1.862 Trumpler20
12384675-6038103 6048 65 4.49 0.18 0.00 0.05 2.81 0.11 1.862 Trumpler20
12384791-6039273 4538 94 3.94 0.26 -0.50 0.16 0.72 0.47 1.862 Trumpler20
12385331-6040329 5354 64 3.95 0.17 0.07 0.05 1.53 0.23 1.862 Trumpler20
12385579-6037549 5536 66 4.00 0.17 0.22 0.05 1.72 0.29 1.862 Trumpler20
12385704-6040563 5328 65 4.43 0.18 0.21 0.05 2.03 0.12 1.862 Trumpler20
12385787-6039505 5776 65 4.10 0.17 -0.13 0.05 2.63 0.12 1.862 Trumpler20
12385949-6038087 5618 64 4.25 0.18 0.13 0.06 1.75 0.34 1.862 Trumpler20
12390174-6038558 5594 70 3.92 0.21 0.28 0.05 1.78 0.00 1.862 Trumpler20
12390230-6040300 5121 65 3.77 0.17 -0.01 0.05 1.45 0.26 1.862 Trumpler20
12390325-6041167 5223 62 4.47 0.18 -0.02 0.05 1.22 0.44 1.862 Trumpler20
12390326-6039322 5693 76 4.59 0.18 0.27 0.09 1.91 0.29 1.862 Trumpler20
12390531-6041338 5421 65 3.85 0.18 -0.78 0.05 2.00 0.12 1.862 Trumpler20
12390957-6038567 5369 65 4.45 0.18 0.12 0.05 1.22 0.54 1.862 Trumpler20
12390985-6036397 5706 63 3.77 0.17 -0.03 0.06 2.58 0.10 1.862 Trumpler20
12391004-6042071 5695 64 4.07 0.18 0.16 0.05 2.04 0.19 1.862 Trumpler20
12391188-6035588 5857 65 4.19 0.17 0.06 0.06 1.79 0.00 1.862 Trumpler20
12391204-6041313 5851 65 4.30 0.17 0.15 0.05 2.07 0.21 1.862 Trumpler20
12391254-6039243 6341 82 4.63 0.23 0.36 0.07 2.45 0.00 1.862 Trumpler20
12391261-6038541 5111 63 3.86 0.18 -0.07 0.06 1.49 0.19 1.862 Trumpler20
12391356-6035259 6140 64 4.24 0.17 0.10 0.05 2.80 0.08 1.862 Trumpler20
12391504-6040346 5936 65 4.64 0.18 0.41 0.05 2.45 0.16 1.862 Trumpler20
12391551-6035352 5860 82 4.45 0.22 0.29 0.07 2.84 0.15 1.862 Trumpler20
12391686-6035154 5764 65 4.25 0.17 0.25 0.05 1.88 0.24 1.862 Trumpler20
12391786-6039140 5138 65 3.92 0.18 -0.43 0.05 1.46 0.00 1.862 Trumpler20
12391845-6037459 5307 64 4.04 0.17 0.22 0.05 1.23 0.00 1.862 Trumpler20
12391859-6036403 5358 65 3.47 0.18 -0.10 0.05 1.37 0.27 1.862 Trumpler20
12391877-6042242 5613 75 4.41 0.18 0.32 0.09 1.66 0.35 1.862 Trumpler20
12391893-6035203 6163 64 4.46 0.17 0.32 0.05 2.68 0.13 1.862 Trumpler20
12391899-6038328 5721 65 3.77 0.17 0.07 0.05 1.94 0.16 1.862 Trumpler20
12392006-6037163 5832 66 3.87 0.18 -0.37 0.05 2.00 0.16 1.862 Trumpler20
12392346-6039543 5429 76 4.07 0.18 0.05 0.09 1.66 0.18 1.862 Trumpler20
12392354-6037014 5204 71 4.79 0.21 0.01 0.06 1.23 0.00 1.862 Trumpler20
12392402-6041379 5995 67 4.58 0.17 0.22 0.05 2.58 0.11 1.862 Trumpler20
12392647-6043019 6429 65 4.15 0.18 0.26 0.05 3.04 0.09 1.862 Trumpler20
12392824-6041134 5831 66 4.54 0.18 0.01 0.05 2.66 0.08 1.862 Trumpler20
12392860-6038054 5739 63 4.05 0.17 -0.02 0.06 2.43 0.09 1.862 Trumpler20
12392879-6039518 5402 64 3.73 0.18 -0.17 0.06 1.59 0.28 1.862 Trumpler20
12392890-6034379 5313 70 4.38 0.21 0.13 0.05 1.37 0.41 1.862 Trumpler20
12393040-6042257 5691 70 4.39 0.21 0.36 0.05 1.90 0.00 1.862 Trumpler20
12393216-6042172 5006 66 4.08 0.18 -0.29 0.06 0.92 0.00 1.862 Trumpler20
12393465-6039183 5899 65 4.16 0.17 -0.08 0.05 2.50 0.09 1.862 Trumpler20
12393494-6032262 5982 62 4.58 0.18 0.28 0.05 2.36 0.00 1.862 Trumpler20
12393512-6036217 5691 64 4.34 0.17 -0.33 0.05 2.42 0.09 1.862 Trumpler20
12393537-6039386 5615 66 3.90 0.17 -0.10 0.05 2.54 0.11 1.862 Trumpler20
12393570-6039521 5410 65 4.55 0.17 -0.55 0.05 1.35 0.30 1.862 Trumpler20
12393638-6035181 5987 65 4.31 0.18 0.10 0.05 2.65 0.09 1.862 Trumpler20
12393801-6041119 6074 66 4.15 0.17 0.04 0.05 2.16 0.23 1.862 Trumpler20
12393819-6043009 5270 64 4.24 0.17 0.15 0.06 1.53 0.29 1.862 Trumpler20
12393903-6038514 6127 64 4.03 0.17 -0.10 0.06 2.79 0.08 1.862 Trumpler20
12394009-6034319 5413 64 4.02 0.17 -0.19 0.05 1.45 0.37 1.862 Trumpler20
12394168-6039176 6069 66 4.51 0.18 0.15 0.06 2.85 0.09 1.862 Trumpler20
12394255-6035033 5148 65 4.54 0.17 -0.12 0.05 1.16 0.25 1.862 Trumpler20
12394353-6038447 5709 65 4.34 0.18 -0.58 0.05 2.27 0.11 1.862 Trumpler20
12394393-6039396 5618 64 4.19 0.18 0.17 0.06 2.10 0.20 1.862 Trumpler20
12394405-6042203 6335 67 4.06 0.17 -0.13 0.06 2.19 0.00 1.862 Trumpler20
12394473-6036592 5762 70 4.47 0.21 0.19 0.06 2.32 0.17 1.862 Trumpler20
12394484-6041059 5514 65 4.55 0.17 -0.10 0.05 1.51 0.00 1.862 Trumpler20
12394601-6038476 5648 76 4.03 0.18 0.04 0.09 2.32 0.14 1.862 Trumpler20
12394601-6042400 6048 64 4.36 0.18 -0.01 0.05 2.20 0.00 1.862 Trumpler20
12394615-6036058 5871 65 4.55 0.17 0.09 0.05 2.73 0.12 1.862 Trumpler20
12394807-6034052 4923 65 4.64 0.18 -0.05 0.05 1.02 0.32 1.862 Trumpler20
12394945-6033567 5079 65 3.59 0.18 -0.08 0.06 1.15 0.40 1.862 Trumpler20
12394959-6034140 5833 66 4.47 0.18 0.00 0.05 2.68 0.10 1.862 Trumpler20
12395047-6036294 5659 65 4.49 0.17 -0.17 0.05 1.77 0.00 1.862 Trumpler20
12395050-6032014 4927 65 4.33 0.17 0.02 0.05 0.66 0.00 1.862 Trumpler20
12395176-6037423 5426 66 4.62 0.18 0.35 0.05 1.18 0.53 1.862 Trumpler20
12395278-6038235 5941 65 4.51 0.18 0.28 0.05 2.16 0.17 1.862 Trumpler20
12395315-6037078 5742 65 3.95 0.17 -0.28 0.06 2.53 0.09 1.862 Trumpler20
12395437-6032168 5215 76 4.30 0.18 0.07 0.10 1.59 0.19 1.862 Trumpler20
12395583-6036370 5750 64 4.33 0.18 0.01 0.05 2.57 0.12 1.862 Trumpler20
12395723-6035207 5138 64 4.17 0.17 0.04 0.06 1.24 0.00 1.862 Trumpler20
12395816-6041260 5301 65 4.64 0.17 0.23 0.05 1.07 0.54 1.862 Trumpler20
12395907-6035479 5738 64 4.24 0.17 -0.36 0.05 2.15 0.13 1.862 Trumpler20
12400016-6040123 5769 61 4.67 0.18 0.06 0.05 2.21 0.16 1.862 Trumpler20
12400033-6037515 5726 67 4.31 0.17 -0.73 0.05 2.51 0.09 1.862 Trumpler20
12400068-6036501 5433 66 4.22 0.17 -0.03 0.05 2.27 0.13 1.862 Trumpler20
12400173-6036269 5376 75 4.50 0.18 -0.54 0.09 1.33 0.42 1.862 Trumpler20
12400174-6033133 5968 65 4.58 0.18 -0.30 0.06 2.50 0.11 1.862 Trumpler20
12400248-6039294 5994 65 4.24 0.17 0.07 0.05 2.85 0.09 1.862 Trumpler20
12400537-6039359 5570 64 3.87 0.17 -0.41 0.06 1.54 0.00 1.862 Trumpler20
12400761-6034111 5222 64 4.36 0.17 0.18 0.05 1.46 0.29 1.862 Trumpler20
12400811-6038262 5636 64 3.98 0.18 0.02 0.05 2.03 0.17 1.862 Trumpler20
12400860-6033138 5653 66 4.11 0.18 -0.40 0.05 2.35 0.11 1.862 Trumpler20
12400962-6036092 5636 66 4.20 0.17 -0.18 0.05 2.20 0.15 1.862 Trumpler20
12400992-6040087 5952 65 4.64 0.18 0.21 0.06 2.65 0.12 1.862 Trumpler20
12401025-6037173 5772 65 4.52 0.18 0.06 0.05 1.82 0.20 1.862 Trumpler20
12401164-6038206 5583 64 4.39 0.18 0.11 0.05 1.73 0.23 1.862 Trumpler20
12401194-6034051 5847 65 4.53 0.17 0.06 0.05 2.44 0.13 1.862 Trumpler20
12401268-6035293 5747 65 4.46 0.17 -0.06 0.05 2.07 0.14 1.862 Trumpler20
12401318-6037507 5810 65 4.54 0.17 0.00 0.05 2.35 0.12 1.862 Trumpler20
12401378-6039529 5129 65 4.59 0.17 -0.02 0.06 0.79 1.06 1.862 Trumpler20
12401439-6041562 5858 65 4.67 0.17 0.01 0.05 2.69 0.10 1.862 Trumpler20
12401456-6039375 5666 65 3.84 0.17 -0.02 0.05 1.86 0.19 1.862 Trumpler20
12401685-6034580 6361 81 4.27 0.22 -0.09 0.08 3.36 0.12 1.862 Trumpler20
12401957-6036586 4667 65 4.31 0.17 -0.15 0.06 2.69 0.14 1.862 Trumpler20
12402039-6042428 5824 65 4.48 0.18 0.02 0.05 2.05 0.00 1.862 Trumpler20
12402208-6039582 5602 66 4.18 0.17 -0.51 0.05 2.07 0.10 1.862 Trumpler20
12402277-6041260 5451 65 4.06 0.17 0.21 0.05 1.48 0.00 1.862 Trumpler20
12403186-6044064 5057 65 4.41 0.17 0.16 0.05 0.76 1.04 1.862 Trumpler20
12403552-6040441 5609 104 4.71 0.33 0.04 0.09 1.84 0.00 1.862 Trumpler20
12403783-6041351 5822 66 4.58 0.18 0.24 0.05 2.06 0.15 1.862 Trumpler20
12403990-6040452 5248 82 3.00 0.22 -0.62 0.08 1.53 0.00 1.862 Trumpler20
12383657-6045300 4685 33 2.56 0.05 0.07 0.04 -0.02 0.00 1.862 Trumpler20
12392636-6040217 4828 33 2.74 0.05 0.13 0.04 0.62 0.07 1.862 Trumpler20
12393740-6032568 4960 33 2.89 0.05 0.21 0.04 0.70 0.10 1.862 Trumpler20
12394049-6041006 4817 32 2.68 0.05 0.16 0.04 0.25 0.00 1.862 Trumpler20
12394385-6033165 4879 34 2.77 0.05 0.11 0.04 -0.24 0.00 1.862 Trumpler20
12402227-6037419 4844 34 2.72 0.05 0.14 0.04 0.25 0.00 1.862 Trumpler20
12400377-6041319 5437 79 4.73 0.22 -0.08 0.08 2.10 0.18 1.862 Trumpler20
12390409-6034001 4456 34 2.28 0.05 0.09 0.04 -0.06 0.00 1.862 Trumpler20
12391113-6036528 4833 33 2.80 0.05 0.14 0.04 0.04 0.00 1.862 Trumpler20
12394121-6040040 4962 32 2.87 0.05 0.16 0.04 0.33 0.00 1.862 Trumpler20
12395554-6037268 4779 33 2.66 0.05 0.15 0.04 -0.12 0.19 1.862 Trumpler20
12384530-6037449 5440 65 3.70 0.17 -0.14 0.06 1.72 0.23 1.862 Trumpler20
12385804-6033109 5574 65 3.60 0.17 0.03 0.05 1.99 0.29 1.862 Trumpler20
12390368-6041065 5795 63 4.05 0.17 -0.18 0.06 2.29 0.11 1.862 Trumpler20
12390668-6032098 6128 66 4.19 0.18 0.12 0.05 2.17 0.27 1.862 Trumpler20
12390842-6036528 5644 61 3.28 0.17 0.09 0.05 2.17 0.19 1.862 Trumpler20
12391082-6037229 5993 66 4.21 0.18 0.02 0.06 2.40 0.16 1.862 Trumpler20
12391116-6036059 5862 64 3.91 0.17 -0.06 0.05 2.61 0.08 1.862 Trumpler20
12391158-6040270 6175 65 4.34 0.18 0.17 0.05 2.67 0.09 1.862 Trumpler20
12391264-6035414 5155 63 2.23 0.18 -0.75 0.06 1.31 0.24 1.862 Trumpler20
12391337-6041382 6275 65 4.27 0.17 0.16 0.05 3.24 0.07 1.862 Trumpler20
12391473-6035353 5383 64 3.63 0.18 -0.50 0.05 1.68 0.17 1.862 Trumpler20
12391636-6038535 6765 82 4.58 0.22 -0.09 0.07 2.91 0.00 1.862 Trumpler20
12391739-6036496 6510 63 4.08 0.17 -0.08 0.05 2.81 0.15 1.862 Trumpler20
12391794-6038098 5875 64 4.02 0.17 -0.27 0.06 2.66 0.11 1.862 Trumpler20
12391832-6032159 5982 64 4.12 0.17 0.20 0.05 2.86 0.10 1.862 Trumpler20
12391942-6035210 5404 65 3.55 0.17 0.35 0.05 1.86 0.16 1.862 Trumpler20
12392034-6036316 5438 63 4.03 0.17 -0.05 0.06 1.85 0.12 1.862 Trumpler20
12392166-6035216 5393 65 4.09 0.17 -0.46 0.05 1.20 0.41 1.862 Trumpler20
12392282-6039194 6098 64 4.35 0.17 0.03 0.05 2.97 0.08 1.862 Trumpler20
12392343-6036074 5393 63 4.17 0.17 -0.05 0.05 1.89 0.16 1.862 Trumpler20
12392344-6042543 5304 64 4.40 0.18 0.42 0.04 1.32 0.32 1.862 Trumpler20
12392366-6041524 6369 65 3.88 0.18 0.16 0.05 2.40 0.00 1.862 Trumpler20
12392371-6034274 6018 63 4.52 0.17 -0.05 0.05 2.70 0.10 1.862 Trumpler20
12392480-6038245 5444 65 4.69 0.17 0.07 0.06 1.63 0.22 1.862 Trumpler20
12392497-6038459 6155 65 4.35 0.18 0.40 0.05 2.22 0.19 1.862 Trumpler20
12392554-6036282 5215 66 4.37 0.17 0.23 0.05 1.23 0.00 1.862 Trumpler20
12392596-6039462 5833 66 4.14 0.18 0.10 0.06 2.09 0.00 1.862 Trumpler20
12392632-6039149 5893 65 4.64 0.17 0.43 0.04 1.61 0.70 1.862 Trumpler20
12392751-6039251 5401 65 4.27 0.18 0.20 0.05 1.85 0.15 1.862 Trumpler20
12392774-6037371 5527 76 4.16 0.18 -0.55 0.09 1.25 0.00 1.862 Trumpler20
12392786-6031196 5936 76 3.98 0.18 0.20 0.09 2.62 0.12 1.862 Trumpler20
12392912-6035410 5403 66 3.95 0.18 -0.04 0.05 1.73 0.20 1.862 Trumpler20
12393037-6037595 5483 65 3.97 0.18 -0.16 0.06 2.00 0.00 1.862 Trumpler20
12393097-6042167 6162 67 4.19 0.17 -0.03 0.05 2.78 0.09 1.862 Trumpler20
12393182-6041111 5609 66 4.16 0.18 -0.07 0.05 1.97 0.00 1.862 Trumpler20
12393182-6041554 5545 63 4.36 0.18 0.15 0.05 1.21 1.25 1.862 Trumpler20
12393213-6039558 5652 64 4.24 0.18 -0.05 0.06 2.11 0.17 1.862 Trumpler20
12393237-6036320 5656 64 3.74 0.17 -0.39 0.05 2.50 0.12 1.862 Trumpler20
12393472-6034488 5899 64 4.23 0.18 0.19 0.05 2.67 0.12 1.862 Trumpler20
12393629-6034526 5892 74 4.47 0.18 0.23 0.10 1.97 0.17 1.862 Trumpler20
12393689-6040505 6182 65 4.13 0.18 -0.18 0.06 2.61 0.14 1.862 Trumpler20
12393847-6036012 5957 64 4.18 0.17 0.06 0.06 2.77 0.10 1.862 Trumpler20
12393849-6039127 6043 64 4.18 0.17 0.10 0.05 2.88 0.08 1.862 Trumpler20
12393957-6036401 5834 64 3.94 0.17 -0.52 0.06 2.11 0.13 1.862 Trumpler20
12394068-6040516 6670 66 4.19 0.17 0.17 0.05 2.85 0.15 1.862 Trumpler20
12394200-6034459 6152 65 4.05 0.18 -0.25 0.05 2.10 0.21 1.862 Trumpler20
12394365-6038071 5961 64 4.00 0.17 0.15 0.05 2.43 0.16 1.862 Trumpler20
12394422-6035497 5710 64 3.83 0.18 0.24 0.05 2.13 0.20 1.862 Trumpler20
12394486-6035299 5139 64 4.48 0.18 -0.28 0.06 1.22 0.19 1.862 Trumpler20
12394609-6042251 5710 65 4.28 0.18 0.25 0.05 1.54 0.53 1.862 Trumpler20
12394647-6035378 5913 64 4.18 0.18 -0.04 0.05 2.67 0.08 1.862 Trumpler20
12394863-6033383 5925 66 4.44 0.17 0.40 0.05 2.40 0.11 1.862 Trumpler20
12394886-6040557 6045 66 4.24 0.17 0.02 0.06 2.60 0.10 1.862 Trumpler20
12394904-6035156 5874 65 4.65 0.18 0.15 0.05 1.84 0.22 1.862 Trumpler20
12395050-6042265 6253 66 4.05 0.17 0.02 0.05 2.81 0.11 1.862 Trumpler20
12395063-6035445 5734 78 4.17 0.18 -0.30 0.09 2.39 0.11 1.862 Trumpler20
12395104-6038239 5936 65 4.25 0.17 -0.16 0.05 2.30 0.17 1.862 Trumpler20
12395161-6037146 5998 67 4.59 0.17 -0.04 0.06 3.00 0.09 1.862 Trumpler20
12395165-6040534 6278 63 4.26 0.17 0.01 0.05 2.97 0.09 1.862 Trumpler20
12395242-6036179 5810 64 4.52 0.18 0.44 0.04 1.90 0.00 1.862 Trumpler20
12395311-6042026 6192 65 3.71 0.17 -0.40 0.05 2.48 0.12 1.862 Trumpler20
12395312-6037424 5444 63 4.10 0.17 0.00 0.05 1.97 0.14 1.862 Trumpler20
12395481-6042173 5300 66 4.30 0.18 -0.08 0.05 1.91 0.13 1.862 Trumpler20
12395506-6034375 5774 64 3.82 0.17 -0.06 0.06 2.46 0.15 1.862 Trumpler20
12395519-6041417 6402 76 4.08 0.18 0.19 0.10 2.39 0.00 1.862 Trumpler20
12395698-6041397 5738 63 4.71 0.17 -0.11 0.06 1.74 0.36 1.862 Trumpler20
12395949-6038313 5911 65 4.52 0.17 0.23 0.06 2.38 0.13 1.862 Trumpler20
12400028-6032466 5485 65 4.73 0.17 0.22 0.05 1.61 0.00 1.862 Trumpler20
12400047-6041437 6054 64 4.40 0.17 0.11 0.05 2.98 0.07 1.862 Trumpler20
12400129-6036096 5490 66 3.99 0.17 0.03 0.05 1.80 0.00 1.862 Trumpler20
12400257-6035402 6084 64 3.90 0.17 -0.37 0.06 2.39 0.12 1.862 Trumpler20
12400385-6040480 5968 64 4.28 0.17 0.15 0.05 2.68 0.10 1.862 Trumpler20
12400425-6040299 5448 62 4.44 0.17 0.19 0.05 1.67 0.00 1.862 Trumpler20
12400467-6034129 5702 65 3.87 0.18 0.35 0.05 1.98 0.16 1.862 Trumpler20
12400561-6037144 5515 66 4.49 0.18 0.02 0.05 2.34 0.09 1.862 Trumpler20
12400590-6033264 5794 66 4.18 0.18 0.27 0.05 2.05 0.16 1.862 Trumpler20
12400706-6037452 6421 65 4.19 0.17 0.17 0.05 2.03 0.00 1.862 Trumpler20
12400735-6039226 5835 65 4.36 0.17 -0.33 0.06 2.15 0.14 1.862 Trumpler20
12400756-6038235 5986 66 4.18 0.17 0.37 0.05 2.68 0.09 1.862 Trumpler20
12400824-6033110 6096 64 4.28 0.17 -0.22 0.05 2.73 0.12 1.862 Trumpler20
12400888-6035552 5995 64 4.18 0.17 0.16 0.05 2.79 0.09 1.862 Trumpler20
12400899-6040071 5548 64 3.74 0.17 -0.11 0.06 1.96 0.20 1.862 Trumpler20
12401016-6033343 5577 64 4.43 0.17 -0.16 0.05 2.20 0.12 1.862 Trumpler20
12401098-6039364 5822 76 3.83 0.18 -0.51 0.09 2.28 0.00 1.862 Trumpler20
12401102-6039214 6550 66 3.96 0.17 0.06 0.06 2.36 0.00 1.862 Trumpler20
12401301-6032009 5701 66 4.45 0.17 0.33 0.06 1.43 0.80 1.862 Trumpler20
12401318-6039190 5875 66 4.45 0.18 0.38 0.05 2.01 0.20 1.862 Trumpler20
12401328-6038137 4672 98 3.23 0.25 -0.40 0.15 1.31 0.17 1.862 Trumpler20
12401349-6036559 6223 77 4.33 0.18 -0.14 0.09 3.00 0.09 1.862 Trumpler20
12401406-6034047 5740 66 4.20 0.17 -0.05 0.05 2.49 0.17 1.862 Trumpler20
12401525-6035142 5361 64 4.71 0.17 0.18 0.06 1.62 0.14 1.862 Trumpler20
12401630-6038551 5701 65 4.46 0.18 -0.28 0.05 1.66 0.25 1.862 Trumpler20
12401650-6035291 5458 66 4.32 0.17 -0.34 0.05 1.63 0.26 1.862 Trumpler20
12401670-6037140 5253 66 4.12 0.18 -0.48 0.05 1.67 0.18 1.862 Trumpler20
12401772-6038451 6004 64 4.43 0.18 -0.03 0.05 2.86 0.09 1.862 Trumpler20
12401834-6035587 5882 64 4.12 0.17 -0.06 0.05 2.63 0.09 1.862 Trumpler20
12401842-6036534 5684 64 4.43 0.17 -0.23 0.06 2.29 0.16 1.862 Trumpler20
12401846-6037271 5665 65 4.48 0.17 -0.27 0.05 1.68 0.00 1.862 Trumpler20
12404378-6036487 5422 65 4.44 0.18 0.23 0.06 1.32 0.56 1.862 Trumpler20
12391200-6036322 4870 33 2.79 0.05 0.20 0.04 0.49 0.09 1.862 Trumpler20
12394514-6038258 4828 34 2.80 0.05 0.19 0.04 0.18 0.00 1.862 Trumpler20
12395654-6039012 4811 33 2.77 0.05 0.20 0.04 0.10 0.00 1.862 Trumpler20
12400109-6031395 4741 34 2.72 0.05 0.17 0.04 0.64 0.06 1.862 Trumpler20
12394854-6038050 6002 64 4.17 0.17 -0.03 0.05 2.83 0.11 1.862 Trumpler20
12390709-6038056 4916 33 2.96 0.04 0.15 0.04 0.45 0.00 1.862 Trumpler20
12394307-6039193 4771 33 2.70 0.05 0.13 0.04 0.12 0.00 1.862 Trumpler20
12393781-6039051 4819 34 2.72 0.05 0.09 0.04 -0.57 0.00 1.862 Trumpler20
12394475-6038339 4726 32 2.65 0.05 0.12 0.04 -1.00 0.00 1.862 Trumpler20
12385550-6035009 6101 65 4.13 0.18 -0.10 0.06 2.78 0.09 1.862 Trumpler20
12385783-6035158 5878 63 4.61 0.17 0.19 0.05 2.08 0.14 1.862 Trumpler20
12385871-6034229 5667 66 4.03 0.17 -0.77 0.06 2.22 0.10 1.862 Trumpler20
12390733-6035150 5920 63 4.25 0.17 -0.27 0.06 2.58 0.08 1.862 Trumpler20
12390869-6036163 5403 63 3.12 0.17 -0.84 0.05 1.11 0.00 1.862 Trumpler20
12391120-6032492 6110 65 4.19 0.18 0.30 0.06 2.64 0.12 1.862 Trumpler20
12391471-6035010 5711 65 4.06 0.18 -0.50 0.05 2.22 0.11 1.862 Trumpler20
12391485-6037349 5625 65 4.57 0.17 -0.06 0.05 1.99 0.12 1.862 Trumpler20
12391557-6035469 5619 63 4.41 0.18 -0.28 0.05 1.33 0.00 1.862 Trumpler20
12391571-6036013 6192 65 4.35 0.17 0.16 0.05 2.85 0.11 1.862 Trumpler20
12391582-6033056 5784 65 3.68 0.17 0.46 0.03 1.98 0.40 1.862 Trumpler20
12391729-6037359 5499 67 4.02 0.17 0.32 0.05 1.71 0.00 1.862 Trumpler20
12391905-6032435 6123 64 4.20 0.17 -0.01 0.06 2.74 0.06 1.862 Trumpler20
12391978-6035065 5714 63 3.98 0.17 -0.18 0.05 2.13 0.11 1.862 Trumpler20
12392006-6036533 5083 66 4.04 0.18 -0.48 0.05 1.23 0.18 1.862 Trumpler20
12392105-6035380 5926 65 4.27 0.17 -0.05 0.06 2.43 0.10 1.862 Trumpler20
12392214-6035104 5977 65 4.42 0.17 -0.13 0.05 2.77 0.10 1.862 Trumpler20
12392386-6032508 6184 66 4.37 0.17 -0.09 0.06 2.71 0.08 1.862 Trumpler20
12392434-6037476 6234 64 4.07 0.18 -0.14 0.06 2.55 0.12 1.862 Trumpler20
12392442-6039264 5494 66 4.12 0.17 -0.43 0.05 1.54 0.37 1.862 Trumpler20
12392518-6034222 4749 66 3.76 0.17 -0.66 0.05 0.66 0.00 1.862 Trumpler20
12392549-6039347 5837 64 4.22 0.17 0.05 0.05 1.67 0.74 1.862 Trumpler20
12392553-6035470 6230 67 4.13 0.17 0.09 0.06 2.79 0.10 1.862 Trumpler20
12392756-6037442 5274 64 3.71 0.17 -0.22 0.05 2.33 0.12 1.862 Trumpler20
12393076-6034595 6030 65 4.48 0.17 -0.20 0.05 2.73 0.08 1.862 Trumpler20
12393188-6034508 6288 66 4.13 0.17 -0.14 0.05 1.89 0.34 1.862 Trumpler20
12393214-6033008 6125 96 4.82 0.25 0.35 0.10 2.98 0.14 1.862 Trumpler20
12393256-6034398 5831 66 4.15 0.18 -0.24 0.05 1.90 0.14 1.862 Trumpler20
12393292-6038311 4774 64 3.81 0.17 -0.84 0.06 0.85 0.00 1.862 Trumpler20
12393548-6035036 5475 65 4.29 0.17 0.19 0.05 1.51 0.00 1.862 Trumpler20
12393589-6038214 4966 64 2.70 0.17 0.16 0.05 1.07 0.00 1.862 Trumpler20
12393634-6040502 5761 64 4.15 0.17 0.18 0.05 1.88 0.00 1.862 Trumpler20
12393675-6041449 5794 64 4.28 0.17 0.01 0.05 2.30 0.14 1.862 Trumpler20
12393704-6034430 5262 64 3.62 0.18 -0.47 0.05 1.09 0.00 1.862 Trumpler20
12393710-6036325 5330 65 4.52 0.17 -0.22 0.06 1.70 0.17 1.862 Trumpler20
12393919-6038118 6582 77 3.90 0.18 -0.13 0.10 3.33 0.07 1.862 Trumpler20
12393987-6039341 5996 70 4.43 0.21 0.04 0.05 2.85 0.10 1.862 Trumpler20
12394058-6036434 5881 65 4.52 0.17 0.22 0.05 2.11 0.13 1.862 Trumpler20
12394166-6041491 5491 83 2.91 0.22 -0.62 0.08 1.52 0.00 1.862 Trumpler20
12394266-6037161 5261 63 4.06 0.17 -0.49 0.05 0.97 0.27 1.862 Trumpler20
12394526-6041409 6425 63 4.07 0.18 0.13 0.06 2.85 0.10 1.862 Trumpler20
12394630-6038271 5504 65 3.91 0.17 -0.19 0.05 1.71 0.21 1.862 Trumpler20
12394676-6035103 6252 66 4.21 0.18 0.01 0.05 2.54 0.09 1.862 Trumpler20
12394705-6039183 5675 75 4.22 0.18 -0.42 0.09 2.58 0.10 1.862 Trumpler20
12395143-6032477 5887 66 4.42 0.18 0.06 0.06 2.66 0.08 1.862 Trumpler20
12395215-6035301 5889 64 4.37 0.17 -0.03 0.06 2.21 0.18 1.862 Trumpler20
12395324-6034337 6029 68 4.42 0.17 0.28 0.06 2.77 0.07 1.862 Trumpler20
12395339-6040135 5630 64 4.36 0.17 0.09 0.06 1.92 0.26 1.862 Trumpler20
12395342-6039545 6465 65 4.17 0.17 0.11 0.05 2.28 0.18 1.862 Trumpler20
12395448-6037128 6380 66 4.06 0.17 0.05 0.06 2.57 0.13 1.862 Trumpler20
12395498-6038005 5892 67 4.25 0.17 0.17 0.05 2.26 0.11 1.862 Trumpler20
12395940-6039267 5129 81 3.72 0.22 -0.35 0.08 1.31 0.33 1.862 Trumpler20
12400054-6039389 5482 66 3.84 0.17 -0.21 0.05 2.18 0.14 1.862 Trumpler20
12400101-6038232 6385 64 4.16 0.18 0.21 0.05 2.39 0.23 1.862 Trumpler20
12400181-6039481 6124 66 4.42 0.17 0.18 0.05 2.61 0.13 1.862 Trumpler20
12400187-6037190 6304 66 4.18 0.17 0.13 0.05 2.03 0.30 1.862 Trumpler20
12400308-6039585 4942 64 4.19 0.17 -0.80 0.06 1.54 0.17 1.862 Trumpler20
12400567-6039048 5291 65 4.16 0.17 0.29 0.06 1.65 0.00 1.862 Trumpler20
12400693-6037388 5791 64 4.34 0.17 -0.15 0.06 2.71 0.10 1.862 Trumpler20
12400752-6034473 6022 63 4.34 0.17 -0.05 0.06 2.83 0.08 1.862 Trumpler20
12400872-6037051 5749 63 4.38 0.17 0.12 0.06 2.01 0.19 1.862 Trumpler20
12401020-6038241 6208 66 4.04 0.18 -0.19 0.05 2.73 0.12 1.862 Trumpler20
12401220-6037063 5020 65 3.96 0.18 -0.18 0.06 1.05 0.00 1.862 Trumpler20
12402627-6035356 5640 66 4.17 0.17 -0.06 0.05 1.74 0.26 1.862 Trumpler20
12395469-6033270 5666 65 3.80 0.17 -0.02 0.05 2.14 0.15 1.862 Trumpler20
12385298-6033591 6059 64 4.30 0.17 -0.01 0.05 2.60 0.06 1.862 Trumpler20
12385659-6044005 6670 66 4.11 0.17 0.10 0.05 1.94 0.32 1.862 Trumpler20
12390754-6043168 6997 71 4.17 0.21 0.01 0.06 3.01 0.08 1.862 Trumpler20
12391683-6036119 5871 66 4.70 0.17 0.42 0.05 1.82 0.53 1.862 Trumpler20
12391741-6038144 6224 76 4.01 0.19 -0.63 0.09 2.43 0.15 1.862 Trumpler20
12391762-6035230 5280 65 4.42 0.18 0.04 0.05 1.28 0.35 1.862 Trumpler20
12391771-6035086 5065 75 3.54 0.18 0.14 0.10 0.81 1.06 1.862 Trumpler20
12391824-6036261 5677 66 4.61 0.17 0.44 0.04 1.80 0.00 1.862 Trumpler20
12391942-6036514 6711 67 3.96 0.17 0.09 0.06 3.19 0.06 1.862 Trumpler20
12391977-6037065 6437 80 4.92 0.21 0.48 0.02 3.07 0.15 1.862 Trumpler20
12392588-6037528 5766 64 4.27 0.18 0.02 0.06 2.07 0.14 1.862 Trumpler20
12392833-6036112 5954 65 4.35 0.17 0.24 0.05 2.18 0.13 1.862 Trumpler20
12393007-6035548 4946 65 4.28 0.17 -0.40 0.05 0.93 0.30 1.862 Trumpler20
12393329-6036008 6552 65 4.10 0.17 0.19 0.05 2.64 0.10 1.862 Trumpler20
12393355-6038255 5723 63 4.37 0.18 0.34 0.05 2.32 0.13 1.862 Trumpler20
12393385-6038038 4484 66 2.22 0.17 0.28 0.05 0.11 0.13 1.862 Trumpler20
12393513-6039523 6436 66 4.01 0.18 0.08 0.06 2.51 0.16 1.862 Trumpler20
12393618-6037564 5604 65 4.16 0.17 -0.28 0.06 1.74 0.31 1.862 Trumpler20
12393711-6039553 5534 66 4.43 0.17 0.25 0.06 1.72 0.45 1.862 Trumpler20
12393737-6035498 5101 64 4.35 0.17 0.16 0.06 1.29 0.24 1.862 Trumpler20
12393927-6036278 6076 65 4.36 0.18 0.17 0.05 3.15 0.07 1.862 Trumpler20
12394057-6036027 5088 65 3.44 0.17 -0.29 0.06 1.19 0.30 1.862 Trumpler20
12394103-6038054 5792 68 4.39 0.20 0.45 0.04 1.76 0.54 1.862 Trumpler20
12394352-6036458 5489 64 4.01 0.18 0.03 0.05 1.90 0.19 1.862 Trumpler20
12394395-6038427 6350 64 4.23 0.17 0.26 0.06 1.85 0.00 1.862 Trumpler20
12394715-6035172 5975 64 4.45 0.18 0.02 0.05 2.71 0.09 1.862 Trumpler20
12394740-6035001 6238 65 4.49 0.17 0.40 0.05 2.63 0.13 1.862 Trumpler20
12394808-6038460 6014 66 3.93 0.17 -0.46 0.05 1.76 0.11 1.862 Trumpler20
12394846-6041120 6736 65 4.02 0.18 -0.25 0.05 2.68 0.09 1.862 Trumpler20
12394852-6037478 6239 64 4.39 0.18 -0.02 0.05 2.87 0.07 1.862 Trumpler20
12394908-6035118 6988 72 4.23 0.20 0.05 0.05 3.31 0.06 1.862 Trumpler20
12394934-6036066 4865 65 2.92 0.17 0.24 0.05 -0.04 0.64 1.862 Trumpler20
12395191-6041089 6721 66 3.88 0.17 0.05 0.06 2.77 0.11 1.862 Trumpler20
12395217-6037138 6421 65 4.12 0.18 0.02 0.06 2.43 0.07 1.862 Trumpler20
12395284-6037593 6763 66 4.09 0.17 0.14 0.06 2.18 0.00 1.862 Trumpler20
12395434-6038134 6478 66 4.25 0.18 0.23 0.05 2.67 0.09 1.862 Trumpler20
12395467-6036273 5489 65 4.20 0.17 -0.03 0.05 1.89 0.21 1.862 Trumpler20
12401462-6039511 6160 63 4.26 0.17 0.10 0.05 2.62 0.06 1.862 Trumpler20
12392698-6036053 4689 33 2.57 0.05 0.11 0.04 0.77 0.06 1.862 Trumpler20
12393131-6039423 4865 34 2.82 0.05 0.15 0.04 0.27 0.00 1.862 Trumpler20
12394596-6038389 4817 33 2.68 0.05 0.11 0.04 -0.67 0.00 1.862 Trumpler20
