OBJECT TEFF E_TEFF LOGG E_LOGG FEH E_FEH LI1 E_LI1 "AGE (Gyr)" GES_FLD MEM3D
16010433-5332336 4686 33 2.56 0.05 0.22 0.04 0.83 0.06 0.708 Trumpler23 1
16010639-5331056 4725 33 2.63 0.05 0.15 0.04 1.13 0.07 0.708 Trumpler23 1
16003935-5332367 4725 33 2.63 0.05 0.18 0.04 0.86 0.06 0.708 Trumpler23 1
16004312-5330509 4815 33 2.85 0.05 0.24 0.04 1.43 0.04 0.708 Trumpler23 1
16005168-5332013 4784 33 2.6 0.05 0.21 0.04 0.72 0.05 0.708 Trumpler23 1
16010025-5333101 4805 33 2.72 0.05 0.2 0.04 1.35 0.05 0.708 Trumpler23 1
16010770-5329374 4753 32 2.63 0.05 0.22 0.04 1.36 0.05 0.708 Trumpler23 1
16004350-5331482 6689 66 3.66 0.17 -0.04 0.05 2.5 0.0 0.708 Trumpler23 0.9999
16004357-5328513 6851 68 3.89 0.18 0.03 0.06 2.81 0.07 0.708 Trumpler23 0.9989
16004569-5332567 6810 71 4.24 0.2 0.08 0.06 2.87 0.13 0.708 Trumpler23 0.9999
16004889-5331273 7107 750 2.48 1.2 -0.25 0.2 2.08 0.0 0.708 Trumpler23 1
16005241-5331345 6617 65 4.15 0.17 0.16 0.05 2.09 0.0 0.708 Trumpler23 0.9999
16005675-5335029 6469 67 4.11 0.17 0.17 0.05 2.24 0.0 0.708 Trumpler23 0.9999
16005827-5330323 6840 67 4.14 0.18 0.14 0.06 3.08 0.07 0.708 Trumpler23 1
16005947-5330396 6310 66 4.17 0.17 0.12 0.05 1.97 0.0 0.708 Trumpler23 0.9918
16010323-5330273 6571 66 3.99 0.18 0.23 0.06 2.41 0.21 0.708 Trumpler23 1
16010497-5333409 7250 750 3.02 0.7 0.25 0.2 3.11 0.58 0.708 Trumpler23 0.9999
16010533-5333195 6396 64 4.14 0.17 0.15 0.05 2.58 0.08 0.708 Trumpler23 1
16010723-5333561 7000 500 2.75 1.2 0.25 0.2 2.75 0.0 0.708 Trumpler23 1
16005798-5331476 4767 32 2.7 0.05 0.23 0.04 -0.12 0.0 0.708 Trumpler23 0.9981
