OBJECT TEFF E_TEFF LOGG E_LOGG FEH E_FEH LI1 E_LI1 "AGE (Gyr)" GES_FLD MEM3D
06360559+0929354 5681 64 3.64 0.18 -0.51 0.05 2.4 0.11 4.266 Trumpler5 0.9987
06360656+0935017 6537 83 4.11 0.22 -0.21 0.07 2.5 0.0 4.266 Trumpler5 0.9945
06360665+0933293 5948 80 3.81 0.21 -0.29 0.08 2.96 0.16 4.266 Trumpler5 0.9891
06360781+0927396 6350 80 4.87 0.22 -0.35 0.08 2.72 0.21 4.266 Trumpler5 0.999
06360821+0928247 5628 106 3.14 0.34 -0.49 0.09 2.55 0.17 4.266 Trumpler5 0.9907
06360862+0932063 6510 64 4.08 0.17 -0.48 0.05 2.13 0.0 4.266 Trumpler5 0.9997
06360867+0930259 6251 84 4.2 0.22 -0.46 0.08 1.9 0.0 4.266 Trumpler5 0.9987
06360955+0926531 6371 65 4.02 0.17 -0.46 0.05 2.59 0.17 4.266 Trumpler5 0.9993
06361104+0926387 6231 64 3.56 0.17 -0.51 0.05 2.35 0.15 4.266 Trumpler5 0.9997
06361160+0922370 6368 80 3.52 0.22 -0.37 0.08 2.45 0.0 4.266 Trumpler5 0.9992
06361198+0924330 6348 71 4.32 0.21 -0.35 0.05 2.67 0.18 4.266 Trumpler5 0.9983
06361300+0928347 6579 83 4.01 0.22 -0.44 0.08 3.16 0.2 4.266 Trumpler5 0.9989
06361327+0922465 6919 66 3.85 0.18 -0.32 0.05 2.62 0.26 4.266 Trumpler5 0.9998
06361621+0934332 5463 82 3 0.22 -0.47 0.08 2.03 0.21 4.266 Trumpler5 0.9993
06361646+0932383 6557 66 3.86 0.17 -0.52 0.06 2.55 0.0 4.266 Trumpler5 0.9996
06361837+0921325 6409 65 4.24 0.18 -0.26 0.05 2.52 0.19 4.266 Trumpler5 0.9996
06361901+0925326 6530 65 4.18 0.17 -0.31 0.05 2.19 0.0 4.266 Trumpler5 0.9992
06361935+0933239 6277 64 3.99 0.18 -0.38 0.05 1.98 0.27 4.266 Trumpler5 0.9994
06361957+0934297 6349 105 3.41 0.34 -0.42 0.09 3 0.13 4.266 Trumpler5 0.9985
06361976+0921316 6255 83 4.09 0.22 -0.39 0.08 2.43 0.0 4.266 Trumpler5 0.9995
06362075+0930551 6541 64 4.17 0.17 -0.37 0.05 2.1 0.0 4.266 Trumpler5 0.9873
06362306+0929095 5935 64 3.98 0.17 -0.41 0.06 2.88 0.07 4.266 Trumpler5 0.9998
06362323+0932294 6431 83 3.73 0.22 -0.68 0.08 3 0.14 4.266 Trumpler5 0.9942
06362419+0929377 6377 65 4.09 0.17 -0.42 0.05 2.45 0.14 4.266 Trumpler5 0.9993
06362492+0924545 6207 96 3.56 0.26 -0.64 0.15 2.37 0.27 4.266 Trumpler5 0.9961
06362520+0931294 5940 80 4.27 0.22 -0.62 0.08 2.51 0.11 4.266 Trumpler5 0.9994
06362565+0928354 6672 84 4.06 0.21 -0.29 0.08 2.23 0.0 4.266 Trumpler5 0.9961
06362719+0928046 6776 83 4.19 0.22 -0.23 0.08 2.47 0.0 4.266 Trumpler5 0.9981
06362751+0928302 6581 65 3.98 0.18 -0.32 0.06 2.46 0.0 4.266 Trumpler5 0.9997
06362832+0932180 6314 83 4.14 0.22 -0.63 0.08 2.77 0.11 4.266 Trumpler5 0.9998
06362884+0928240 6302 67 4.14 0.17 -0.48 0.05 2.44 0.12 4.266 Trumpler5 0.9997
06362914+0929539 6408 84 4.58 0.22 -0.38 0.08 2.78 0.15 4.266 Trumpler5 0.9998
06363004+0933162 5940 81 4.28 0.22 -0.82 0.08 2.43 0.15 4.266 Trumpler5 0.9994
06363084+0932196 6148 86 3.48 0.21 -0.51 0.08 2.89 0.16 4.266 Trumpler5 0.9916
06363204+0927106 6411 70 4.2 0.21 -0.44 0.05 2.32 0.0 4.266 Trumpler5 0.9997
06363208+0928042 6707 84 4.08 0.21 -0.08 0.08 3 0.23 4.266 Trumpler5 0.9937
06363259+0930167 6355 65 3.84 0.17 -0.33 0.06 2.2 0.17 4.266 Trumpler5 0.9998
06363552+0933589 6689 67 4.04 0.17 -0.25 0.05 2.73 0.14 4.266 Trumpler5 0.9996
06363588+0926478 6524 65 3.92 0.18 -0.38 0.06 2.89 0.11 4.266 Trumpler5 0.9997
06363639+0930406 6313 65 3.78 0.17 -0.68 0.06 2.11 0.0 4.266 Trumpler5 0.9983
06363651+0931166 6961 68 3.81 0.17 -0.22 0.05 2.16 0.0 4.266 Trumpler5 0.9918
06363685+0932130 6492 80 4.17 0.22 -0.51 0.08 2.92 0.17 4.266 Trumpler5 0.9997
06363803+0927046 6558 82 4.09 0.22 -0.3 0.08 2.38 0.0 4.266 Trumpler5 0.9989
06363961+0928186 6463 85 4.2 0.21 0.38 0.06 2.57 0.0 4.266 Trumpler5 0.9973
06364138+0928414 6535 82 4.59 0.22 -0.62 0.08 2.93 0.21 4.266 Trumpler5 0.9997
06360830+0923326 6606 84 4.29 0.22 -0.49 0.08 3.06 0.16 4.266 Trumpler5 0.9996
06360951+0930376 5789 85 3.59 0.22 -0.86 0.08 1.9 0.0 4.266 Trumpler5 0.9877
06361143+0923201 6196 82 4.16 0.22 -0.59 0.08 3.1 0.14 4.266 Trumpler5 0.9995
06361230+0927441 6369 66 4.18 0.17 -0.49 0.05 2.33 0.21 4.266 Trumpler5 0.9992
06361246+0923269 5943 81 3.86 0.22 -0.57 0.08 2.44 0.2 4.266 Trumpler5 0.9987
06361276+0934597 6421 65 4.01 0.18 -0.65 0.06 2.51 0.11 4.266 Trumpler5 0.9997
06361351+0923171 6439 65 3.97 0.17 -0.22 0.05 2.73 0.11 4.266 Trumpler5 0.9992
06361636+0924069 5629 64 4.07 0.17 -0.43 0.05 1.58 0.14 4.266 Trumpler5 0.9999
06361652+0927280 6779 109 4.38 0.33 -0.06 0.09 3.18 0.16 4.266 Trumpler5 0.999
06361756+0925549 6125 66 3.97 0.17 -0.75 0.06 2.17 0.22 4.266 Trumpler5 0.9983
06361797+0929089 6516 64 4.16 0.18 -0.54 0.05 2.29 0.2 4.266 Trumpler5 0.9997
06361799+0927395 6816 83 4.47 0.22 -0.14 0.08 3.27 0.17 4.266 Trumpler5 0.9942
06361816+0931583 6234 64 4.26 0.17 -0.58 0.05 2.48 0.12 4.266 Trumpler5 0.9982
06361859+0924042 6371 107 3.84 0.34 -0.56 0.1 2.82 0.23 4.266 Trumpler5 0.9987
06361884+0928389 6400 67 4.15 0.18 -0.9 0.05 2.44 0.13 4.266 Trumpler5 0.9972
06361930+0927180 6530 67 4.4 0.18 -0.58 0.06 3 0.07 4.266 Trumpler5 0.9995
06361945+0928324 5926 64 3.87 0.17 -0.38 0.05 2.39 0.09 4.266 Trumpler5 0.9998
06361963+0925024 6667 83 3.78 0.22 -0.47 0.08 2.94 0.13 4.266 Trumpler5 0.9963
06362047+0926566 6408 64 4.17 0.17 -0.57 0.05 2.52 0.18 4.266 Trumpler5 0.9989
06362053+0925152 6088 66 3.67 0.17 -0.56 0.05 1.87 0.24 4.266 Trumpler5 0.9936
06362119+0931077 6214 65 3.97 0.17 -0.75 0.06 1.89 0.0 4.266 Trumpler5 0.9997
06362130+0922396 6307 85 3.78 0.22 -0.44 0.08 2.4 0.0 4.266 Trumpler5 0.9989
06362145+0928087 6517 64 4.15 0.18 -0.41 0.06 2.04 0.0 4.266 Trumpler5 0.9953
06362169+0924169 6095 83 3.61 0.22 -0.35 0.08 2.74 0.17 4.266 Trumpler5 0.9994
06362180+0930342 6056 62 4.31 0.17 -0.7 0.05 2.66 0.09 4.266 Trumpler5 0.9993
06362192+0929512 5980 71 4.35 0.2 -0.79 0.05 2.62 0.17 4.266 Trumpler5 0.9995
06362240+0922063 6525 80 4.08 0.22 -0.46 0.07 2.7 0.0 4.266 Trumpler5 0.9996
06362247+0925310 6263 64 4.37 0.18 -0.55 0.05 2.42 0.14 4.266 Trumpler5 0.9997
06362263+0930122 6197 81 3.26 0.22 -0.33 0.08 2.76 0.15 4.266 Trumpler5 0.9989
06362378+0930509 6306 66 3.8 0.18 -0.56 0.05 2.13 0.0 4.266 Trumpler5 0.9733
06362415+0925368 6528 84 4.5 0.22 -0.3 0.08 2.84 0.2 4.266 Trumpler5 0.9995
06362536+0926180 6431 82 4.57 0.22 -0.5 0.07 2.21 0.0 4.266 Trumpler5 0.9994
06362551+0922180 6656 83 3.67 0.22 -0.55 0.08 2.78 0.21 4.266 Trumpler5 0.9996
06362557+0929549 6116 63 3.66 0.18 -0.64 0.05 2.86 0.06 4.266 Trumpler5 0.9997
06362559+0921595 6426 66 4.09 0.18 -0.27 0.05 2.82 0.15 4.266 Trumpler5 0.9993
06362758+0931144 5839 63 3.92 0.17 -0.63 0.05 2.56 0.12 4.266 Trumpler5 0.9988
06362760+0926130 6379 65 4.12 0.18 -0.5 0.06 2.21 0.0 4.266 Trumpler5 0.9995
06362770+0926532 6214 64 4.08 0.18 -0.54 0.05 2.72 0.08 4.266 Trumpler5 0.9998
06362776+0931477 5134 62 3.88 0.17 -0.46 0.05 1.18 0.12 4.266 Trumpler5 0.9998
06362917+0930579 5784 80 2.99 0.21 -0.84 0.08 2.49 0.13 4.266 Trumpler5 0.9997
06362922+0927208 6335 65 4.3 0.17 -0.46 0.06 2.38 0.15 4.266 Trumpler5 0.9998
06362937+0925295 6381 80 3.58 0.22 -0.14 0.08 2.63 0.0 4.266 Trumpler5 0.9961
06362948+0927058 6579 82 4.26 0.22 -0.45 0.08 2.72 0.18 4.266 Trumpler5 0.9997
06363034+0926154 6216 66 4.13 0.18 -0.63 0.06 2.08 0.25 4.266 Trumpler5 0.9986
06363090+0929402 6566 83 3.68 0.22 -0.47 0.07 2.73 0.16 4.266 Trumpler5 0.957
06363137+0929125 6380 83 4.78 0.22 -0.09 0.08 3.03 0.17 4.266 Trumpler5 0.9992
06363257+0930356 5972 82 4.43 0.22 -0.43 0.07 2.37 0.27 4.266 Trumpler5 0.9995
06363340+0925282 6521 65 4.14 0.17 -0.48 0.05 2.74 0.16 4.266 Trumpler5 0.9997
06363452+0924519 6208 64 4.45 0.17 -0.39 0.05 2.12 0.27 4.266 Trumpler5 0.9915
06363462+0927037 6068 67 3.97 0.17 -0.45 0.06 2.47 0.08 4.266 Trumpler5 0.9995
06363498+0928362 6582 65 4.21 0.17 -0.2 0.05 2.08 0.0 4.266 Trumpler5 0.9997
06363501+0926077 6082 66 4.08 0.18 -0.45 0.05 2.52 0.16 4.266 Trumpler5 0.9859
06363540+0925561 6319 65 4.38 0.18 -0.67 0.05 2.38 0.21 4.266 Trumpler5 0.9955
06363582+0929375 6211 64 3.92 0.18 -0.56 0.05 3.05 0.06 4.266 Trumpler5 0.9992
06363641+0929573 6442 67 3.82 0.17 -0.58 0.06 2.52 0.13 4.266 Trumpler5 0.9994
06363716+0923371 6611 103 4.26 0.33 0.15 0.1 3.11 0.18 4.266 Trumpler5 0.9986
06363729+0930414 6376 65 4.17 0.18 -0.52 0.05 2.53 0.2 4.266 Trumpler5 0.9997
06363731+0924202 6739 84 4.21 0.22 -0.33 0.08 3.07 0.15 4.266 Trumpler5 0.9987
06363737+0922207 6233 65 3.77 0.17 -0.7 0.05 2.75 0.1 4.266 Trumpler5 0.9997
06363797+0930583 6583 82 4.1 0.21 0.1 0.08 3.15 0.17 4.266 Trumpler5 0.9983
06363812+0930178 6205 64 3.52 0.18 -0.45 0.05 2.87 0.14 4.266 Trumpler5 0.9985
06363865+0923169 6145 64 4.24 0.17 -0.48 0.05 2.21 0.13 4.266 Trumpler5 0.9968
06364062+0932214 6460 83 3.86 0.21 -0.53 0.08 2.61 0.2 4.266 Trumpler5 0.9992
06364123+0922030 6235 83 3.85 0.21 -0.55 0.08 2.34 0.19 4.266 Trumpler5 0.9984
06364124+0923328 6221 79 3.66 0.22 -0.49 0.08 2.16 0.0 4.266 Trumpler5 0.9995
06364175+0923497 6478 81 3.9 0.22 -0.3 0.08 3.01 0.14 4.266 Trumpler5 0.9994
06364202+0927014 6434 64 4.25 0.18 -0.4 0.05 2.37 0.2 4.266 Trumpler5 0.9964
06364227+0928346 6823 83 3.86 0.22 -0.25 0.07 2.84 0.21 4.266 Trumpler5 0.977
06364292+0926218 6040 66 4.27 0.17 -0.42 0.06 2.41 0.22 4.266 Trumpler5 0.9993
06364312+0930023 6429 65 3.97 0.17 -0.45 0.06 2.87 0.14 4.266 Trumpler5 0.9997
06364332+0922569 6037 82 3.4 0.21 -0.46 0.08 2.51 0.15 4.266 Trumpler5 0.9983
06364408+0928390 6225 63 4.02 0.17 -0.48 0.06 1.94 0.2 4.266 Trumpler5 0.9995
06364547+0926550 5115 98 2.59 0.26 -0.86 0.15 1.42 0.0 4.266 Trumpler5 0.958
06364725+0924286 6767 84 4.61 0.22 -0.24 0.08 3.35 0.16 4.266 Trumpler5 0.9991
06364758+0922541 6510 65 4.22 0.17 -0.44 0.05 2.69 0.16 4.266 Trumpler5 0.9995
06364797+0931031 6248 65 3.96 0.17 -0.63 0.05 2.46 0.16 4.266 Trumpler5 0.9995
06364805+0927134 6550 83 4.38 0.21 -0.66 0.08 2.49 0.0 4.266 Trumpler5 0.9997
06365008+0927325 6704 83 4.66 0.22 -0.46 0.08 2.82 0.15 4.266 Trumpler5 0.9987
06365282+0929444 6857 85 4.15 0.22 -0.32 0.07 2.91 0.0 4.266 Trumpler5 0.9993
06365467+0928330 6659 83 3.73 0.22 -0.06 0.08 3.35 0.14 4.266 Trumpler5 0.9995
06365488+0929364 6156 97 4.44 0.26 -1.14 0.16 3.23 0.16 4.266 Trumpler5 0.9984
06360137+0927586 6331 66 3.97 0.17 -0.73 0.05 2.36 0.0 4.266 Trumpler5 0.9991
06360897+0924317 6037 74 4.34 0.18 -1.47 0.09 1.93 0.0 4.266 Trumpler5 0.9984
06360933+0922568 5552 93 3.2 0.26 -1.81 0.16 2.02 0.2 4.266 Trumpler5 0.9962
06361130+0928094 6112 65 3.87 0.17 -0.95 0.05 2.69 0.07 4.266 Trumpler5 0.9998
06361727+0927359 6207 66 3.94 0.17 -0.36 0.05 3 0.07 4.266 Trumpler5 0.9997
06361784+0922523 5862 64 3.77 0.17 -0.57 0.05 2.56 0.08 4.266 Trumpler5 0.9998
06361961+0927111 6288 65 3.98 0.18 -0.67 0.05 2.94 0.11 4.266 Trumpler5 0.9995
06362060+0927301 6671 82 3.57 0.22 -0.67 0.08 2.53 0.22 4.266 Trumpler5 0.9997
06362087+0927165 6347 81 4.14 0.22 -0.36 0.08 2.74 0.22 4.266 Trumpler5 0.9984
06362195+0932362 5885 63 3.72 0.18 -0.56 0.05 2.58 0.07 4.266 Trumpler5 0.9977
06362198+0931349 6002 65 4.16 0.18 -0.52 0.05 2.61 0.08 4.266 Trumpler5 0.9997
06362341+0929199 6055 65 3.9 0.17 -0.54 0.05 2.36 0.12 4.266 Trumpler5 0.9998
06362416+0930425 6369 83 4.7 0.22 -0.6 0.07 2.69 0.18 4.266 Trumpler5 0.9998
06362440+0927046 6430 65 4.36 0.18 -0.55 0.05 2.81 0.13 4.266 Trumpler5 0.9997
06362459+0933559 6187 83 3.7 0.22 -0.63 0.08 1.89 0.0 4.266 Trumpler5 0.9998
06362475+0929534 6450 66 3.98 0.18 -0.4 0.05 2.65 0.11 4.266 Trumpler5 0.9996
06362507+0930169 6299 84 4.29 0.22 -0.66 0.08 2.67 0.16 4.266 Trumpler5 0.9969
06362598+0927443 6246 83 4.4 0.22 -0.46 0.08 2.55 0.15 4.266 Trumpler5 0.9998
06362604+0925256 6309 81 3.94 0.22 -0.54 0.08 2.72 0.17 4.266 Trumpler5 0.999
06362613+0929522 6345 66 4.14 0.18 -0.88 0.05 2.92 0.08 4.266 Trumpler5 0.9998
06362636+0926181 6653 83 4.25 0.22 -0.34 0.08 2.85 0.17 4.266 Trumpler5 0.9991
06362639+0929315 6409 64 3.73 0.17 -0.4 0.05 2.64 0.14 4.266 Trumpler5 0.9993
06362657+0926424 6152 83 4.04 0.22 -0.41 0.08 2.18 0.0 4.266 Trumpler5 0.9985
06362775+0928386 6410 65 4.09 0.17 -0.49 0.05 2.15 0.0 4.266 Trumpler5 0.9986
06362816+0924242 6388 83 3.9 0.23 -0.38 0.08 2.42 0.0 4.266 Trumpler5 0.9856
06362909+0933283 6144 65 3.69 0.18 -0.58 0.06 2.99 0.07 4.266 Trumpler5 0.9998
06362991+0924286 6630 85 4.12 0.22 -0.21 0.08 2.48 0.0 4.266 Trumpler5 0.9992
06363006+0926422 6630 82 4.13 0.22 -0.11 0.08 3.05 0.15 4.266 Trumpler5 0.9992
06363193+0926455 6446 67 4 0.17 -0.18 0.05 2.15 0.0 4.266 Trumpler5 0.9983
06363208+0930531 6274 81 4.44 0.22 -0.4 0.08 2.8 0.13 4.266 Trumpler5 0.9993
06363255+0925523 6464 65 4.07 0.17 -0.64 0.05 2.63 0.11 4.266 Trumpler5 0.9998
06363269+0926086 6047 65 4.21 0.18 -0.38 0.06 2.59 0.15 4.266 Trumpler5 0.9997
06363277+0922578 6378 84 4.23 0.21 -0.37 0.08 2.33 0.0 4.266 Trumpler5 0.9997
06363298+0931222 6150 82 4.24 0.22 -0.26 0.08 2.88 0.15 4.266 Trumpler5 0.998
06363321+0928020 6460 70 4.15 0.2 -0.41 0.06 3.06 0.12 4.266 Trumpler5 0.9996
06363359+0928489 5907 83 3.69 0.22 -0.72 0.07 1.85 0.0 4.266 Trumpler5 0.9993
06363377+0925239 6325 81 3.45 0.22 -0.59 0.08 3 0.2 4.266 Trumpler5 0.9992
06363433+0928002 6292 65 4.61 0.18 -0.64 0.05 2.66 0.14 4.266 Trumpler5 0.9998
06363476+0921222 6204 84 3.97 0.22 -0.71 0.08 2.61 0.17 4.266 Trumpler5 0.9991
06363548+0930425 6647 85 4.25 0.21 -0.11 0.08 2.79 0.2 4.266 Trumpler5 0.9996
06363605+0926302 6757 83 4.06 0.21 -0.54 0.08 2.61 0.0 4.266 Trumpler5 0.9998
06363674+0931233 6319 82 4.56 0.22 -0.39 0.08 2.95 0.1 4.266 Trumpler5 0.9982
06363730+0928019 6314 82 4.38 0.22 -0.62 0.08 2.53 0.0 4.266 Trumpler5 0.9985
06363735+0929575 6817 83 4.38 0.22 -0.58 0.08 2.3 0.0 4.266 Trumpler5 0.9995
06363749+0933376 6476 81 2.74 0.22 -0.71 0.08 2.68 0.0 4.266 Trumpler5 0.9994
06363802+0927014 6640 67 4.15 0.18 -0.25 0.05 2.63 0.18 4.266 Trumpler5 0.9986
06363826+0928425 6129 67 4.17 0.17 -0.44 0.05 2.21 0.15 4.266 Trumpler5 0.9998
06363837+0924359 6771 85 4.24 0.22 -0.32 0.08 3.09 0.15 4.266 Trumpler5 0.9983
06363926+0928582 6490 66 4.07 0.18 -0.28 0.06 2.46 0.15 4.266 Trumpler5 0.9997
06363968+0925202 6367 66 3.93 0.18 -0.55 0.06 2.54 0.15 4.266 Trumpler5 0.9998
06363989+0927223 6405 65 4.05 0.18 -0.57 0.06 2.5 0.12 4.266 Trumpler5 0.9984
06364155+0922301 6497 82 4.6 0.22 -0.67 0.07 2.15 0.0 4.266 Trumpler5 0.9997
06364178+0923134 6525 83 4.23 0.22 -0.26 0.08 3.04 0.17 4.266 Trumpler5 0.9993
06364238+0927402 6307 65 4.05 0.17 -0.6 0.06 1.96 0.0 4.266 Trumpler5 0.9986
06364265+0934049 6655 65 4.02 0.17 -0.29 0.05 2.49 0.0 4.266 Trumpler5 0.9996
06364332+0933565 6582 65 4.04 0.17 -0.53 0.06 2.62 0.12 4.266 Trumpler5 0.9817
06364338+0923034 5960 76 4.38 0.18 -0.52 0.1 3.01 0.09 4.266 Trumpler5 0.9998
06364404+0924233 6100 82 4.38 0.22 -0.68 0.08 2.39 0.0 4.266 Trumpler5 0.9918
06364420+0930142 6481 82 3.96 0.22 0.18 0.07 3.15 0.16 4.266 Trumpler5 0.9984
06364456+0923524 5959 84 4.03 0.22 -0.57 0.08 2.2 0.0 4.266 Trumpler5 0.9993
06364590+0925268 5353 82 2.72 0.22 -1.2 0.08 1.94 0.21 4.266 Trumpler5 0.9986
06364644+0932319 6697 85 4.02 0.22 -0.15 0.08 2.81 0.19 4.266 Trumpler5 0.9993
06364650+0927289 5926 64 3.92 0.17 -0.62 0.05 2.53 0.11 4.266 Trumpler5 0.9998
06364700+0923411 6569 83 4.3 0.22 -0.29 0.08 2.69 0.19 4.266 Trumpler5 0.9997
06364791+0928443 6828 82 4.1 0.22 -0.36 0.08 2.8 0.16 4.266 Trumpler5 0.9998
06364792+0923352 6432 81 4.03 0.22 -0.43 0.08 2.9 0.14 4.266 Trumpler5 0.9994
06365057+0928151 6453 83 4.11 0.22 -0.33 0.08 2.61 0.21 4.266 Trumpler5 0.9996
06365198+0930583 5874 64 3.82 0.18 -0.49 0.05 2.58 0.16 4.266 Trumpler5 0.9986
06365298+0925034 6557 80 4.06 0.22 -0.54 0.07 2.41 0.0 4.266 Trumpler5 0.9995
06365298+0930031 6756 83 4.22 0.22 -0.16 0.08 2.79 0.0 4.266 Trumpler5 0.9997
06365424+0930014 6098 67 4.52 0.17 -0.29 0.05 2.85 0.11 4.266 Trumpler5 0.9993
06365524+0930096 5514 65 4.22 0.17 -0.45 0.05 1.82 0.11 4.266 Trumpler5 0.9998
06365623+0927250 6394 63 4.05 0.17 -0.65 0.05 2.52 0.17 4.266 Trumpler5 0.9998
06362376+0931022 4868 33 2.49 0.05 -0.38 0.04 -0.97 0.0 4.266 Trumpler5 0.9999
06362385+0930285 5052 33 2.52 0.05 -0.37 0.04 0.08 0.0 4.266 Trumpler5 0.9994
06362482+0927465 4809 33 2.64 0.05 -0.35 0.04 1.06 0.04 4.266 Trumpler5 0.9998
06362589+0930599 5020 32 2.46 0.05 -0.38 0.04 -0.06 0.0 4.266 Trumpler5 0.9996
06362771+0926470 4948 33 2.6 0.05 -0.32 0.04 0.08 0.0 4.266 Trumpler5 0.9999
06363708+0929406 4999 33 2.55 0.05 -0.34 0.04 0.05 0.0 4.266 Trumpler5 0.9997
06354525+0926520 6207 66 3.88 0.17 -0.68 0.06 1.87 0.0 4.266 Trumpler5 0.9995
06354963+0928501 5231 66 4.06 0.18 -0.51 0.05 1.37 0.13 4.266 Trumpler5 0.9997
06354989+0932373 6395 82 3.58 0.22 -0.81 0.08 2.46 0.14 4.266 Trumpler5 0.9995
06355812+0928472 6335 65 3.85 0.17 -0.51 0.06 2.51 0.12 4.266 Trumpler5 0.9996
06355840+0931545 6482 82 4.18 0.22 -0.81 0.08 2.07 0.0 4.266 Trumpler5 0.9997
06360088+0933044 6354 72 3.95 0.21 -0.56 0.05 2.27 0.0 4.266 Trumpler5 0.9997
06360414+0930468 6341 64 4.09 0.18 -0.74 0.05 2.48 0.12 4.266 Trumpler5 0.9998
06360431+0935137 6346 65 3.93 0.17 -0.6 0.06 2.46 0.12 4.266 Trumpler5 0.9995
06360445+0927290 6401 80 4.55 0.22 -0.61 0.08 2.55 0.16 4.266 Trumpler5 0.9987
06360474+0927151 6229 67 4.19 0.17 -0.67 0.05 2.13 0.0 4.266 Trumpler5 0.9989
06360791+0929420 6302 67 4.09 0.18 -0.41 0.05 2.74 0.09 4.266 Trumpler5 0.9993
06360889+0922523 6160 64 4.43 0.17 -0.59 0.06 3.04 0.07 4.266 Trumpler5 0.9978
06360895+0928154 6136 64 4.1 0.17 -0.38 0.06 1.84 0.26 4.266 Trumpler5 0.9984
06360979+0933585 5733 64 4.02 0.18 -0.5 0.05 2.25 0.07 4.266 Trumpler5 0.9996
06361240+0935093 6286 63 3.94 0.18 -0.65 0.05 2.42 0.15 4.266 Trumpler5 0.9997
06361300+0920510 6524 66 3.99 0.17 -0.33 0.05 2.56 0.16 4.266 Trumpler5 0.9996
06361636+0930008 6680 66 4.31 0.17 -0.2 0.05 2.33 0.0 4.266 Trumpler5 0.9985
06361842+0930214 5856 67 3.94 0.17 -0.47 0.05 2.69 0.07 4.266 Trumpler5 0.9971
06361894+0921297 6200 66 4.12 0.18 -0.38 0.05 2.09 0.0 4.266 Trumpler5 0.9675
06361914+0932028 6281 66 4.28 0.17 -0.32 0.06 2.24 0.0 4.266 Trumpler5 0.9902
06362042+0931352 6498 66 4.03 0.18 -0.52 0.05 2.33 0.24 4.266 Trumpler5 0.9937
06362077+0922483 6057 66 3.86 0.17 -0.39 0.05 2.04 0.15 4.266 Trumpler5 0.9998
06362207+0934564 6513 65 3.73 0.17 -0.23 0.05 2.27 0.3 4.266 Trumpler5 0.9993
06362213+0934193 6114 65 3.98 0.18 -0.37 0.05 2.62 0.07 4.266 Trumpler5 0.9997
06362248+0933553 6240 64 3.9 0.18 -0.7 0.05 2.96 0.08 4.266 Trumpler5 0.9999
06362443+0926526 6155 63 3.78 0.17 -0.64 0.06 2.85 0.06 4.266 Trumpler5 0.9857
06362506+0924177 6686 67 4.16 0.17 -0.15 0.06 2.69 0.14 4.266 Trumpler5 0.9956
06362823+0930275 5900 64 3.97 0.17 -0.54 0.05 2.45 0.08 4.266 Trumpler5 0.999
06362857+0929492 6224 65 4.1 0.18 -0.57 0.05 2.44 0.11 4.266 Trumpler5 0.9986
06362876+0927125 6256 64 3.76 0.17 -0.44 0.05 2.58 0.09 4.266 Trumpler5 0.9688
06362885+0927007 5774 63 4.03 0.17 -0.52 0.05 2.44 0.07 4.266 Trumpler5 0.9998
06362960+0931120 6239 65 3.99 0.16 -0.61 0.05 2.84 0.06 4.266 Trumpler5 0.9998
06363139+0936329 6507 65 4.26 0.17 -0.54 0.05 2.89 0.08 4.266 Trumpler5 0.9998
06363162+0930119 6364 66 4.02 0.17 -0.54 0.05 2.7 0.09 4.266 Trumpler5 0.9998
06363216+0933117 6220 64 4.17 0.18 -0.45 0.05 3.17 0.06 4.266 Trumpler5 0.9975
06363247+0929050 5927 64 4.11 0.17 -0.45 0.06 2.09 0.11 4.266 Trumpler5 0.9998
06363261+0933520 6413 65 4.05 0.17 -0.59 0.05 2.85 0.09 4.266 Trumpler5 0.9998
06363415+0927163 6662 66 4.16 0.17 -0.33 0.05 2.13 0.0 4.266 Trumpler5 0.9998
06363435+0933176 6422 65 3.99 0.17 -0.35 0.05 2.82 0.08 4.266 Trumpler5 0.9995
06363449+0931257 6425 78 4.17 0.18 -0.55 0.1 3.03 0.08 4.266 Trumpler5 0.9954
06363556+0926589 6190 65 4.04 0.18 -0.39 0.06 1.91 0.25 4.266 Trumpler5 0.9996
06363602+0925385 6395 67 4.29 0.17 -0.54 0.05 2.32 0.17 4.266 Trumpler5 0.9939
06363632+0930061 6413 65 4.09 0.17 -0.52 0.05 2.28 0.0 4.266 Trumpler5 0.9994
06363799+0925146 6433 65 4.22 0.17 -0.42 0.05 3.03 0.08 4.266 Trumpler5 0.9997
06363859+0931252 5942 65 3.94 0.18 -0.42 0.05 2.75 0.07 4.266 Trumpler5 0.9998
06363985+0916270 6358 64 3.74 0.17 -0.36 0.06 2.22 0.23 4.266 Trumpler5 0.9975
06364157+0936252 6368 65 4.02 0.17 -0.59 0.05 2.83 0.08 4.266 Trumpler5 0.9994
06364210+0927075 6412 65 3.98 0.17 -0.45 0.06 2.5 0.11 4.266 Trumpler5 0.9997
06364314+0930362 5658 65 3.85 0.17 -0.5 0.06 1.4 0.29 4.266 Trumpler5 0.9994
06364501+0930290 6365 66 4.27 0.18 -0.69 0.06 2.32 0.2 4.266 Trumpler5 0.9998
06364594+0931043 6389 66 4.06 0.18 -0.52 0.06 3.03 0.06 4.266 Trumpler5 0.9994
06364606+0930350 6219 67 3.92 0.18 -0.6 0.06 2.91 0.07 4.266 Trumpler5 0.9997
06364821+0925577 6238 65 4.13 0.17 -0.62 0.05 2.47 0.1 4.266 Trumpler5 0.9998
06365130+0931454 6277 65 4.2 0.17 -0.7 0.05 2.27 0.16 4.266 Trumpler5 0.9925
06365240+0932299 6310 67 3.98 0.17 -0.58 0.06 2.56 0.1 4.266 Trumpler5 0.9981
06365276+0925179 6403 64 4.08 0.17 -0.6 0.05 2.5 0.11 4.266 Trumpler5 0.9999
06365402+0924137 6167 68 4.09 0.18 -0.5 0.05 2.28 0.11 4.266 Trumpler5 0.9995
06365494+0930160 6288 65 3.93 0.17 -0.67 0.05 2.75 0.08 4.266 Trumpler5 0.9998
06365625+0927182 6270 63 4.09 0.18 -0.69 0.06 2.11 0.22 4.266 Trumpler5 0.999
06365763+0929372 6336 65 3.79 0.17 -0.66 0.05 3 0.07 4.266 Trumpler5 0.9998
06365802+0928046 6353 66 4.23 0.17 -0.53 0.05 2.32 0.0 4.266 Trumpler5 0.9998
06365809+0931369 6304 64 4.26 0.18 -0.64 0.05 2.3 0.17 4.266 Trumpler5 0.9996
06370230+0928455 5142 64 3.91 0.18 -0.43 0.06 0.97 0.16 4.266 Trumpler5 0.9996
06354937+0929255 6456 65 4.22 0.17 -0.43 0.06 2.07 0.0 4.266 Trumpler5 0.9997
06355509+0924007 6186 68 4.31 0.21 -0.68 0.05 2.4 0.18 4.266 Trumpler5 0.9995
06355624+0924205 6539 107 3.86 0.34 -0.27 0.1 2.93 0.16 4.266 Trumpler5 0.9954
06355934+0932443 6477 66 4.05 0.17 -0.7 0.05 2.41 0.0 4.266 Trumpler5 0.9988
06360086+0926116 6233 69 3.88 0.21 -0.74 0.05 2.5 0.18 4.266 Trumpler5 0.9997
06360235+0923079 6491 84 3.86 0.23 -0.49 0.08 2.53 0.22 4.266 Trumpler5 0.9976
06360304+0935036 5891 81 3.46 0.22 -0.57 0.08 2.6 0.15 4.266 Trumpler5 0.9986
06360595+0929052 6504 65 4.13 0.18 -0.44 0.06 2.92 0.07 4.266 Trumpler5 0.9682
06360612+0932188 6645 83 4.17 0.22 -0.54 0.08 2.78 0.18 4.266 Trumpler5 0.9997
06360729+0930103 6347 65 4.03 0.18 -0.51 0.05 2.83 0.12 4.266 Trumpler5 0.9996
06360808+0926370 6017 63 4.03 0.18 -0.42 0.05 2.02 0.15 4.266 Trumpler5 0.9836
06360816+0936413 6264 80 4.51 0.22 -0.47 0.07 2.38 0.18 4.266 Trumpler5 0.9969
06360854+0930026 6451 72 4.46 0.21 -0.51 0.05 3.11 0.11 4.266 Trumpler5 0.9997
06360906+0929428 6392 66 4.54 0.17 -0.42 0.05 2.72 0.17 4.266 Trumpler5 0.9865
06360984+0926234 6069 67 3.75 0.17 -0.41 0.05 2.25 0.14 4.266 Trumpler5 0.9991
06361038+0928310 6814 105 4.43 0.33 -0.05 0.1 2.78 0.0 4.266 Trumpler5 0.9955
06361096+0926552 6510 84 4.68 0.22 -0.25 0.08 2.47 0.0 4.266 Trumpler5 0.999
06361101+0928578 6312 66 4.57 0.17 -0.6 0.05 2.27 0.0 4.266 Trumpler5 0.9996
06361156+0936246 6291 70 4.13 0.21 -0.12 0.06 2.55 0.22 4.266 Trumpler5 0.9997
06361199+0921014 6920 67 4.02 0.17 -0.15 0.05 2.21 0.0 4.266 Trumpler5 0.9937
06361272+0926477 6482 65 4.24 0.18 -0.51 0.06 2.43 0.0 4.266 Trumpler5 0.9986
06361333+0927213 6716 88 4.41 0.22 -0.57 0.08 2.65 0.28 4.266 Trumpler5 0.9955
06361621+0933511 6061 83 3.57 0.21 -0.87 0.08 2.38 0.16 4.266 Trumpler5 0.9779
06361628+0932405 6354 67 4.27 0.18 -0.38 0.05 2.87 0.14 4.266 Trumpler5 0.9994
06361658+0934382 5900 82 4.4 0.22 -0.48 0.08 2.66 0.16 4.266 Trumpler5 0.9969
06361688+0937058 6417 65 4.08 0.18 -0.51 0.05 2.93 0.08 4.266 Trumpler5 0.9998
06361802+0934176 5876 63 3.88 0.17 -1 0.05 2.3 0.14 4.266 Trumpler5 0.9996
06361840+0925390 6496 67 4.12 0.18 -0.87 0.06 2.85 0.13 4.266 Trumpler5 0.9996
06361911+0930452 6183 81 4 0.22 -0.56 0.08 2.15 0.0 4.266 Trumpler5 0.999
06361914+0929461 5890 65 4.02 0.17 -0.44 0.05 1.5 0.24 4.266 Trumpler5 0.9998
06362086+0928434 6307 66 4.02 0.18 -0.56 0.05 2.12 0.25 4.266 Trumpler5 0.9998
06362407+0930579 6456 65 4.22 0.17 -0.53 0.05 3.24 0.07 4.266 Trumpler5 0.9982
06362452+0929057 6335 67 4.45 0.17 -0.6 0.05 2.44 0.16 4.266 Trumpler5 0.9995
06362466+0932449 6235 64 4.14 0.17 -0.49 0.05 2.99 0.08 4.266 Trumpler5 0.9997
06362469+0925021 6249 63 4.12 0.17 -0.55 0.05 3.02 0.06 4.266 Trumpler5 0.9997
06362528+0928114 6895 105 4.21 0.34 -0.03 0.1 2.98 0.19 4.266 Trumpler5 0.9986
06362642+0928237 6426 68 4.21 0.17 -0.38 0.05 2.29 0.17 4.266 Trumpler5 0.978
06362817+0932263 6068 65 4.14 0.18 -0.62 0.05 1.89 0.0 4.266 Trumpler5 0.9998
06362928+0931599 6262 103 3.92 0.34 -0.32 0.09 2.19 0.0 4.266 Trumpler5 0.9996
06362965+0934309 6495 66 3.93 0.18 -0.44 0.05 2.53 0.14 4.266 Trumpler5 0.9996
06362979+0935340 6496 104 3.35 0.33 -0.19 0.1 3.4 0.16 4.266 Trumpler5 0.9993
06363097+0927469 6282 66 3.92 0.18 -0.72 0.05 2.27 0.18 4.266 Trumpler5 0.9998
06363333+0934184 6504 85 3.83 0.22 -0.39 0.08 2.89 0.12 4.266 Trumpler5 0.9913
06363350+0922080 6185 62 3.76 0.17 -0.52 0.06 2.66 0.14 4.266 Trumpler5 0.9988
06363449+0930526 6677 107 4.34 0.35 -0.2 0.1 3 0.18 4.266 Trumpler5 0.9994
06363483+0927195 6106 81 4.49 0.21 -0.31 0.08 2.61 0.17 4.266 Trumpler5 0.9991
06363537+0932521 6299 82 3.38 0.22 -0.44 0.08 2.6 0.0 4.266 Trumpler5 0.9991
06363626+0927174 6517 83 4.09 0.21 -0.3 0.08 2.08 0.0 4.266 Trumpler5 0.9996
06363815+0935313 6479 104 3.9 0.34 -0.21 0.09 2.77 0.19 4.266 Trumpler5 0.9984
06363889+0929416 6398 84 4.23 0.22 -0.38 0.08 2.45 0.28 4.266 Trumpler5 0.998
06364023+0931126 6655 64 4.14 0.17 -0.37 0.05 2.72 0.13 4.266 Trumpler5 0.9996
06364096+0933188 6567 82 4.11 0.22 -0.24 0.08 2.83 0.0 4.266 Trumpler5 0.9955
06364155+0933118 6443 79 3.6 0.22 -0.42 0.08 2.55 0.2 4.266 Trumpler5 0.9848
06364162+0928507 6307 67 3.93 0.17 -0.47 0.05 2.61 0.13 4.266 Trumpler5 0.9979
06364165+0927435 6564 83 3.88 0.22 -0.33 0.08 2.82 0.16 4.266 Trumpler5 0.9938
06364180+0927220 6288 64 4.26 0.17 -0.5 0.05 2.55 0.13 4.266 Trumpler5 0.9999
06364209+0929280 6319 64 3.97 0.17 -0.56 0.05 2.34 0.19 4.266 Trumpler5 0.9995
06364369+0932366 6638 66 3.81 0.17 -0.31 0.05 2.68 0.0 4.266 Trumpler5 0.9985
06364391+0930079 6317 102 4.52 0.33 -0.36 0.09 2.58 0.22 4.266 Trumpler5 0.9941
06364423+0928255 6468 81 4.21 0.21 -0.43 0.08 2.57 0.21 4.266 Trumpler5 0.9994
06364461+0929350 6316 66 4.26 0.17 -0.53 0.05 3.04 0.06 4.266 Trumpler5 0.9983
06364528+0923371 4795 64 2.89 0.18 -0.34 0.05 0.11 0.2 4.266 Trumpler5 0.9996
06364668+0932000 6761 82 4.32 0.22 -0.29 0.08 2.96 0.18 4.266 Trumpler5 0.9515
06364675+0933537 6653 107 4.09 0.34 -0.11 0.09 3.26 0.16 4.266 Trumpler5 0.9956
06364748+0934457 6786 105 3.95 0.34 -0.23 0.09 3.16 0.18 4.266 Trumpler5 0.9982
06365095+0921205 5505 64 3.83 0.17 -0.54 0.05 1.77 0.11 4.266 Trumpler5 0.9978
06365127+0927196 6345 67 4.19 0.17 -0.35 0.05 2.12 0.0 4.266 Trumpler5 0.9997
06370152+0931560 4936 63 2.92 0.17 -0.46 0.05 0.39 0.18 4.266 Trumpler5 0.9998
06370462+0931093 4781 64 2.76 0.18 -0.37 0.06 0.58 0.1 4.266 Trumpler5 0.9999
06360151+0926432 6210 104 4.27 0.33 -0.23 0.1 2.98 0.2 4.266 Trumpler5 0.9968
06360383+0925434 6198 76 3.81 0.18 -0.43 0.1 2.15 0.28 4.266 Trumpler5 0.9994
06360507+0930339 5821 65 2.78 0.17 -0.86 0.05 2.35 0.23 4.266 Trumpler5 0.9729
06360622+0924596 6446 84 3.45 0.22 -0.53 0.08 2.65 0.0 4.266 Trumpler5 0.9972
06360634+0928304 6193 83 3.89 0.22 -0.37 0.08 2.64 0.19 4.266 Trumpler5 0.9987
06360930+0926435 6350 67 4.06 0.17 -0.53 0.05 2.25 0.0 4.266 Trumpler5 0.9998
06360990+0927059 5496 81 2.92 0.22 -1.05 0.08 2.13 0.17 4.266 Trumpler5 0.9985
06361182+0924081 6439 66 3.98 0.17 -0.45 0.06 2.65 0.12 4.266 Trumpler5 0.9996
06361885+0930583 6434 83 4.97 0.21 -0.15 0.08 3.05 0.16 4.266 Trumpler5 0.9925
06362155+0927401 6402 66 4.23 0.17 -0.6 0.05 2.24 0.0 4.266 Trumpler5 0.9994
06362203+0925397 6627 67 4.03 0.18 -0.28 0.05 2.42 0.15 4.266 Trumpler5 0.9997
06362311+0923567 5469 82 4.14 0.22 -1.2 0.08 2.24 0.18 4.266 Trumpler5 0.9972
06362386+0928317 6192 65 4.38 0.18 -0.4 0.05 2.64 0.11 4.266 Trumpler5 0.9845
06362390+0931218 6292 82 2.88 0.22 -0.96 0.08 2.62 0.21 4.266 Trumpler5 0.9991
06362486+0931581 6793 102 4.52 0.33 -0.07 0.09 3.14 0.17 4.266 Trumpler5 0.9988
06362495+0933284 6489 81 3.76 0.22 -0.36 0.08 2.64 0.18 4.266 Trumpler5 0.9997
06362642+0933154 6526 85 4.36 0.22 -0.51 0.08 2.39 0.3 4.266 Trumpler5 0.9989
06362718+0927077 6318 64 4.36 0.17 -0.54 0.05 2.48 0.13 4.266 Trumpler5 0.9996
06362772+0927309 6430 65 4.14 0.17 -0.52 0.06 2.53 0.0 4.266 Trumpler5 0.9995
06362784+0926326 6362 65 4.11 0.17 -0.5 0.05 2.08 0.0 4.266 Trumpler5 0.9998
06362823+0928298 6091 65 4.65 0.17 -0.53 0.05 2.78 0.1 4.266 Trumpler5 0.9987
06362828+0930399 6091 83 3.78 0.22 -0.02 0.08 2.69 0.17 4.266 Trumpler5 0.9563
06362897+0928532 6226 65 4.08 0.17 -0.61 0.06 2.87 0.06 4.266 Trumpler5 0.9981
06363054+0932144 6185 67 4.19 0.18 -0.58 0.05 2.86 0.11 4.266 Trumpler5 0.9969
06363083+0926218 5688 67 4.11 0.17 -0.77 0.05 2.47 0.11 4.266 Trumpler5 0.9979
06363196+0930129 6239 63 4.31 0.17 -0.55 0.05 2.97 0.06 4.266 Trumpler5 0.9994
06363236+0929429 6417 66 3.95 0.17 -0.56 0.05 1.74 0.0 4.266 Trumpler5 0.9997
06363365+0926168 6118 64 4.23 0.17 -0.48 0.05 2.62 0.11 4.266 Trumpler5 0.9996
06363409+0930466 6263 66 3.73 0.17 -0.5 0.06 2.22 0.21 4.266 Trumpler5 0.9985
06363421+0928110 5924 65 4.54 0.18 -0.34 0.06 2.46 0.11 4.266 Trumpler5 0.9996
06363587+0927449 6770 67 3.72 0.18 -0.27 0.06 2.16 0.0 4.266 Trumpler5 0.9997
06363634+0926287 6098 65 4.27 0.17 -0.45 0.06 2.55 0.1 4.266 Trumpler5 0.9997
06363635+0929489 6437 66 4.08 0.18 -0.34 0.05 2.25 0.23 4.266 Trumpler5 0.9998
06363666+0930531 6606 107 4.33 0.33 -0.3 0.09 2.62 0.19 4.266 Trumpler5 0.9996
06363726+0932204 6366 65 3.82 0.17 -0.27 0.05 2.35 0.18 4.266 Trumpler5 0.9993
06363829+0930218 6823 85 4.34 0.22 -0.11 0.08 3.3 0.13 4.266 Trumpler5 0.9973
06363837+0928081 6426 66 4.13 0.17 -0.84 0.05 1.86 0.0 4.266 Trumpler5 0.9996
06363964+0929532 6230 66 4.11 0.18 -0.55 0.05 2.53 0.19 4.266 Trumpler5 0.9983
06364012+0933312 5979 80 3.99 0.22 -0.36 0.08 2.99 0.14 4.266 Trumpler5 0.9992
06364080+0930150 6152 61 3.82 0.17 -0.53 0.05 2.54 0.24 4.266 Trumpler5 0.9993
06364146+0925187 6357 84 3.59 0.23 -0.28 0.08 3.15 0.14 4.266 Trumpler5 0.9978
06364209+0930427 6529 81 3.81 0.22 -0.5 0.08 3.09 0.13 4.266 Trumpler5 0.9988
06364285+0929598 6510 65 4.09 0.17 -0.26 0.05 2.38 0.2 4.266 Trumpler5 0.9739
06364376+0930293 6381 66 3.99 0.17 -0.47 0.05 2.33 0.14 4.266 Trumpler5 0.9985
06364431+0931489 6496 84 3.78 0.22 -0.45 0.08 2.67 0.18 4.266 Trumpler5 0.9998
06364722+0930176 6399 83 4.35 0.22 -0.39 0.08 2.59 0.19 4.266 Trumpler5 0.9976
06365076+0930589 6519 65 4.02 0.18 -0.55 0.05 2.62 0.15 4.266 Trumpler5 0.9989
06365472+0931430 6182 65 3.91 0.17 -0.53 0.05 2.99 0.07 4.266 Trumpler5 0.9995
06365665+0931397 6689 66 4.03 0.17 -0.33 0.05 2.79 0.12 4.266 Trumpler5 0.9998
06365848+0933459 6406 85 3.95 0.22 -0.73 0.08 2.55 0.16 4.266 Trumpler5 0.9996
06370347+0930004 6388 66 3.91 0.17 -0.52 0.05 2.93 0.07 4.266 Trumpler5 0.9995
06360263+0930013 4879 32 2.75 0.05 -0.32 0.04 1 0.05 4.266 Trumpler5 0.9997
06361919+0932429 5016 33 2.45 0.05 -0.38 0.04 0.1 0.0 4.266 Trumpler5 0.9995
06363920+0926328 4865 32 2.63 0.05 -0.31 0.04 1.24 0.04 4.266 Trumpler5 0.9998
06363982+0932186 4862 32 2.61 0.05 -0.34 0.04 0.94 0.05 4.266 Trumpler5 0.9998
06364406+0929234 4884 33 2.71 0.05 -0.27 0.04 0.87 0.05 4.266 Trumpler5 0.9997
06364579+0926380 4946 33 2.62 0.05 -0.28 0.04 -0.85 0.0 4.266 Trumpler5 0.9998
06355917+0931052 6105 65 3.88 0.17 -0.81 0.05 2.48 0.1 4.266 Trumpler5 0.9998
06360155+0927405 5921 84 4.01 0.22 -0.58 0.07 2.02 0.34 4.266 Trumpler5 0.9993
06360155+0932239 6582 83 4.29 0.22 -0.55 0.08 2.49 0.0 4.266 Trumpler5 0.9997
06360221+0926432 6297 65 4.17 0.17 -0.64 0.05 2.91 0.07 4.266 Trumpler5 0.9997
06360488+0926574 6150 65 3.76 0.18 -0.66 0.06 3.02 0.06 4.266 Trumpler5 0.9997
06360647+0928433 6231 66 4.28 0.17 -0.68 0.05 2.33 0.14 4.266 Trumpler5 0.9998
06360801+0929217 6453 65 4.06 0.17 -0.52 0.06 3.08 0.07 4.266 Trumpler5 0.9996
06360938+0932204 5657 65 4.52 0.17 -0.46 0.06 2.45 0.15 4.266 Trumpler5 0.9995
06361028+0926525 5968 65 3.99 0.17 -0.41 0.05 1.97 0.17 4.266 Trumpler5 0.9998
06361033+0932112 6281 110 4.3 0.33 -0.28 0.09 2.78 0.18 4.266 Trumpler5 0.9987
06361064+0927209 5901 63 4.13 0.18 -0.42 0.05 2.62 0.14 4.266 Trumpler5 0.999
06361106+0923577 6158 81 4.7 0.22 -0.54 0.08 2.03 0.0 4.266 Trumpler5 0.999
06361117+0924429 5976 82 3.28 0.22 -0.4 0.08 2.8 0.18 4.266 Trumpler5 0.9989
06361148+0927574 6248 64 4.04 0.17 -0.6 0.05 2.21 0.0 4.266 Trumpler5 0.9994
06361230+0928329 6372 79 4.19 0.19 -0.73 0.09 2.64 0.0 4.266 Trumpler5 0.9996
06361301+0923521 6361 67 4.16 0.17 -0.26 0.05 2.91 0.12 4.266 Trumpler5 0.9941
06361555+0931490 6392 68 4.33 0.18 -0.72 0.05 2.48 0.2 4.266 Trumpler5 0.9997
06361606+0931216 6543 66 4.36 0.17 -0.25 0.05 2.62 0.0 4.266 Trumpler5 0.9997
06361615+0926125 6558 83 4.66 0.21 -0.44 0.08 2.66 0.18 4.266 Trumpler5 0.9985
06361623+0925483 6055 65 4.25 0.18 -0.36 0.05 2.65 0.15 4.266 Trumpler5 0.9982
06361906+0928419 6605 83 3.39 0.22 -0.68 0.08 2.97 0.15 4.266 Trumpler5 0.9972
06361968+0933150 6446 71 4.07 0.21 -0.22 0.05 2.51 0.18 4.266 Trumpler5 0.9997
06361987+0928313 6491 63 4.37 0.18 -0.24 0.06 2.83 0.11 4.266 Trumpler5 0.9977
06362127+0934497 5537 81 3.24 0.22 -0.57 0.08 2.45 0.15 4.266 Trumpler5 0.9991
06362234+0932200 6455 64 4.05 0.17 -0.35 0.06 2.02 0.0 4.266 Trumpler5 0.9949
06362246+0930398 5610 65 4.01 0.17 -0.27 0.05 1.95 0.1 4.266 Trumpler5 0.9997
06362308+0926595 6464 66 4.05 0.18 -0.38 0.06 2.66 0.1 4.266 Trumpler5 0.9995
06362400+0927396 6329 65 4.48 0.17 -0.25 0.05 2.4 0.17 4.266 Trumpler5 0.9923
06362508+0936005 6522 65 4.09 0.18 -0.3 0.06 2.75 0.1 4.266 Trumpler5 0.9995
06362667+0931105 6780 82 4.42 0.22 -0.07 0.08 3.13 0.16 4.266 Trumpler5 0.9995
06362708+0932072 6052 84 3.06 0.22 -0.8 0.08 2.73 0.14 4.266 Trumpler5 0.9982
06362792+0926060 6289 81 4.47 0.22 -0.43 0.08 2.14 0.31 4.266 Trumpler5 0.9792
06363076+0927559 6653 83 4.06 0.22 -0.4 0.08 2.88 0.12 4.266 Trumpler5 0.9998
06363128+0931459 6386 63 4.15 0.18 -0.35 0.06 2.49 0.0 4.266 Trumpler5 0.9997
06363305+0934444 6288 83 4.24 0.22 -0.51 0.08 2.86 0.13 4.266 Trumpler5 0.9997
06363355+0933213 6374 66 4.16 0.18 -0.51 0.05 2.56 0.09 4.266 Trumpler5 0.9995
06363408+0933489 6642 82 3.84 0.22 -0.58 0.08 2.19 0.0 4.266 Trumpler5 0.9997
06363464+0931130 6466 64 4.32 0.18 -0.25 0.06 2.26 0.0 4.266 Trumpler5 0.9996
06363543+0931431 6749 106 4.27 0.33 0.19 0.09 2.94 0.34 4.266 Trumpler5 0.9986
06363635+0931571 6689 83 4.38 0.22 -0.4 0.07 2.64 0.0 4.266 Trumpler5 0.9997
06363664+0932132 6296 63 4.27 0.17 -0.51 0.05 2.6 0.16 4.266 Trumpler5 0.9943
06363826+0930535 6601 67 4.2 0.17 -0.28 0.05 2.16 0.0 4.266 Trumpler5 0.9992
06363843+0926460 6621 67 3.61 0.18 -0.34 0.05 2.87 0.12 4.266 Trumpler5 0.9997
06363860+0925269 6293 82 5 0.21 -0.65 0.07 2.48 0.17 4.266 Trumpler5 0.9966
06363916+0928247 6385 67 4.31 0.17 -0.49 0.05 2.63 0.1 4.266 Trumpler5 0.9991
06363945+0924520 6410 64 4.01 0.17 -0.52 0.05 1.92 0.0 4.266 Trumpler5 0.9843
06364286+0932223 6618 105 4.17 0.33 -0.35 0.1 2.17 0.0 4.266 Trumpler5 0.9992
06362930+0929452 4518 34 2.18 0.05 -0.43 0.04 -0.18 0.0 4.266 Trumpler5 0.9998
06354344+0927424 4928 64 3.04 0.17 -0.29 0.05 0.8 0.13 4.266 Trumpler5 0.9998
06355251+0931140 4827 64 2.78 0.17 -0.34 0.05 0.61 0.12 4.266 Trumpler5 0.9997
06355356+0926362 5211 65 3.71 0.18 -0.46 0.05 0.78 0.17 4.266 Trumpler5 0.9966
06355500+0927463 4955 64 2.98 0.18 -0.43 0.05 0.86 0.19 4.266 Trumpler5 0.9996
06355611+0932514 5700 63 3.74 0.17 -0.59 0.05 1.88 0.13 4.266 Trumpler5 0.9923
06355943+0930308 4606 65 2.17 0.17 -0.49 0.05 0.88 0.09 4.266 Trumpler5 0.9999
06360206+0934567 4582 64 2.18 0.17 -0.45 0.05 0.37 0.09 4.266 Trumpler5 0.9997
06360324+0923405 4972 65 2.87 0.17 -0.32 0.05 0.36 0.29 4.266 Trumpler5 0.9993
06360568+0923295 4692 64 2.37 0.17 -0.33 0.05 0.62 0.0 4.266 Trumpler5 0.9893
06361016+0917049 4966 65 3.13 0.18 -0.46 0.05 0.81 0.26 4.266 Trumpler5 0.9998
06361857+0929582 4937 67 3.01 0.17 -0.41 0.05 1.3 0.1 4.266 Trumpler5 0.9993
06362026+0928193 4804 65 2.86 0.18 -0.37 0.05 0.37 0.16 4.266 Trumpler5 0.9993
06362157+0918077 5054 63 3.28 0.18 -0.41 0.05 0.92 0.16 4.266 Trumpler5 0.9966
06362340+0931154 5053 64 3.21 0.17 -0.33 0.05 0.84 0.17 4.266 Trumpler5 0.9988
06362392+0928171 4885 62 2.91 0.17 -0.34 0.06 0.6 0.15 4.266 Trumpler5 0.9949
06362394+0926436 5086 65 3.2 0.17 -0.4 0.05 1 0.14 4.266 Trumpler5 0.9971
06362496+0927088 4751 64 2.82 0.17 -0.51 0.06 1.32 0.09 4.266 Trumpler5 0.9855
06362510+0931563 4649 66 2.23 0.17 -0.41 0.05 0.11 0.15 4.266 Trumpler5 0.9995
06362535+0928401 6342 64 4.07 0.17 -0.35 0.06 2.2 0.0 4.266 Trumpler5 0.9889
06362606+0931548 4390 66 1.93 0.17 -0.47 0.05 0.42 0.11 4.266 Trumpler5 0.9991
06362809+0925563 5137 65 3.65 0.17 -0.49 0.05 0.94 0.14 4.266 Trumpler5 0.9994
06362915+0936195 4976 66 2.97 0.18 -0.42 0.05 0.44 0.17 4.266 Trumpler5 0.9998
06362975+0931274 4858 63 2.93 0.17 -0.31 0.05 0.99 0.1 4.266 Trumpler5 0.9991
06363139+0922098 4899 65 2.83 0.17 -0.37 0.06 0.78 0.0 4.266 Trumpler5 0.9999
06363336+0932421 5481 62 3.63 0.17 -0.52 0.05 1.6 0.12 4.266 Trumpler5 0.9805
06363436+0926539 4588 64 2.11 0.17 -0.49 0.06 -0.38 0.29 4.266 Trumpler5 0.9986
06363575+0928060 5171 65 3.69 0.17 -0.56 0.05 0.87 0.15 4.266 Trumpler5 0.9995
06363678+0929173 4533 66 2.05 0.18 -0.5 0.05 0.58 0.1 4.266 Trumpler5 0.9977
06363799+0931160 4801 65 2.87 0.17 -0.36 0.05 1.14 0.09 4.266 Trumpler5 0.9993
06363851+0919297 4962 66 3.05 0.18 -0.49 0.06 0.51 0.2 4.266 Trumpler5 0.9999
06363996+0931309 5144 65 3.73 0.17 -0.54 0.05 0.6 0.28 4.266 Trumpler5 0.9996
06364070+0926485 4902 66 3.09 0.17 -0.55 0.05 0.61 0.17 4.266 Trumpler5 0.9999
06364206+0924341 4571 66 2.09 0.18 -0.36 0.05 0.61 0.09 4.266 Trumpler5 0.9985
06364254+0932232 4493 64 1.94 0.17 -0.54 0.06 -0.11 0.14 4.266 Trumpler5 0.9998
06364351+0922147 4572 66 2.11 0.18 -0.53 0.05 0.66 0.09 4.266 Trumpler5 0.9995
06364387+0924253 4976 64 2.97 0.17 -0.47 0.05 0.51 0.23 4.266 Trumpler5 0.969
06364731+0932596 4473 63 1.91 0.17 -0.53 0.05 -0.33 0.17 4.266 Trumpler5 0.9998
06364741+0919364 4907 66 2.95 0.18 -0.34 0.05 1.23 0.1 4.266 Trumpler5 0.9997
06365196+0932248 4437 63 1.97 0.17 -0.49 0.05 0.42 0.12 4.266 Trumpler5 0.9997
06365365+0927306 4944 65 2.93 0.17 -0.31 0.05 0.29 0.24 4.266 Trumpler5 0.9999
06365402+0927545 5123 63 3.19 0.17 -0.42 0.05 0.81 0.0 4.266 Trumpler5 0.9998
06365484+0930456 4986 65 3.2 0.18 -0.43 0.05 1.2 0.11 4.266 Trumpler5 0.9995
06365507+0927312 4923 65 3.01 0.17 -0.49 0.06 1.06 0.11 4.266 Trumpler5 0.9998
06365561+0922540 4974 65 3.12 0.18 -0.48 0.06 0.41 0.33 4.266 Trumpler5 0.9998
06365578+0921580 5137 76 3.79 0.18 -0.6 0.09 1.39 0.13 4.266 Trumpler5 0.956
06365710+0926134 6394 65 4.16 0.18 -0.22 0.05 2.49 0.16 4.266 Trumpler5 0.9998
06365798+0922413 6340 67 3.86 0.18 -0.2 0.05 2.42 0.18 4.266 Trumpler5 0.9964
06370086+0927395 4974 66 3.02 0.18 -0.46 0.05 0.63 0.13 4.266 Trumpler5 0.9996
06360411+0922174 6401 82 3.92 0.22 -0.21 0.07 2.39 0.0 4.266 Trumpler5 0.9996
06360719+0920290 6363 64 3.97 0.17 -0.57 0.05 2.29 0.0 4.266 Trumpler5 0.9996
06361088+0921383 6357 82 4.19 0.22 -0.42 0.08 2.37 0.0 4.266 Trumpler5 0.9826
06361198+0919310 6352 66 4.04 0.17 -0.59 0.05 2.18 0.26 4.266 Trumpler5 0.9998
06361584+0931288 6604 103 4.61 0.33 0.28 0.09 2.47 0.0 4.266 Trumpler5 0.9982
06361624+0922028 6024 84 3.27 0.21 -0.33 0.08 3.05 0.16 4.266 Trumpler5 0.9976
06361656+0927018 6287 64 4.22 0.17 -0.36 0.06 2.75 0.12 4.266 Trumpler5 0.9997
06361903+0923338 6499 82 3.87 0.22 -0.45 0.08 2.56 0.0 4.266 Trumpler5 0.9961
06361943+0929189 6361 84 4.3 0.22 -0.27 0.08 2.9 0.18 4.266 Trumpler5 0.9922
06361946+0927139 6282 65 3.68 0.17 -0.33 0.05 2.47 0.0 4.266 Trumpler5 0.9995
06361950+0930386 6181 82 4 0.22 -0.54 0.08 2.92 0.13 4.266 Trumpler5 0.997
06362026+0930227 5563 80 3.22 0.22 -0.98 0.07 1.92 0.25 4.266 Trumpler5 0.9993
06362050+0931401 5816 65 3.88 0.17 -0.5 0.05 1.9 0.13 4.266 Trumpler5 0.9976
06362121+0919574 6457 64 4 0.17 -0.45 0.05 2.84 0.09 4.266 Trumpler5 0.995
06362151+0923386 6148 81 3.88 0.22 -0.5 0.08 2.65 0.16 4.266 Trumpler5 0.9989
06362153+0925541 6274 81 3.79 0.22 -0.47 0.08 2.74 0.0 4.266 Trumpler5 0.993
06362171+0928544 5612 85 2.58 0.22 -0.9 0.07 2.46 0.16 4.266 Trumpler5 0.9839
06362173+0929100 6333 80 4.12 0.22 -0.33 0.08 2.84 0.12 4.266 Trumpler5 0.9998
06362178+0930428 6122 66 3.85 0.17 -0.74 0.06 2.51 0.17 4.266 Trumpler5 0.9994
06362196+0927307 6795 84 4.29 0.21 -0.55 0.08 2.88 0.17 4.266 Trumpler5 0.9992
06362213+0926508 6270 83 4.37 0.22 -0.33 0.07 2.05 0.0 4.266 Trumpler5 0.9963
06362223+0931557 5965 82 4.08 0.22 -0.45 0.08 2.77 0.16 4.266 Trumpler5 0.9992
06362245+0926351 6611 64 4.2 0.18 -0.11 0.05 2.63 0.19 4.266 Trumpler5 0.9974
06362262+0923071 6305 80 3.4 0.22 -0.17 0.08 3.26 0.14 4.266 Trumpler5 0.9992
06362322+0923206 6487 66 4.01 0.18 -0.47 0.05 2.87 0.1 4.266 Trumpler5 0.9966
06362526+0926040 6340 65 3.69 0.17 -0.53 0.05 2.77 0.09 4.266 Trumpler5 0.9997
06362594+0930083 6165 95 3.08 0.27 -0.71 0.16 3.02 0.17 4.266 Trumpler5 0.997
06362598+0928222 6338 65 4.42 0.17 -0.34 0.05 2.67 0.17 4.266 Trumpler5 0.9993
06362616+0926286 6176 82 4.78 0.22 -0.76 0.07 2.29 0.0 4.266 Trumpler5 0.9995
06362729+0927269 6451 66 4.24 0.18 -0.38 0.05 2.6 0.26 4.266 Trumpler5 0.9995
06362845+0929318 6192 65 4.19 0.18 -0.62 0.06 2.2 0.0 4.266 Trumpler5 0.9993
06362849+0930073 6173 67 4.16 0.18 -0.66 0.05 2.4 0.15 4.266 Trumpler5 0.9997
06362891+0927306 6487 80 4.37 0.22 -0.56 0.08 2.59 0.21 4.266 Trumpler5 0.9826
06362908+0926372 6583 81 4.2 0.21 -0.54 0.08 2.45 0.0 4.266 Trumpler5 0.9987
06362958+0924256 6460 83 4.57 0.22 -0.15 0.08 2.33 0.0 4.266 Trumpler5 0.9995
06362958+0928545 6589 83 3.97 0.22 -0.01 0.08 2.33 0.0 4.266 Trumpler5 0.9795
06363071+0927478 6002 84 4.3 0.22 -0.52 0.07 2.3 0.35 4.266 Trumpler5 0.9807
06363159+0926165 6570 65 3.88 0.18 -0.52 0.06 2.18 0.0 4.266 Trumpler5 0.9835
06363188+0923308 6810 104 4.17 0.34 -0.13 0.09 2.56 0.0 4.266 Trumpler5 0.995
06363222+0926251 5690 82 3.53 0.22 -0.25 0.08 2.27 0.21 4.266 Trumpler5 0.9924
06363273+0925010 6355 86 3.62 0.22 -0.28 0.07 2.69 0.25 4.266 Trumpler5 0.9864
06363303+0926140 6470 84 4 0.22 -0.58 0.08 2.43 0.0 4.266 Trumpler5 0.9996
06363327+0928194 6499 101 3.81 0.25 -0.55 0.15 2.71 0.0 4.266 Trumpler5 0.9996
06363331+0924470 6413 82 4.17 0.33 -0.49 0.08 3.05 0.22 4.266 Trumpler5 0.9599
06363411+0925252 6515 85 3.96 0.22 -0.32 0.08 3.38 0.18 4.266 Trumpler5 0.9965
06363433+0928362 6249 66 4.14 0.17 -0.71 0.05 2.29 0.27 4.266 Trumpler5 0.9986
06363454+0928129 6528 64 3.99 0.18 -0.55 0.05 2.08 0.0 4.266 Trumpler5 0.9998
06363513+0929296 6352 82 3.83 0.22 -0.09 0.08 2.97 0.17 4.266 Trumpler5 0.9957
06363520+0929521 6288 65 4.16 0.18 -0.6 0.05 2.31 0.2 4.266 Trumpler5 0.9996
06363582+0930398 6397 64 4.16 0.17 -0.53 0.06 3.06 0.11 4.266 Trumpler5 0.9751
06363594+0927016 6016 83 3.53 0.21 -0.62 0.08 2.63 0.19 4.266 Trumpler5 0.9996
06363656+0928535 6356 66 4.31 0.17 -0.68 0.06 2.49 0.19 4.266 Trumpler5 0.9958
06363658+0930162 5905 67 3.37 0.18 -0.28 0.05 2.13 0.0 4.266 Trumpler5 0.9976
06363683+0926017 6086 82 3.45 0.21 -0.32 0.08 2.65 0.16 4.266 Trumpler5 0.9994
06363705+0928181 6373 80 4.75 0.22 -0.44 0.08 2.67 0.21 4.266 Trumpler5 0.9986
06363964+0923558 6396 82 3.61 0.22 -0.55 0.08 3.14 0.09 4.266 Trumpler5 0.9997
06364049+0928353 6279 66 4.32 0.17 -0.42 0.05 2.43 0.18 4.266 Trumpler5 0.9995
06364059+0925007 6342 77 4.07 0.18 -0.49 0.1 2.71 0.11 4.266 Trumpler5 0.9998
06364146+0931334 6465 83 4.08 0.22 -0.25 0.08 2.73 0.29 4.266 Trumpler5 0.9777
06364214+0929439 6416 65 4.07 0.17 -0.6 0.05 2.5 0.21 4.266 Trumpler5 0.999
06364235+0930019 5253 64 3.61 0.17 -0.4 0.06 1.37 0.18 4.266 Trumpler5 0.9998
06364262+0925241 6021 82 3.87 0.22 -0.6 0.08 2.03 0.0 4.266 Trumpler5 0.9967
06364311+0930416 5910 82 3 0.22 -0.67 0.08 2.57 0.14 4.266 Trumpler5 0.9987
06364350+0925040 6819 98 3.55 0.26 -0.51 0.15 2.56 0.0 4.266 Trumpler5 0.9995
06364410+0929426 6520 82 4.04 0.22 -0.3 0.08 2.79 0.16 4.266 Trumpler5 0.999
06364420+0931532 6146 82 3.22 0.21 -0.55 0.08 2.4 0.33 4.266 Trumpler5 0.9986
06364451+0930001 5671 84 3.64 0.22 -0.43 0.08 2.61 0.14 4.266 Trumpler5 0.9984
06364473+0931396 6194 80 3.8 0.22 -0.11 0.08 2.47 0.24 4.266 Trumpler5 0.998
06364528+0927477 6633 84 4.72 0.22 -0.25 0.08 3.06 0.15 4.266 Trumpler5 0.9972
06364552+0931333 6175 81 4.04 0.21 -0.3 0.07 2.65 0.14 4.266 Trumpler5 0.9992
06364626+0931274 6342 83 3.87 0.21 -0.14 0.08 3.17 0.15 4.266 Trumpler5 0.9994
06365188+0927185 6634 83 3.97 0.21 -0.24 0.07 2.83 0.24 4.266 Trumpler5 0.9998
06365213+0931068 6722 81 4.35 0.22 0.03 0.08 2.98 0.17 4.266 Trumpler5 0.9997
06365782+0930350 6639 84 4.29 0.22 -0.26 0.08 2.28 0.0 4.266 Trumpler5 0.9997
06364702+0928015 6577 88 4.39 0.22 -0.41 0.08 3.12 0.15 4.266 Trumpler5 0.9964
06354951+0928126 6356 69 4.52 0.18 -0.43 0.05 2.63 0.16 4.266 Trumpler5 0.9998
06355070+0923145 4953 66 2.98 0.17 -0.4 0.05 0.64 0.15 4.266 Trumpler5 0.9996
06355481+0932373 6434 63 4 0.18 -0.47 0.06 2.85 0.11 4.266 Trumpler5 0.9997
06360148+0926080 6435 66 4.2 0.18 -0.38 0.05 3.05 0.08 4.266 Trumpler5 0.9997
06360350+0929443 6455 82 4.82 0.23 0.05 0.08 3.01 0.17 4.266 Trumpler5 0.9985
06360390+0922472 6551 81 4.4 0.22 -0.29 0.08 2.88 0.19 4.266 Trumpler5 0.9996
06360505+0929253 6233 83 3.13 0.22 -0.76 0.08 2.81 0.14 4.266 Trumpler5 0.9995
06360574+0931067 6876 85 3.83 0.23 -0.1 0.08 3.18 0.2 4.266 Trumpler5 0.9996
06360666+0928170 5858 83 4.56 0.22 -0.88 0.07 2.01 0.0 4.266 Trumpler5 0.9985
06360762+0926564 6424 67 4.05 0.18 -0.33 0.05 2.67 0.09 4.266 Trumpler5 0.9996
06360913+0931561 6549 82 4.71 0.21 -0.34 0.08 2.81 0.0 4.266 Trumpler5 0.9994
06360923+0923272 6367 82 4.29 0.22 -0.52 0.08 2.4 0.0 4.266 Trumpler5 0.9995
06360983+0926122 6681 84 4.84 0.22 -0.17 0.08 2.72 0.0 4.266 Trumpler5 0.9996
06361362+0923038 6638 65 4.19 0.18 -0.36 0.05 2.51 0.0 4.266 Trumpler5 0.9981
06361373+0926127 6395 86 4.72 0.22 -0.6 0.07 2.72 0.17 4.266 Trumpler5 0.9997
06361379+0931394 5775 67 4.39 0.17 -0.3 0.05 2.52 0.16 4.266 Trumpler5 0.9987
06361598+0925562 6499 64 4.12 0.17 -0.34 0.06 2.49 0.13 4.266 Trumpler5 0.9995
06361636+0927207 6437 65 4.05 0.17 -0.27 0.05 2.74 0.15 4.266 Trumpler5 0.9997
06361671+0925443 6556 66 4.05 0.18 -0.37 0.06 2.54 0.18 4.266 Trumpler5 0.9992
06361830+0923505 6693 66 4.1 0.17 -0.17 0.05 2.17 0.0 4.266 Trumpler5 0.9998
06361887+0924234 6568 83 3.92 0.22 -0.14 0.08 2.66 0.0 4.266 Trumpler5 0.995
06361940+0931370 6492 83 4.13 0.22 -0.44 0.08 2.69 0.0 4.266 Trumpler5 0.9994
06362370+0932446 6574 66 3.94 0.18 -0.32 0.05 2.91 0.12 4.266 Trumpler5 0.9968
06362404+0930514 6843 82 3.8 0.21 -0.42 0.08 2.37 0.0 4.266 Trumpler5 0.9993
06362452+0926480 6325 66 3.98 0.17 -0.21 0.05 2.64 0.12 4.266 Trumpler5 0.9973
06362547+0933342 4879 65 2.9 0.18 -0.38 0.05 1.13 0.09 4.266 Trumpler5 0.9987
06362651+0927537 6691 80 4.2 0.22 -0.27 0.07 2.97 0.14 4.266 Trumpler5 0.983
06362828+0928226 6379 83 4.16 0.22 -0.07 0.08 2.78 0.19 4.266 Trumpler5 0.9996
06362889+0931580 6675 83 4.52 0.22 -0.13 0.08 2.86 0.19 4.266 Trumpler5 0.9998
06362913+0927565 6197 63 4.61 0.17 -0.64 0.06 2.53 0.17 4.266 Trumpler5 0.9998
06362923+0928130 6328 83 3.69 0.22 -0.34 0.08 2.42 0.25 4.266 Trumpler5 0.9997
06363030+0931434 6342 66 4.24 0.17 -0.54 0.05 2.45 0.18 4.266 Trumpler5 0.9992
06363050+0929395 5867 66 4.42 0.17 -0.78 0.05 2.44 0.13 4.266 Trumpler5 0.9939
06363121+0928039 6342 65 4.37 0.17 -0.41 0.05 2.99 0.15 4.266 Trumpler5 0.9996
06363278+0927238 6293 83 3.82 0.22 -0.28 0.07 2.61 0.0 4.266 Trumpler5 0.9912
06363325+0929169 6866 86 3.81 0.21 -0.46 0.08 3.08 0.18 4.266 Trumpler5 0.9877
06363367+0932318 6534 82 4.25 0.22 -0.78 0.08 2.36 0.0 4.266 Trumpler5 0.9996
06363466+0931306 5093 64 3.88 0.17 -0.5 0.05 0.75 0.18 4.266 Trumpler5 0.9984
06363593+0927222 6198 68 4.1 0.17 -0.42 0.05 2.66 0.07 4.266 Trumpler5 0.9987
06363849+0931304 6682 83 4.36 0.22 -0.01 0.07 2.43 0.0 4.266 Trumpler5 0.9991
06363937+0929230 6661 83 4.72 0.22 -0.26 0.08 2.76 0.25 4.266 Trumpler5 0.9985
06364197+0931148 6439 83 3.75 0.22 -0.34 0.08 2.61 0.41 4.266 Trumpler5 0.996
06365098+0930126 6009 68 4.47 0.17 -0.32 0.06 2.52 0.12 4.266 Trumpler5 0.9948
06355514+0926069 4928 33 2.49 0.05 -0.35 0.04 -0.52 0.0 4.266 Trumpler5 0.9997
06360199+0932398 4904 33 2.8 0.05 -0.28 0.04 0.79 0.07 4.266 Trumpler5 0.9999
06360333+0928126 4862 33 2.52 0.05 -0.39 0.04 0.36 0.0 4.266 Trumpler5 0.9999
06362067+0932132 4395 33 1.89 0.06 -0.38 0.04 -0.15 0.06 4.266 Trumpler5 0.9998
06362591+0934221 5063 33 2.5 0.05 -0.35 0.04 0.13 0.0 4.266 Trumpler5 0.9998
06363924+0923230 5051 33 2.49 0.05 -0.36 0.04 -0.09 0.0 4.266 Trumpler5 0.9997
06364614+0936246 4896 32 2.76 0.05 -0.34 0.04 0.77 0.09 4.266 Trumpler5 0.9998
06355161+0927011 5246 79 3.55 0.22 -0.7 0.08 1.62 0.0 4.266 Trumpler5 0.9987
06360090+0929243 5993 82 3.58 0.22 -0.73 0.08 2.15 0.0 4.266 Trumpler5 0.9799
06360350+0926370 6634 82 3.7 0.22 -0.48 0.08 2.29 0.0 4.266 Trumpler5 0.9961
06360510+0933460 6355 64 3.92 0.17 -0.7 0.05 2.57 0.12 4.266 Trumpler5 0.9998
06360732+0929078 6309 66 4.25 0.17 -0.75 0.05 2.59 0.12 4.266 Trumpler5 0.9999
06360836+0927561 6042 65 3.45 0.17 -0.73 0.06 3.06 0.08 4.266 Trumpler5 0.9998
06361116+0931325 5772 84 4.52 0.21 -0.54 0.08 2.29 0.25 4.266 Trumpler5 0.9992
06361233+0930473 6377 67 4.33 0.17 -0.77 0.06 2.79 0.1 4.266 Trumpler5 0.9985
06361304+0931533 6558 66 3.69 0.17 -0.25 0.06 3.15 0.09 4.266 Trumpler5 0.9996
06361566+0925501 6437 83 4.52 0.22 -0.75 0.08 3.13 0.15 4.266 Trumpler5 0.9996
06361573+0929123 6459 84 3.97 0.22 -0.27 0.08 2.26 0.0 4.266 Trumpler5 0.9996
06361599+0924008 6857 81 3.68 0.21 -0.65 0.08 3.11 0.0 4.266 Trumpler5 0.9995
06361643+0925141 6446 84 3.74 0.21 -0.34 0.08 2.62 0.25 4.266 Trumpler5 0.9997
06361740+0928306 6195 81 3.81 0.22 -0.37 0.08 2.34 0.0 4.266 Trumpler5 0.999
06361871+0933244 6012 83 4.67 0.22 -0.42 0.08 2.4 0.26 4.266 Trumpler5 0.9993
06361957+0925330 6281 67 4.25 0.18 -0.42 0.05 2.02 0.0 4.266 Trumpler5 0.9993
06362044+0926081 6086 64 4.08 0.17 -0.53 0.05 2.44 0.22 4.266 Trumpler5 0.9991
06362100+0925496 6201 82 3.85 0.22 -0.2 0.08 2.29 0.0 4.266 Trumpler5 0.9986
06362181+0928030 6213 66 4.07 0.17 -0.26 0.05 3.27 0.09 4.266 Trumpler5 0.9998
06362266+0933203 6254 82 4.5 0.22 -0.3 0.08 3.09 0.18 4.266 Trumpler5 0.9952
06362333+0926348 6454 84 4.51 0.22 -0.49 0.08 2.73 0.14 4.266 Trumpler5 0.9993
06362410+0931291 6268 82 4.17 0.22 -0.57 0.08 2.43 0.0 4.266 Trumpler5 0.9823
06362521+0933059 5198 81 3.01 0.22 -0.51 0.08 2.02 0.18 4.266 Trumpler5 0.9889
06362565+0926460 6503 82 3.96 0.22 -0.29 0.08 2.4 0.0 4.266 Trumpler5 0.9997
06362616+0929213 5823 81 3.41 0.23 -0.98 0.08 2.27 0.16 4.266 Trumpler5 0.9989
06362655+0931078 6392 80 3.52 0.21 -0.36 0.08 2.45 0.0 4.266 Trumpler5 0.9998
06362694+0927089 6833 106 4.26 0.33 -0.03 0.1 3.08 0.28 4.266 Trumpler5 0.999
06362727+0931504 6203 66 4.49 0.18 -0.28 0.05 2.29 0.23 4.266 Trumpler5 0.9949
06362826+0926239 6476 84 3.69 0.21 -0.25 0.08 2.93 0.17 4.266 Trumpler5 0.9985
06362827+0931255 5986 82 4.62 0.22 -0.43 0.08 2.36 0.18 4.266 Trumpler5 0.9993
06362877+0927063 6410 85 3.58 0.22 -0.47 0.08 2.67 0.0 4.266 Trumpler5 0.9995
06362879+0927210 6877 84 4.41 0.22 -0.07 0.07 3.01 0.29 4.266 Trumpler5 0.9996
06362917+0925540 5854 63 4.15 0.17 -0.41 0.05 1.93 0.16 4.266 Trumpler5 0.9998
06362953+0933069 6102 82 3.07 0.22 -0.78 0.08 2.62 0.27 4.266 Trumpler5 0.9997
06362977+0932132 5493 64 3.75 0.18 -0.37 0.05 1.96 0.12 4.266 Trumpler5 0.9997
06362991+0926198 6640 80 3.97 0.22 -0.3 0.08 2.89 0.14 4.266 Trumpler5 0.9989
06363236+0933277 6268 64 3.74 0.17 -0.53 0.05 2.34 0.22 4.266 Trumpler5 0.9984
06363280+0929014 6757 83 3.71 0.22 -0.17 0.08 3.49 0.17 4.266 Trumpler5 0.9997
06363363+0932410 6292 82 3.77 0.21 -0.24 0.08 2.68 0.0 4.266 Trumpler5 0.9996
06363450+0926060 6791 84 3.64 0.22 -0.51 0.08 2.74 0.2 4.266 Trumpler5 0.9999
06363493+0929053 6784 82 3.96 0.22 -0.44 0.08 2.77 0.0 4.266 Trumpler5 0.999
06363637+0925070 6877 105 4.49 0.33 -0.16 0.09 2.53 0.0 4.266 Trumpler5 0.9971
06363639+0930530 6417 64 4.15 0.18 -0.39 0.05 3.07 0.08 4.266 Trumpler5 0.9998
06363663+0928473 5798 98 2.5 0.27 -1.29 0.15 2.94 0.19 4.266 Trumpler5 0.9982
06363669+0925561 5977 65 3.94 0.18 -0.53 0.05 2.22 0.0 4.266 Trumpler5 0.9997
06363719+0926118 6282 81 4.23 0.22 -0.23 0.08 2.54 0.0 4.266 Trumpler5 0.9921
06363852+0929335 5192 64 3.95 0.17 -0.36 0.05 1.27 0.18 4.266 Trumpler5 0.9998
06363977+0929249 6283 95 3.96 0.26 -0.34 0.15 2.6 0.0 4.266 Trumpler5 0.9983
06363986+0927137 6574 84 3.84 0.21 -0.26 0.08 2.92 0.24 4.266 Trumpler5 0.9879
06363996+0927506 6821 102 4.32 0.26 -0.72 0.16 3.19 0.21 4.266 Trumpler5 0.9998
06364008+0930248 6416 81 3.37 0.21 -0.59 0.07 2.8 0.14 4.266 Trumpler5 0.9994
06364135+0926298 6662 82 4.01 0.22 -0.66 0.08 3.01 0.15 4.266 Trumpler5 0.9998
06364223+0927357 6342 82 4.22 0.22 -0.46 0.07 2.69 0.21 4.266 Trumpler5 0.9997
06364227+0929072 6512 81 4.07 0.21 -0.05 0.08 2.8 0.23 4.266 Trumpler5 0.9997
06364401+0926520 5693 92 3.2 0.26 -0.4 0.15 2.25 0.0 4.266 Trumpler5 0.9981
06364550+0926046 5132 66 3.3 0.17 -0.57 0.05 1.54 0.13 4.266 Trumpler5 0.9998
06364704+0926533 5852 80 4.12 0.22 -0.31 0.08 2.74 0.23 4.266 Trumpler5 0.9991
06365015+0929557 6187 66 3.83 0.17 -0.6 0.06 2.49 0.21 4.266 Trumpler5 0.9995
06355784+0929176 5039 33 2.48 0.05 -0.37 0.04 0.13 0.0 4.266 Trumpler5 0.9999
06360816+0931220 5023 34 2.45 0.05 -0.38 0.04 -0.45 0.0 4.266 Trumpler5 0.9999
06363311+0926310 4864 32 2.69 0.05 -0.33 0.04 0.84 0.05 4.266 Trumpler5 0.9999
06363598+0927352 4860 34 2.75 0.05 -0.32 0.04 1.24 0.04 4.266 Trumpler5 0.9998
06364020+0929478 4963 32 2.5 0.05 -0.37 0.04 4.08 0.05 4.266 Trumpler5 0.9998
06354551+0933214 5445 80 2.97 0.22 -1.22 0.08 2.18 0.17 4.266 Trumpler5 0.9974
06354924+0929126 6319 66 4.18 0.17 -0.53 0.05 2.09 0.0 4.266 Trumpler5 0.9996
06355107+0931164 5976 79 3.32 0.22 -1.13 0.08 2.37 0.16 4.266 Trumpler5 0.9994
06355110+0925391 5663 83 3.25 0.22 -0.76 0.08 2.31 0.21 4.266 Trumpler5 0.9992
06355367+0926164 6192 78 4 0.18 -0.85 0.09 2.9 0.09 4.266 Trumpler5 0.9996
06355389+0924267 6117 64 3.68 0.18 -0.69 0.05 2.59 0.13 4.266 Trumpler5 0.9997
06355407+0928116 5788 80 3.4 0.22 -0.71 0.07 2.8 0.16 4.266 Trumpler5 0.9995
06355701+0922045 5760 82 3.85 0.22 -0.4 0.08 2.56 0.17 4.266 Trumpler5 0.9995
06355727+0924359 6062 65 3.96 0.17 -0.74 0.05 2.23 0.18 4.266 Trumpler5 0.999
06355832+0922354 6601 66 4.06 0.17 -0.24 0.05 2.8 0.0 4.266 Trumpler5 0.9994
06360036+0929499 5882 82 4.58 0.22 -0.31 0.08 2.83 0.13 4.266 Trumpler5 0.9997
06360207+0923577 6118 83 3.72 0.22 -0.88 0.08 2.59 0.15 4.266 Trumpler5 0.999
06360248+0926474 6278 64 4.08 0.17 -0.52 0.05 2.13 0.21 4.266 Trumpler5 0.9998
06360312+0932540 6287 66 4.26 0.18 -0.58 0.05 2.69 0.11 4.266 Trumpler5 0.9992
06360336+0933429 6478 81 4.87 0.21 -0.32 0.08 3.09 0.15 4.266 Trumpler5 0.9996
06360387+0931103 6178 65 3.79 0.18 -0.61 0.06 1.83 0.0 4.266 Trumpler5 0.9995
06360392+0923151 6217 65 3.89 0.17 -0.44 0.05 2.39 0.17 4.266 Trumpler5 0.9978
06360437+0922359 6436 85 3.67 0.22 -0.56 0.08 2.78 0.15 4.266 Trumpler5 0.997
06360492+0933298 6445 66 4.22 0.17 -0.54 0.05 2.36 0.28 4.266 Trumpler5 0.9978
06360534+0931107 6334 81 4.96 0.22 -0.07 0.07 3.05 0.17 4.266 Trumpler5 0.9993
