OBJECT TEFF E_TEFF LOGG E_LOGG FEH E_FEH LI1 E_LI1 "AGE (Gyr)" GES_FLD MEM3D
10435350-5932012 4662 81 2.8 0.44 -0.08 0.1 3.58 0.19 0.003 Trumpler14 0.9856
10441080-5940135 4192.58 117.7 3.71 0.33 -0.16 0.17 3.48 0.21 0.003 Trumpler14 0.9804
10434581-5929497 5851 82 4.08 0.22 -0.07 0.09 3.53 0.1 0.003 Trumpler14 0.9909
10440180-5930080 4614 93 3.31 0.41 -0.01 0.09 3.6 0.21 0.003 Trumpler14 0.9755
10444160-5938417 4494.24 185.77 1.9 0.68 -0.86 0.22 3.5 0.38 0.003 Trumpler14 0.9714
10444976-5942081 5379 82 4.6 0.23 0.07 0.08 4.06 0.17 0.003 Trumpler14 0.9509
10445212-5945154 4560 95 3.95 0.72 -0.32 0.18 3.88 0.37 0.003 Trumpler14 0.9906
10445684-5946446 5009 84 2.99 0.23 0.01 0.06 1.14 0.0 0.003 Trumpler14 0.9857
10450960-5940433 5216 82 3.39 0.29 -0.19 0.09 3.48 0.13 0.003 Trumpler14 0.9907
10451108-5944572 5270 83 4.07 0.24 0.06 0.08 3.93 0.14 0.003 Trumpler14 0.9899
10452140-5939285 4551.03 152 2.4 0.47 0.01 0.11 3.23 0.45 0.003 Trumpler14 0.9788
10434389-5935564 5532 94 3.57 0.5 -0.05 0.13 4.28 0.18 0.003 Trumpler14 0.9756
10434610-5934384 4591 95 4.21 0.53 -0.25 0.16 3.2 0.23 0.003 Trumpler14 0.9875
10435187-5935503 5165 94 4.01 0.44 0.07 0.1 3.81 0.17 0.003 Trumpler14 0.9688
10435620-5935326 5686 94 3.26 0.38 0.22 0.1 3.49 0.18 0.003 Trumpler14 0.9876
10441650-5935440 4314.64 128.72 3.51 0.38 0.25 0.12 3.02 0.18 0.003 Trumpler14 0.9863
10441921-5931510 4224.68 103.41 3.12 0.25 0.31 0.09 3.74 0.12 0.003 Trumpler14 0.9819
10442582-5933541 5074 94 2.9 0.4 0.13 0.09 4.07 0.18 0.003 Trumpler14 0.9798
10452127-5935464 5259 94 4.92 0.56 -0.14 0.13 3.74 0.17 0.003 Trumpler14 0.9849
10442540-5943549 4714 96 4.28 0.61 -0.23 0.14 3.74 0.3 0.003 Trumpler14 0.9862
10450780-5940264 3984.58 89.28 3.09 0.21 -0.04 0.13 3.81 0.23 0.003 Trumpler14 0.9804
10433677-5936482 4643 83 4.63 0.24 -0.04 0.08 1.9 0.13 0.003 Trumpler14 0.9884
10440091-5933513 4322.5 99.12 4.69 0.1 -0.02 0.07 3.14 0.11 0.003 Trumpler14 0.9854
10441795-5943570 4665 97 3.82 0.54 -0.04 0.12 4.04 0.3 0.003 Trumpler14 0.9797
10445306-5944483 6941 99 3.99 0.34 0.32 0.15 3.14 0.15 0.003 Trumpler14 0.9752
10451304-5933369 5829 96 5.02 0.58 -0.03 0.16 4.64 0.26 0.003 Trumpler14 0.9818
10444969-5945033 4985 95 3.09 0.57 0.02 0.13 3.64 0.25 0.003 Trumpler14 0.9814
10451284-5945040 5927 82 4.33 0.2 -0.03 0.09 3.39 0.11 0.003 Trumpler14 0.9716
10442470-5945551 5982 85 4.23 0.18 0.11 0.08 3.79 0.11 0.003 Trumpler14 0.9855
10443560-5943390 4718 82 2.69 0.11 -0.04 0.06 0.46 0.17 0.003 Trumpler14 0.9504
10451490-5944416 4478.17 153.07 3.37 0.42 0.32 0.11 3.22 0.22 0.003 Trumpler14 0.9838
10452849-5942469 4545.77 149.21 2.86 0.47 0.43 0.1 3.6 0.27 0.003 Trumpler14 0.9903
10454892-5938076 6327 95 3.67 0.42 0.15 0.15 2.25 0.0 0.003 Trumpler14 0.9663
10434013-5933561 4945 95 3.25 0.58 -0.08 0.14 3.34 0.2 0.003 Trumpler14 0.9863
10434698-5933182 4986 80 2.89 0.25 -0.04 0.07 3.41 0.15 0.003 Trumpler14 0.9842
10434757-5933405 4522.94 157.47 4.23 0.51 -0.3 0.18 3.16 0.3 0.003 Trumpler14 0.9712
10441031-5930011 4713 95 2.54 0.47 -0.18 0.11 3.78 0.2 0.003 Trumpler14 0.9597
10441951-5943519 4723 96 3.32 0.54 -0.08 0.12 3.79 0.2 0.003 Trumpler14 0.9715
10434190-5933530 5094 93 2.87 0.43 0.16 0.1 3.86 0.18 0.003 Trumpler14 0.9847
10434878-5932357 4662 81 2.67 0.24 0.15 0.09 3.38 0.16 0.003 Trumpler14 0.9821
10442014-5943396 5068 96 3.19 0.47 -0.21 0.12 4.53 0.21 0.003 Trumpler14 0.9735
10445507-5948244 5919 93 3.33 0.47 0.11 0.14 3.71 0.19 0.003 Trumpler14 0.9922
10433196-5933564 5629 92 3.29 0.54 -0.1 0.15 2.59 0.15 0.003 Trumpler14 0.9657
